178.41 1.46131 0.176279
178.791 1.47056 0.177395
179.172 1.47975 0.178503
179.553 0.573646 0.573646
179.934 0.392578 0.392578
180.316 1.1547 1.1547
180.697 0.428034 0.428034
181.078 0.387357 0.387357
181.459 0.408695 0.408695
181.84 0.331231 0.331231
182.221 0.731994 0.731994
182.602 0.210537 0.210537
182.983 -0.297296 -0.297296
183.364 -0.0648932 -0.0648932
183.744 0.396273 0.0675051
184.125 0.261365 0.0445236
184.506 0.573845 0.059062
184.887 0.328733 0.0354812
185.268 0.521391 0.050016
185.648 0.637383 0.050124
186.029 0.658346 0.0470367
186.41 0.558993 0.0398803
186.791 0.524233 0.0378985
187.171 0.54125 0.0354638
187.552 0.582446 0.0324444
187.932 0.570111 0.0319838
188.313 0.509656 0.0275974
188.694 0.525979 0.0281776
189.074 0.540764 0.0277933
189.455 0.529587 0.0280303
189.835 0.57677 0.0280475
190.216 0.586884 0.0284063
190.596 0.540588 0.0264126
190.977 0.533627 0.0262511
191.357 0.626228 0.028903
191.737 0.648423 0.0293137
192.118 0.612257 0.0271336
192.498 0.596492 0.0267499
192.878 0.648877 0.028349
193.258 0.595047 0.026995
193.639 0.607338 0.0270214
194.019 0.650727 0.0277903
194.399 0.602095 0.0267131
194.779 0.592699 0.0267326
195.159 0.69455 0.0293302
195.54 0.615938 0.0268518
195.92 0.672846 0.0291759
196.3 0.685305 0.0294813
196.68 0.725482 0.0304523
197.06 0.67049 0.0286344
197.44 0.655808 0.0286207
197.82 0.684171 0.0290687
198.2 0.652504 0.0273753
198.58 0.631653 0.0270179
198.959 0.68732 0.0290396
199.339 0.683285 0.0297556
199.719 0.660931 0.0285681
200.099 0.691146 0.0293953
200.479 0.621097 0.0267612
200.858 0.667038 0.0288932
201.238 0.645828 0.0275955
201.618 0.693265 0.0291729
201.998 0.681149 0.02915
202.377 0.679767 0.0290456
202.757 0.644933 0.027847
203.136 0.69114 0.028953
203.516 0.730087 0.0305241
203.896 0.756858 0.0309169
204.275 0.794878 0.033618
204.655 0.708626 0.0293662
205.034 0.702291 0.0301332
205.414 0.754726 0.0303878
205.793 0.651506 0.0273334
206.172 0.740502 0.0306275
206.552 0.712477 0.029569
206.931 0.758709 0.0307606
207.31 0.688936 0.028564
207.69 0.660741 0.028365
208.069 0.671987 0.0279842
208.448 0.698497 0.0289888
208.827 0.724499 0.0288156
209.207 0.745542 0.0298403
209.586 0.78445 0.0302025
209.965 0.796525 0.0307319
210.344 0.759353 0.0300544
210.723 0.750293 0.0299221
211.102 0.751971 0.0290373
211.481 0.749374 0.0295157
211.86 0.794686 0.0306737
212.239 0.739381 0.0282546
212.618 0.7382 0.0286877
212.997 0.708665 0.0279614
213.376 0.723593 0.0278358
213.755 0.765732 0.0286412
214.134 0.805246 0.0302271
214.513 0.750697 0.0281345
214.891 0.813426 0.0300473
215.27 0.772224 0.0285803
215.649 0.811666 0.0293874
216.028 0.753249 0.027878
216.406 0.742561 0.0268755
216.785 0.776958 0.0281204
217.164 0.738151 0.0265978
217.542 0.829307 0.0288041
217.921 0.778653 0.0278335
218.3 0.738682 0.0259046
218.678 0.780924 0.0271885
219.057 0.804228 0.0276058
219.435 0.785367 0.0268073
219.814 0.729308 0.0250341
220.192 0.780715 0.0265353
220.57 0.838891 0.0278314
220.949 0.756874 0.0255424
221.327 0.846283 0.0272441
221.705 0.829586 0.0263924
222.084 0.796895 0.0255498
222.462 0.835759 0.0258827
222.84 0.82081 0.0253582
223.218 0.788021 0.0246247
223.597 0.813838 0.0245814
223.975 0.821461 0.0244504
224.353 0.828609 0.0243795
224.731 0.768709 0.0225951
225.109 0.824013 0.0235553
225.487 0.809788 0.0229185
225.865 0.823934 0.0230864
226.243 0.781375 0.0217696
226.621 0.809974 0.0218282
226.999 0.811617 0.0217708
227.377 0.772701 0.0206521
227.755 0.806551 0.0211422
228.133 0.831497 0.021365
228.511 0.851675 0.0215133
228.889 0.833809 0.0206643
229.266 0.812728 0.0199747
229.644 0.846071 0.0202486
230.022 0.856887 0.020452
230.4 0.824751 0.0195214
230.777 0.820413 0.0191458
231.155 0.850827 0.019521
231.533 0.84655 0.0190286
231.91 0.83524 0.0186749
232.288 0.836033 0.0183715
232.665 0.819097 0.0179776
233.043 0.832112 0.0179354
233.42 0.824806 0.0176197
233.798 0.866976 0.0180283
234.175 0.842114 0.0174925
234.553 0.837912 0.0172656
234.93 0.84994 0.0171702
235.307 0.854662 0.0171386
235.685 0.86899 0.0169975
236.062 0.847729 0.0165451
236.439 0.847259 0.016472
236.816 0.822132 0.0159437
237.194 0.871372 0.0163748
237.571 0.83621 0.0157894
237.948 0.833868 0.0156201
238.325 0.882588 0.0160136
238.702 0.868724 0.0157791
239.079 0.843921 0.015173
239.456 0.856787 0.0152923
239.833 0.864352 0.0152268
240.21 0.863978 0.0151154
240.587 0.843095 0.0147464
240.964 0.851835 0.014723
241.341 0.846432 0.0145492
241.718 0.839396 0.0141405
242.095 0.853927 0.0143786
242.472 0.858744 0.0142876
242.849 0.85843 0.0142996
243.225 0.855083 0.0140572
243.602 0.860329 0.0140498
243.979 0.855127 0.0139225
244.356 0.838585 0.0135396
244.732 0.868542 0.0139144
245.109 0.853366 0.0136052
245.486 0.837104 0.0132666
245.862 0.854847 0.0133302
246.239 0.868117 0.0134752
246.615 0.856353 0.0132822
246.992 0.857555 0.0131822
247.368 0.875577 0.0134096
247.745 0.841553 0.0128568
248.121 0.851516 0.0129747
248.497 0.830979 0.012646
248.874 0.866116 0.0129435
249.25 0.842043 0.0125596
249.626 0.878203 0.0129252
250.003 0.872289 0.0127861
250.379 0.836007 0.012287
250.755 0.847314 0.0123411
251.131 0.852099 0.012389
251.507 0.846422 0.0123464
251.884 0.849913 0.0122594
252.26 0.854649 0.0122487
252.636 0.835848 0.0119529
253.012 0.846998 0.0119971
253.388 0.86343 0.0121608
253.764 0.858177 0.0120068
254.14 0.841503 0.0118275
254.516 0.851061 0.011862
254.892 0.858543 0.0119371
255.268 0.862619 0.0118965
255.643 0.840743 0.0116951
256.019 0.847925 0.0117219
256.395 0.846832 0.0117074
256.771 0.860497 0.0117044
257.147 0.845503 0.0115894
257.522 0.860076 0.0116568
257.898 0.8384 0.0114417
258.274 0.862014 0.0117256
258.649 0.845393 0.0114679
259.025 0.857678 0.0116021
259.4 0.858184 0.0116016
259.776 0.819472 0.0111629
260.151 0.841265 0.0113168
260.527 0.839894 0.0113307
260.902 0.852453 0.0114016
261.278 0.857628 0.011484
261.653 0.869258 0.0115714
262.028 0.855947 0.0114136
262.404 0.830974 0.0111478
262.779 0.84561 0.0113268
263.154 0.850211 0.0112797
263.53 0.847409 0.0112636
263.905 0.84953 0.0113485
264.28 0.846878 0.0112155
264.655 0.844314 0.0112256
265.03 0.838128 0.0112271
265.405 0.84003 0.0111342
265.781 0.838222 0.0111336
266.156 0.851606 0.0112661
266.531 0.845972 0.0111994
266.906 0.840529 0.0111076
267.281 0.851804 0.0112395
267.655 0.848601 0.0112436
268.03 0.838187 0.0111573
268.405 0.852911 0.0112823
268.78 0.849229 0.0112746
269.155 0.844014 0.0111305
269.53 0.850953 0.0112811
269.904 0.852231 0.0113453
270.279 0.855076 0.0113538
270.654 0.834851 0.0111349
271.029 0.863265 0.0114033
271.403 0.834834 0.0110798
271.778 0.840987 0.0111967
272.152 0.836409 0.0111621
272.527 0.838744 0.0112365
272.901 0.838869 0.0112146
273.276 0.841444 0.0111415
273.65 0.839018 0.0111731
274.025 0.83105 0.0110937
274.399 0.826295 0.0110893
274.774 0.83491 0.0111352
275.148 0.831663 0.0110611
275.522 0.833495 0.0110651
275.897 0.848761 0.011252
276.271 0.839903 0.0112579
276.645 0.831021 0.0111097
277.019 0.847245 0.0112503
277.393 0.82679 0.0109906
277.768 0.83611 0.0111963
278.142 0.831514 0.0111738
278.516 0.831807 0.0112205
278.89 0.830617 0.0111741
279.264 0.834804 0.0112636
279.638 0.83178 0.011199
280.012 0.839653 0.0112756
280.386 0.851385 0.0113971
280.76 0.841573 0.0113036
281.133 0.850154 0.0114062
281.507 0.836651 0.011321
281.881 0.829424 0.0111683
282.255 0.827096 0.0112279
282.629 0.839974 0.011423
283.002 0.862167 0.0116782
283.376 0.828626 0.011349
283.75 0.833403 0.011373
284.123 0.836025 0.0113912
284.497 0.840368 0.0114697
284.87 0.833677 0.0114712
285.244 0.846783 0.0115338
285.618 0.846072 0.0115851
285.991 0.832574 0.0115208
286.364 0.840788 0.011579
286.738 0.830816 0.0115439
287.111 0.825055 0.011468
287.485 0.825956 0.0115681
287.858 0.841083 0.0116974
288.231 0.832766 0.0116106
288.605 0.836111 0.0116968
288.978 0.839673 0.011825
289.351 0.850478 0.0118736
289.724 0.837381 0.0118616
290.097 0.832374 0.0118372
290.47 0.842588 0.0119643
290.843 0.853918 0.0121357
291.217 0.839147 0.0119843
291.59 0.845953 0.0121515
291.963 0.840276 0.0121109
292.336 0.844377 0.0121768
292.708 0.862721 0.0123794
293.081 0.860248 0.0124636
293.454 0.864395 0.0124802
293.827 0.841682 0.0123133
294.2 0.850338 0.0124071
294.573 0.856863 0.0125404
294.945 0.86912 0.0127389
295.318 0.864349 0.0126624
295.691 0.855142 0.0127003
296.064 0.860321 0.0127628
296.436 0.878776 0.0130575
296.809 0.868975 0.0129311
297.181 0.874472 0.0130668
297.554 0.863684 0.0129345
297.926 0.85 0.0128601
298.299 0.876824 0.0131856
298.671 0.862733 0.013003
299.044 0.915548 0.013612
299.416 0.882253 0.013285
299.788 0.888114 0.0134251
300.161 0.878656 0.0133126
300.533 0.893001 0.0135182
300.905 0.887915 0.0134155
301.278 0.896973 0.013554
301.65 0.882553 0.0133509
302.022 0.901516 0.0136682
302.394 0.914028 0.0138829
302.766 0.893778 0.0135425
303.138 0.899859 0.013606
303.51 0.898866 0.0136306
303.882 0.886882 0.0135035
304.254 0.890604 0.0135373
304.626 0.876468 0.0132942
304.998 0.881726 0.0133483
305.37 0.876643 0.0134285
305.742 0.898884 0.0136555
306.114 0.879046 0.013316
306.485 0.85829 0.0130681
306.857 0.861658 0.0130704
307.229 0.872181 0.0131916
307.601 0.870354 0.0132659
307.972 0.888196 0.0133225
308.344 0.891922 0.0133906
308.716 0.889908 0.0133612
309.087 0.911788 0.0136466
309.459 0.90888 0.0135565
309.83 0.916944 0.0136556
310.202 0.938988 0.0137869
310.573 0.939215 0.0137528
310.945 0.967051 0.0140071
311.316 0.959019 0.0140081
311.687 0.969036 0.0140755
312.059 0.980824 0.0140616
312.43 0.993204 0.0141977
312.801 0.947835 0.0136399
313.172 0.949707 0.0136185
313.544 0.930098 0.0133469
313.915 0.900211 0.0128599
314.286 0.891786 0.0126329
314.657 0.855332 0.0121335
315.028 0.798641 0.0115366
315.399 0.771077 0.0111553
315.77 0.737053 0.0106096
316.141 0.714547 0.0103398
316.512 0.674938 0.00984565
316.883 0.649119 0.00953304
317.254 0.60469 0.00903072
317.625 0.585801 0.00878035
317.996 0.564596 0.00848154
318.366 0.52987 0.00815861
318.737 0.513663 0.00790299
319.108 0.498929 0.00772141
319.478 0.484869 0.00759644
319.849 0.466502 0.00739424
320.22 0.460904 0.00732198
320.59 0.461343 0.00733548
320.961 0.448355 0.00717986
321.331 0.448162 0.00718778
321.702 0.44519 0.00719968
322.072 0.442411 0.0072181
322.443 0.448814 0.00727797
322.813 0.442393 0.00725359
323.184 0.436967 0.0072251
323.554 0.436921 0.00726884
323.924 0.425155 0.00715667
324.295 0.415749 0.00709662
324.665 0.411153 0.00710865
325.035 0.395437 0.00694033
325.405 0.388422 0.00692308
325.775 0.369092 0.00675496
326.145 0.351446 0.0065903
326.515 0.336597 0.0064526
326.886 0.336228 0.00647441
327.256 0.320722 0.00635778
327.626 0.307487 0.00624922
327.995 0.301587 0.00617674
328.365 0.299307 0.00619361
328.735 0.295322 0.00618338
329.105 0.301536 0.00629215
329.475 0.31244 0.00642066
329.845 0.299586 0.0061372
330.215 0.312743 0.00617754
330.584 0.307881 0.00597883
330.954 0.326851 0.00600733
331.324 0.339959 0.00603571
331.693 0.36089 0.00618881
332.063 0.394667 0.00645269
332.432 0.428177 0.00676608
332.802 0.484811 0.00729543
333.171 0.527644 0.00770272
333.541 0.560365 0.00805058
333.91 0.617271 0.00859006
334.28 0.662026 0.00894892
334.649 0.707672 0.00934111
335.018 0.758842 0.0097041
335.388 0.802984 0.0100114
335.757 0.852113 0.0103823
336.126 0.910955 0.0109066
336.495 0.944966 0.0111007
336.865 1.01812 0.0116563
337.234 1.05751 0.0119672
337.603 1.11933 0.012311
337.972 1.15721 0.0126418
338.341 1.21435 0.0130014
338.71 1.26076 0.0132665
339.079 1.31745 0.0136537
339.448 1.34811 0.0138157
339.817 1.36121 0.0138901
340.186 1.38353 0.0139397
340.554 1.44268 0.0143458
340.923 1.45721 0.0143739
341.292 1.48791 0.0145579
341.661 1.5179 0.014636
342.029 1.52886 0.0146608
342.398 1.54055 0.0146791
342.767 1.51864 0.0144468
343.135 1.53822 0.0144513
343.504 1.53947 0.0144491
343.872 1.52223 0.014197
344.241 1.51951 0.0141254
344.609 1.53804 0.0142491
344.978 1.51254 0.0138676
345.346 1.49969 0.0136809
345.715 1.48415 0.0135514
346.083 1.46596 0.0133693
346.451 1.48132 0.0133767
346.82 1.45653 0.0131305
347.188 1.43788 0.0128952
347.556 1.41568 0.0127201
347.924 1.41173 0.0126369
348.292 1.37248 0.0123083
348.66 1.37609 0.0122866
349.028 1.36832 0.012206
349.396 1.34389 0.0119665
349.764 1.31803 0.0116757
350.132 1.31215 0.0116794
350.5 1.30973 0.0115824
350.868 1.31214 0.0115754
351.236 1.28417 0.011336
351.604 1.27017 0.0112395
351.972 1.25889 0.0110622
352.34 1.24796 0.0110168
352.707 1.23992 0.010917
353.075 1.24098 0.0108934
353.443 1.2177 0.0107276
353.81 1.19959 0.0105902
354.178 1.19942 0.0105704
354.545 1.18689 0.0104132
354.913 1.17683 0.0103218
355.28 1.15365 0.0101251
355.648 1.14939 0.0100718
356.015 1.14208 0.0099971
356.383 1.12355 0.00984569
356.75 1.11774 0.0097931
357.117 1.11445 0.00977026
357.485 1.10254 0.00964835
357.852 1.08465 0.00952722
358.219 1.08538 0.00945598
358.586 1.06648 0.00933875
358.954 1.06203 0.00929691
359.321 1.04932 0.00920352
359.688 1.04999 0.00918515
360.055 1.04154 0.00908723
360.422 1.02488 0.00895192
360.789 1.02186 0.00898394
361.156 1.02411 0.00896894
361.523 1.00497 0.00885354
361.89 1.00481 0.00883658
362.256 1.00064 0.00873889
362.623 0.993047 0.00873705
362.99 0.99018 0.0086867
363.357 0.99767 0.0087541
363.724 0.987673 0.00866085
364.09 0.974596 0.00858022
364.457 0.9674 0.00853701
364.823 0.968064 0.00848644
365.19 0.961287 0.00842525
365.557 0.961436 0.00840761
365.923 0.954223 0.00838423
366.29 0.950972 0.00835113
366.656 0.955191 0.00835332
367.022 0.944562 0.00826306
367.389 0.945898 0.00829437
367.755 0.940801 0.00823205
368.121 0.932273 0.00821066
368.488 0.923574 0.00813436
368.854 0.922496 0.00813804
369.22 0.925163 0.00820958
369.586 0.940166 0.00828647
369.952 0.921565 0.00818901
370.318 0.9205 0.0082382
370.684 0.927534 0.00825749
371.051 0.911967 0.00814314
371.416 0.91017 0.00813837
371.782 0.910705 0.00813906
372.148 0.905302 0.00810676
372.514 0.89895 0.0080963
372.88 0.904193 0.00811867
373.246 0.89778 0.00806568
373.612 0.884704 0.0079886
373.977 0.89207 0.00800998
374.343 0.895166 0.00800969
374.709 0.884127 0.00790503
375.074 0.887553 0.00793358
375.44 0.889725 0.00795284
375.806 0.877113 0.00789061
376.171 0.879458 0.00790799
376.537 0.882173 0.00789439
376.902 0.885345 0.00793591
377.268 0.877051 0.00784856
377.633 0.880191 0.0078454
377.998 0.876668 0.00781447
378.364 0.870707 0.00772452
378.729 0.882051 0.00776049
379.094 0.874782 0.00772286
379.459 0.869875 0.00776153
379.825 0.878998 0.00785048
380.19 0.863662 0.00774956
380.555 0.864518 0.00779113
380.92 0.873693 0.00789665
381.285 0.86267 0.00786606
381.65 0.869461 0.00787838
382.015 0.857434 0.00776892
382.38 0.852945 0.0077694
382.745 0.856743 0.00783805
383.11 0.858983 0.00786554
383.474 0.857582 0.00783349
383.839 0.849642 0.00779024
384.204 0.847659 0.00776579
384.569 0.863477 0.00791373
384.933 0.855907 0.00787264
385.298 0.85492 0.00787925
385.663 0.843769 0.00780689
386.027 0.843489 0.00779805
386.392 0.851116 0.00783965
386.756 0.850069 0.00776748
387.121 0.848764 0.00772178
387.485 0.844874 0.00768912
387.849 0.838761 0.00758749
388.214 0.840444 0.00764641
388.578 0.843731 0.00769725
388.942 0.840978 0.00775458
389.307 0.851012 0.00782009
389.671 0.843558 0.0077844
390.035 0.834904 0.00770322
390.399 0.841403 0.0077206
390.763 0.838216 0.00767018
391.127 0.832119 0.00759562
391.492 0.832136 0.00749853
391.856 0.840038 0.00749095
392.219 0.829636 0.00731528
392.583 0.841015 0.0073643
392.947 0.835403 0.00740049
393.311 0.841511 0.00753553
393.675 0.832497 0.00754705
394.039 0.831856 0.00759242
394.403 0.835984 0.00761601
394.766 0.828172 0.00757955
395.13 0.829948 0.00761306
395.494 0.822316 0.00756238
395.857 0.824529 0.00756593
396.221 0.82845 0.00758226
396.584 0.822784 0.00748855
396.948 0.821315 0.00741165
397.311 0.814405 0.00724962
397.675 0.821844 0.00720602
398.038 0.816952 0.00715057
398.401 0.823275 0.0072589
398.765 0.816734 0.007283
399.128 0.821232 0.00739499
399.491 0.821141 0.0074866
399.854 0.817978 0.00751622
400.218 0.815477 0.00751298
400.581 0.824672 0.00756741
400.944 0.810729 0.00750981
401.307 0.809817 0.00757428
401.67 0.821963 0.0076687
402.033 0.809439 0.00758117
402.396 0.81386 0.00762614
402.759 0.815095 0.00762432
403.122 0.816192 0.00760247
403.485 0.810043 0.00754486
403.847 0.821737 0.00758614
404.21 0.807789 0.00747626
404.573 0.814341 0.00744573
404.936 0.80441 0.00733083
405.298 0.811471 0.00739254
405.661 0.816532 0.00753468
406.023 0.808641 0.00757453
406.386 0.821048 0.00772432
406.749 0.805946 0.0076678
407.111 0.815752 0.00773801
407.473 0.816786 0.00769945
407.836 0.819467 0.0076402
408.198 0.805394 0.00749055
408.561 0.817032 0.0075515
408.923 0.804413 0.00747455
409.285 0.811786 0.0075139
409.647 0.797169 0.00745004
410.009 0.807478 0.00758052
410.372 0.808363 0.00762537
410.734 0.805048 0.00764049
411.096 0.805069 0.00765365
411.458 0.796445 0.00756281
411.82 0.796703 0.00752151
412.182 0.80407 0.00752403
412.544 0.808201 0.00754713
412.906 0.812286 0.00753783
413.267 0.793816 0.00743583
413.629 0.801868 0.00751343
413.991 0.810075 0.00760847
414.353 0.806616 0.0076101
414.714 0.805239 0.00766671
415.076 0.812563 0.00773128
415.438 0.806139 0.00768555
415.799 0.802657 0.00761135
416.161 0.809766 0.00772762
416.522 0.808402 0.00772301
416.884 0.801509 0.00771994
417.245 0.788759 0.00761405
417.607 0.803949 0.00773378
417.968 0.798295 0.00772905
418.329 0.803574 0.00773089
418.691 0.804289 0.00772796
419.052 0.813962 0.00777451
419.413 0.803735 0.00768164
419.774 0.807257 0.00764939
420.135 0.802775 0.00750276
420.497 0.791684 0.0073076
420.858 0.798517 0.0072399
421.219 0.799466 0.00717805
421.58 0.792705 0.00716083
421.941 0.798875 0.00729125
422.302 0.789908 0.00736817
422.662 0.801333 0.00748217
423.023 0.808346 0.00762694
423.384 0.804032 0.00760394
423.745 0.799922 0.00757402
424.106 0.808322 0.00762602
424.466 0.803792 0.0075652
424.827 0.796718 0.00751536
425.187 0.794071 0.00761353
425.548 0.795545 0.00771625
425.909 0.798313 0.00781863
426.269 0.805127 0.00785012
426.63 0.801674 0.0077959
426.99 0.796912 0.00765672
427.35 0.81072 0.00775614
427.711 0.799503 0.00769282
428.071 0.809793 0.00773648
428.431 0.80114 0.00759645
428.792 0.803169 0.00737259
429.152 0.799885 0.00710325
429.512 0.796656 0.00696583
429.872 0.803321 0.0069965
430.232 0.798851 0.00702833
430.592 0.791955 0.00712146
430.952 0.805398 0.00743819
431.312 0.800245 0.00756642
431.672 0.806142 0.00782185
432.032 0.804063 0.00784222
432.392 0.801979 0.00781753
432.752 0.795995 0.00757591
433.111 0.794832 0.00724233
433.471 0.796603 0.00717247
433.831 0.796577 0.00732114
434.19 0.819973 0.00766264
434.55 0.812951 0.00762287
434.91 0.807074 0.00766094
435.269 0.803064 0.007596
435.629 0.798126 0.00754484
435.988 0.803037 0.00752171
436.348 0.796239 0.00747434
436.707 0.803157 0.00766952
437.066 0.808248 0.00775218
437.426 0.810298 0.00774994
437.785 0.798814 0.0076401
438.144 0.805784 0.00761913
438.503 0.789007 0.0075694
438.862 0.798408 0.00765333
439.222 0.802547 0.0077192
439.581 0.799635 0.00778753
439.94 0.802306 0.00780035
440.299 0.797704 0.00762152
440.658 0.795516 0.00735009
441.017 0.800372 0.00725251
441.376 0.794803 0.00720219
441.734 0.796618 0.00730872
442.093 0.806357 0.00744175
442.452 0.808908 0.00746063
442.811 0.79817 0.00732172
443.169 0.797898 0.00730418
443.528 0.807548 0.00745579
443.887 0.802412 0.00747313
444.245 0.797917 0.00744814
444.604 0.804521 0.00755816
444.962 0.806738 0.00763647
445.321 0.802438 0.00762548
445.679 0.795907 0.0075629
446.038 0.798521 0.00753015
446.396 0.806573 0.00763092
446.754 0.801858 0.00771784
447.112 0.800919 0.00771517
447.471 0.801489 0.00779823
447.829 0.796012 0.00781524
448.187 0.801038 0.00787562
448.545 0.792638 0.00778115
448.903 0.808429 0.00789399
449.261 0.804527 0.00786872
449.619 0.790081 0.00782096
449.977 0.794418 0.00785976
450.335 0.793286 0.00794293
450.693 0.802842 0.00806535
451.051 0.801295 0.00804192
451.409 0.804237 0.0081041
451.766 0.798066 0.00803775
452.124 0.794248 0.00809411
452.482 0.80225 0.00822224
452.839 0.803954 0.00838001
453.197 0.806209 0.00841671
453.555 0.79486 0.00837811
453.912 0.794637 0.00843101
454.27 0.7995 0.00839989
454.627 0.800471 0.00825359
454.984 0.798425 0.00818701
455.342 0.792595 0.00818603
455.699 0.795707 0.00832343
456.056 0.798595 0.00839492
456.414 0.805715 0.00840331
456.771 0.804684 0.00827289
457.128 0.812697 0.00824162
457.485 0.803165 0.00812635
457.842 0.802827 0.00812868
458.199 0.807364 0.00817612
458.556 0.798357 0.00806881
458.913 0.796148 0.00806233
459.27 0.800069 0.00800346
459.627 0.808027 0.0081053
459.984 0.807491 0.00815132
460.341 0.804285 0.00810543
460.697 0.809907 0.00818491
461.054 0.796685 0.0081951
461.411 0.811616 0.00851243
461.767 0.809733 0.00870503
462.124 0.801041 0.00869226
462.481 0.797169 0.00859905
462.837 0.801021 0.00848889
463.194 0.801867 0.00829271
463.55 0.804232 0.00833829
463.907 0.798885 0.00817784
464.263 0.800476 0.00804844
464.619 0.795783 0.00792598
464.976 0.79152 0.00768643
465.332 0.798409 0.00769189
465.688 0.802287 0.00777606
466.044 0.802819 0.00803673
466.4 0.805221 0.0082478
466.756 0.805563 0.00841114
467.112 0.79625 0.00841109
467.468 0.793848 0.00835001
467.824 0.803982 0.0084295
468.18 0.797015 0.00846608
468.536 0.812899 0.00865044
468.892 0.804226 0.00870668
469.248 0.800171 0.0087552
469.604 0.78963 0.00871707
469.959 0.787249 0.00870538
470.315 0.802776 0.00885351
470.671 0.797446 0.0088229
471.026 0.806108 0.00885237
471.382 0.80175 0.00873383
471.737 0.80982 0.00868782
472.093 0.796576 0.00850739
472.448 0.805143 0.00842926
472.804 0.795295 0.00824154
473.159 0.796353 0.00818812
473.514 0.801255 0.00814472
473.87 0.810835 0.00827395
474.225 0.8031 0.00805464
474.58 0.801261 0.00782552
474.935 0.802197 0.00772985
475.29 0.800813 0.00776363
475.645 0.796019 0.00783576
476 0.802527 0.00793266
476.355 0.79466 0.00789062
476.71 0.812255 0.00807858
477.065 0.803686 0.0079295
477.42 0.803371 0.00777875
477.775 0.804466 0.00765529
478.13 0.800743 0.00764594
478.485 0.803762 0.007686
478.839 0.796285 0.0076369
479.194 0.798397 0.00749644
479.549 0.795979 0.00734803
479.903 0.797997 0.00726614
480.258 0.79739 0.00728951
480.612 0.808151 0.00740039
480.967 0.801467 0.0072204
481.321 0.802769 0.00711757
481.675 0.797334 0.00714513
482.03 0.808798 0.00734745
482.384 0.819553 0.00754213
482.738 0.800448 0.0074011
483.093 0.803813 0.00740012
483.447 0.794648 0.007215
483.801 0.792851 0.00703842
484.155 0.795698 0.00687206
484.509 0.79857 0.00677817
484.863 0.790266 0.00508299
485.217 0.799643 0.00395962
485.571 0.79405 0.00362912
485.925 0.79483 0.00392161
486.279 0.807574 0.00492621
486.632 0.833777 0.0058853
486.986 0.798739 0.0062785
487.34 0.806578 0.00675506
487.694 0.791742 0.0069708
488.047 0.804683 0.00725353
488.401 0.802822 0.00722684
488.754 0.80745 0.00729432
489.108 0.806995 0.00733244
489.461 0.799851 0.00738123
489.815 0.801183 0.00746677
490.168 0.806263 0.00752654
490.522 0.810021 0.00748444
490.875 0.805573 0.00742859
491.228 0.806205 0.0074495
491.581 0.796044 0.00742656
491.935 0.805153 0.00742313
492.288 0.808674 0.00753029
492.641 0.797794 0.00740561
492.994 0.795503 0.00738177
493.347 0.797484 0.00733684
493.7 0.799534 0.0073088
494.053 0.796304 0.00729284
494.406 0.793814 0.00730026
494.759 0.800212 0.00753744
495.111 0.810002 0.00760014
495.464 0.808162 0.00734657
495.817 0.802865 0.00701326
496.169 0.791835 0.00691096
496.522 0.805172 0.00720939
496.875 0.793429 0.00746297
497.227 0.806372 0.00774724
497.58 0.805488 0.00782451
497.932 0.803178 0.00774387
498.285 0.795363 0.00761809
498.637 0.803354 0.00757813
498.989 0.805108 0.00740159
499.342 0.793288 0.00726907
499.694 0.790737 0.0073369
500.046 0.81662 0.00768802
500.398 0.806379 0.00759468
500.751 0.789058 0.00733749
501.103 0.80131 0.00739932
501.455 0.804069 0.00734561
501.807 0.801217 0.00733877
502.159 0.800228 0.00734045
502.511 0.803452 0.007384
502.862 0.800151 0.00733475
503.214 0.800225 0.00739776
503.566 0.800916 0.00751875
503.918 0.798693 0.00767328
504.27 0.796904 0.00768248
504.621 0.799593 0.00770603
504.973 0.814222 0.00783167
505.324 0.807063 0.00781487
505.676 0.801194 0.00765078
506.027 0.810191 0.00763401
506.379 0.809884 0.00772054
506.73 0.797343 0.00788949
507.082 0.800295 0.00797173
507.433 0.810304 0.00798151
507.784 0.794225 0.00769294
508.136 0.81038 0.00787999
508.487 0.806003 0.00786248
508.838 0.802753 0.00799155
509.189 0.802957 0.00802763
509.54 0.807951 0.00801754
509.891 0.809897 0.00804252
510.242 0.806461 0.00802014
510.593 0.807453 0.00804078
510.944 0.803513 0.00806605
511.295 0.802776 0.0081808
511.646 0.810187 0.00833466
511.996 0.795202 0.00826526
512.347 0.803589 0.00829593
512.698 0.788805 0.0081293
513.049 0.810978 0.00834916
513.399 0.80424 0.00833422
513.75 0.815771 0.00844533
514.1 0.804612 0.00838242
514.451 0.796044 0.00845971
514.801 0.802459 0.00860246
515.152 0.80449 0.00860637
515.502 0.798187 0.00845176
515.852 0.795158 0.00829994
516.202 0.798676 0.00830205
516.553 0.80353 0.00836041
516.903 0.80548 0.00852036
517.253 0.799961 0.00859715
517.603 0.804693 0.00871702
517.953 0.803764 0.008737
518.303 0.800721 0.00855796
518.653 0.807244 0.00843794
519.003 0.796818 0.00832662
519.353 0.797649 0.00856413
519.703 0.807159 0.00886224
520.052 0.810514 0.00908467
520.402 0.797246 0.00900989
520.752 0.79632 0.0088318
521.102 0.794393 0.00882935
521.451 0.802437 0.00901862
521.801 0.800302 0.00902345
522.15 0.80651 0.00908383
522.5 0.808956 0.00894939
522.849 0.80899 0.00894664
523.199 0.80319 0.00881178
523.548 0.790411 0.00864331
523.897 0.802123 0.00870718
524.246 0.805231 0.0088566
524.596 0.798293 0.00892904
524.945 0.801997 0.00904405
525.294 0.804514 0.00902007
525.643 0.803445 0.00902404
525.992 0.808925 0.00899779
526.341 0.795827 0.00888702
526.69 0.797859 0.00891811
527.039 0.813039 0.00906046
527.388 0.808008 0.00916663
527.737 0.799925 0.00906461
528.086 0.790772 0.00865774
528.434 0.80707 0.00852342
528.783 0.803406 0.00841607
529.132 0.799992 0.00860984
529.48 0.803574 0.00880392
529.829 0.811929 0.00897317
530.177 0.80306 0.00897216
530.526 0.806566 0.00904131
530.874 0.798324 0.00898362
531.223 0.807703 0.00900157
531.571 0.797525 0.00891697
531.919 0.809191 0.0090307
532.268 0.788097 0.00878081
532.616 0.793531 0.00852424
532.964 0.804855 0.00832911
533.312 0.804213 0.00826714
533.66 0.797262 0.00824781
534.008 0.80288 0.00832796
534.356 0.797553 0.00824605
534.704 0.79965 0.00829193
535.052 0.798076 0.00836094
535.4 0.801692 0.00852794
535.748 0.801311 0.00874709
536.095 0.812826 0.00908924
536.443 0.80978 0.00917506
536.791 0.795545 0.00899845
537.139 0.804406 0.00888271
537.486 0.794789 0.00858139
537.834 0.79058 0.0083746
538.181 0.800024 0.00839918
538.529 0.799007 0.00844069
538.876 0.803725 0.00848077
539.223 0.799806 0.0084829
539.571 0.789711 0.00858005
539.918 0.797942 0.00872297
540.265 0.811522 0.00879074
540.613 0.797159 0.00847526
540.96 0.79454 0.00840075
541.307 0.805753 0.00857589
541.654 0.818027 0.00870119
542.001 0.794419 0.00851071
542.348 0.792969 0.00846811
542.695 0.795759 0.00856608
543.042 0.805522 0.0085314
543.388 0.802979 0.00845981
543.735 0.795513 0.00830132
544.082 0.79868 0.00830232
544.429 0.799873 0.00828988
544.775 0.802222 0.00839703
545.122 0.805531 0.00861598
545.469 0.806344 0.00890017
545.815 0.79376 0.00890619
546.162 0.800674 0.00886877
546.508 0.791886 0.00869102
546.854 0.798597 0.00852972
547.201 0.792422 0.00817036
547.547 0.801256 0.00797827
547.893 0.801335 0.00799976
548.24 0.804943 0.00827532
548.586 0.816861 0.00887747
548.932 0.804015 0.00906801
549.278 0.8136 0.00927592
549.624 0.789887 0.00900922
549.97 0.795389 0.00898055
550.316 0.802084 0.00924228
550.662 0.801204 0.00937941
551.008 0.802249 0.00934654
551.353 0.799291 0.0087619
551.699 0.795503 0.00828775
552.045 0.810276 0.00832067
552.391 0.810152 0.00861214
552.736 0.803228 0.0087152
553.082 0.805804 0.00881465
553.427 0.80275 0.00874527
553.773 0.803662 0.00901789
554.118 0.806889 0.00930249
554.464 0.807034 0.0091995
554.809 0.79147 0.00880307
555.154 0.796931 0.00849618
555.5 0.793455 0.00838615
555.845 0.796781 0.00855941
556.19 0.793008 0.00884867
556.535 0.806623 0.00923653
556.88 0.793854 0.00921805
557.225 0.789687 0.00897929
557.57 0.8002 0.00911666
557.915 0.811421 0.00942867
558.26 0.787961 0.00946183
558.605 0.796955 0.00966288
558.95 0.785821 0.00943042
559.295 0.801894 0.00922667
559.639 0.802152 0.00879738
559.984 0.791022 0.00833169
560.329 0.806066 0.00822705
560.673 0.794617 0.00814335
561.018 0.808397 0.00835611
561.362 0.807173 0.00862157
561.707 0.796893 0.00881091
562.051 0.80443 0.00889171
562.395 0.791178 0.00874328
562.74 0.795521 0.00856788
563.084 0.808974 0.00854894
563.428 0.793633 0.00827938
563.772 0.792252 0.00815505
564.117 0.796974 0.00824915
564.461 0.80046 0.00817376
564.805 0.808545 0.00831303
565.149 0.799529 0.00828129
565.493 0.791957 0.00816312
565.836 0.800099 0.00817774
566.18 0.800834 0.00805704
566.524 0.792068 0.0077363
566.868 0.790986 0.00729848
567.212 0.79358 0.00709715
567.555 0.790251 0.00701603
567.899 0.785589 0.00682676
568.242 0.785453 0.00650524
568.586 0.787418 0.00619711
568.929 0.780854 0.00576452
569.273 0.786168 0.00540591
569.616 0.785591 0.00522156
569.96 0.798724 0.00527476
570.303 0.792966 0.00512691
570.646 0.792825 0.00500679
570.989 0.789703 0.00489411
571.333 0.788466 0.004797
571.676 0.801176 0.00495896
572.019 0.814535 0.0053382
572.362 0.794173 0.00545033
572.705 0.781062 0.00500578
573.048 0.786675 0.00465112
573.391 0.784594 0.00445832
573.733 0.791519 0.0043639
574.076 0.796931 0.00434449
574.419 0.797848 0.00432954
574.762 0.806705 0.00459897
575.104 0.810315 0.00487549
575.447 0.810781 0.00516043
575.789 0.784481 0.00484824
576.132 0.778998 0.00445318
576.474 0.791715 0.0043741
576.817 0.791284 0.00418111
577.159 0.780534 0.00384809
577.501 0.786509 0.00369269
577.844 0.807397 0.00388736
578.186 0.825139 0.00440327
578.528 0.818392 0.00489471
578.87 0.799364 0.00487854
579.212 0.791369 0.00480959
579.554 0.780764 0.00449458
579.896 0.797868 0.00453473
580.238 0.790826 0.00445185
580.58 0.772813 0.00392639
580.922 0.780331 0.00354308
581.264 0.797207 0.00340805
581.606 0.814986 0.00357953
581.947 0.809498 0.00385694
582.289 0.818133 0.00425586
582.631 0.823196 0.00483401
582.972 0.815383 0.00528695
583.314 0.801011 0.00535022
583.655 0.785537 0.00515741
583.997 0.778664 0.004809
584.338 0.772208 0.00431553
584.679 0.775996 0.00409168
585.021 0.793751 0.00405251
585.362 0.812135 0.00438409
585.703 0.810658 0.00473041
586.044 0.809955 0.00505419
586.385 0.786705 0.00479112
586.726 0.774902 0.00445206
587.067 0.786237 0.00438332
587.408 0.809067 0.00474859
587.749 0.810464 0.00503018
588.09 0.806298 0.00525177
588.431 0.807767 0.00548376
588.772 0.811736 0.00585631
589.113 0.805174 0.00590391
589.453 0.797876 0.00574756
589.794 0.79867 0.00576685
590.134 0.808013 0.00608044
590.475 0.813964 0.00641629
590.815 0.798558 0.00641182
591.156 0.790171 0.00627947
591.496 0.797553 0.0063489
591.837 0.7762 0.00567373
592.177 0.76426 0.0048982
592.517 0.772726 0.00449807
592.857 0.802738 0.00463705
593.198 0.813515 0.00500274
593.538 0.826366 0.00550507
593.878 0.82034 0.00598215
594.218 0.789901 0.00584602
594.558 0.786842 0.00552934
594.898 0.78908 0.00544207
595.237 0.807507 0.00574962
595.577 0.814606 0.00624481
595.917 0.813636 0.00663241
596.257 0.802913 0.00666503
596.596 0.786146 0.00632474
596.936 0.785536 0.00602406
597.276 0.808267 0.00624812
597.615 0.81036 0.00643115
597.955 0.784658 0.00592227
598.294 0.763638 0.00512054
598.633 0.78544 0.00504081
598.973 0.809341 0.00525804
599.312 0.810985 0.00547434
599.651 0.791315 0.00532243
599.991 0.798071 0.00544623
600.33 0.802848 0.00556809
600.669 0.795196 0.00567992
601.008 0.807336 0.00588762
601.347 0.806432 0.00613341
601.686 0.79945 0.00615246
602.025 0.797172 0.00598515
602.364 0.789379 0.00589238
602.702 0.796789 0.00566174
603.041 0.791543 0.00559935
603.38 0.803446 0.00578916
603.719 0.817183 0.00616438
604.057 0.806506 0.00641533
604.396 0.801234 0.0064606
604.734 0.789754 0.00632938
605.073 0.776419 0.00574539
605.411 0.780481 0.00552049
605.75 0.80332 0.00573759
606.088 0.816681 0.00616388
606.426 0.799461 0.00621342
606.764 0.791425 0.00600572
607.103 0.795851 0.00599806
607.441 0.809754 0.00635002
607.779 0.803655 0.00652201
608.117 0.79127 0.00648159
608.455 0.787746 0.00649685
608.793 0.808519 0.00696071
609.131 0.790576 0.00665118
609.469 0.781007 0.00621288
609.806 0.783433 0.00608703
610.144 0.811629 0.00655821
610.482 0.81137 0.00699853
610.819 0.798252 0.00688884
611.157 0.787805 0.00682703
611.495 0.802751 0.00704514
611.832 0.799202 0.00720486
612.17 0.802174 0.0072135
612.507 0.781443 0.00695204
612.844 0.79269 0.00702627
613.182 0.789878 0.00705737
613.519 0.795725 0.00710049
613.856 0.795219 0.00702996
614.193 0.801329 0.00710453
614.53 0.799037 0.00690387
614.867 0.791624 0.00674871
615.205 0.795484 0.00691248
615.541 0.801398 0.00727568
615.878 0.815134 0.00778498
616.215 0.78817 0.00770686
616.552 0.792082 0.00766177
616.889 0.795462 0.00768112
617.226 0.785408 0.007406
617.562 0.789426 0.00746971
617.899 0.809746 0.00794871
618.235 0.827472 0.00860785
618.572 0.824122 0.00910158
618.908 0.790658 0.00882416
619.245 0.784566 0.00836092
619.581 0.778465 0.00801771
619.918 0.79373 0.00818878
620.254 0.84026 0.0095402
620.59 0.841327 0.0105984
620.926 0.792346 0.00986266
621.262 0.749939 0.00876859
621.599 0.770921 0.00853079
621.935 0.791729 0.00877752
622.271 0.783696 0.00852904
622.606 0.776652 0.00813489
622.942 0.79044 0.00817949
623.278 0.810898 0.0086821
623.614 0.802712 0.00867426
623.95 0.781359 0.00816278
624.285 0.799527 0.00832875
624.621 0.806497 0.00862376
624.957 0.800655 0.00911629
625.292 0.794886 0.00926503
625.628 0.798654 0.00953698
625.963 0.804026 0.00993048
626.299 0.78519 0.00968422
626.634 0.784107 0.00938365
626.969 0.784665 0.0093455
627.304 0.79992 0.00982153
627.64 0.836647 0.0112068
627.975 0.82237 0.011527
628.31 0.769848 0.0105822
628.645 0.764122 0.00985259
628.98 0.793479 0.0101004
629.315 0.804982 0.010407
629.65 0.809535 0.0106961
629.985 0.80159 0.0105911
630.319 0.807805 0.0108458
630.654 0.804174 0.0111986
630.989 0.790356 0.0110521
631.323 0.789782 0.0111283
631.658 0.790967 0.0113573
631.993 0.806214 0.0121601
632.327 0.797459 0.0123792
632.662 0.803029 0.0123173
632.996 0.774041 0.0118817
633.33 0.770794 0.0115671
633.665 0.81102 0.0120407
633.999 0.819776 0.0126419
634.333 0.801063 0.0126141
634.667 0.807463 0.0128266
635.001 0.777266 0.0121969
635.335 0.77887 0.0118924
635.669 0.77101 0.0113409
636.003 0.78888 0.0112819
636.337 0.809495 0.011795
636.671 0.827713 0.012643
637.005 0.80581 0.013067
637.339 0.810397 0.0133609
637.672 0.795929 0.0129774
638.006 0.783625 0.0122575
638.339 0.791367 0.0121585
638.673 0.808681 0.0126983
639.006 0.813248 0.0131651
639.34 0.807639 0.013364
639.673 0.807546 0.0134236
640.007 0.788025 0.0132864
640.34 0.804498 0.013513
640.673 0.792135 0.0136556
641.006 0.807515 0.0140109
641.34 0.796287 0.0138905
641.673 0.802648 0.0142652
642.006 0.811176 0.0147179
642.339 0.787862 0.014439
642.672 0.778736 0.0139639
643.004 0.794566 0.0142328
643.337 0.803908 0.01459
643.67 0.81129 0.0150031
644.003 0.810813 0.015
644.336 0.769226 0.0142521
644.668 0.797853 0.01453
645.001 0.807675 0.0148515
645.333 0.80477 0.0149008
645.666 0.803395 0.0154043
645.998 0.809112 0.0160115
646.331 0.814685 0.0161884
646.663 0.815689 0.0162563
646.995 0.784989 0.0153464
647.327 0.777561 0.014319
647.66 0.758225 0.0128499
647.992 0.786922 0.0126902
648.324 0.772263 0.0123626
648.656 0.821001 0.013015
648.988 0.801651 0.0131182
649.32 0.819325 0.0139832
649.652 0.843699 0.0154652
649.983 0.811703 0.0156525
650.315 0.813017 0.0157262
650.647 0.785054 0.015301
650.979 0.799438 0.0149049
651.31 0.772763 0.0139643
651.642 0.776365 0.0134737
651.973 0.777902 0.0132563
652.305 0.809403 0.0136353
652.636 0.813301 0.0137243
652.967 0.816369 0.0140654
653.299 0.824651 0.0146893
653.63 0.821104 0.0148048
653.961 0.799502 0.0140749
654.292 0.768181 0.0122084
654.623 0.674299 0.0064522
654.955 0.892997 0.00340522
655.286 0.892942 0.00340501
655.616 0.892886 0.0034048
655.947 0.89283 0.00340458
656.278 0.892773 0.00340436
656.609 1.0817 0.00427637
656.94 1.01535 0.00642344
657.27 0.891494 0.0075684
657.601 0.771209 0.00776987
657.932 0.722383 0.00831727
658.262 0.722183 0.00954502
658.593 0.730599 0.0110796
658.923 0.765316 0.0131411
659.254 0.761 0.0145487
659.584 0.77632 0.015632
659.914 0.796088 0.0168118
660.244 0.790926 0.017114
660.575 0.786173 0.0172228
660.905 0.786839 0.0171237
661.235 0.792593 0.0168487
661.565 0.775603 0.0165082
661.895 0.787378 0.0165768
662.225 0.779427 0.0164906
662.555 0.800471 0.0170977
662.884 0.803755 0.0171614
663.214 0.787332 0.0169462
663.544 0.785795 0.0164548
663.873 0.788142 0.0162553
664.203 0.77238 0.0160039
664.533 0.779469 0.0155703
664.862 0.779593 0.0154124
665.192 0.786912 0.0155588
665.521 0.798375 0.0163666
665.85 0.841027 0.0179459
666.18 0.816608 0.0180809
666.509 0.800957 0.0182859
666.838 0.799596 0.0180852
667.167 0.802367 0.0175705
667.496 0.818564 0.017873
667.825 0.807332 0.0177194
668.154 0.810147 0.0178602
668.483 0.80687 0.0178872
668.812 0.774939 0.0168692
669.141 0.796216 0.0170522
669.47 0.782214 0.0165742
669.798 0.793672 0.0167422
670.127 0.804155 0.0170243
670.456 0.796019 0.016947
670.784 0.768024 0.0151657
671.113 0.755336 0.0134127
671.441 0.76396 0.0124833
671.77 0.780757 0.0124083
672.098 0.802566 0.0130536
672.426 0.809111 0.0141307
672.755 0.852121 0.0163402
673.083 0.829853 0.0168062
673.411 0.775329 0.0161225
673.739 0.803253 0.0163305
674.067 0.81165 0.0170231
674.395 0.799121 0.0173568
674.723 0.783874 0.0167901
675.051 0.763893 0.0162427
675.379 0.806614 0.0164991
675.706 0.798179 0.0162534
676.034 0.815391 0.0170168
676.362 0.830568 0.0175313
676.689 0.788136 0.0167477
677.017 0.784308 0.0153476
677.344 0.775248 0.014365
677.672 0.771057 0.0138556
677.999 0.803394 0.0147893
678.327 0.798685 0.014854
678.654 0.78404 0.0141189
678.981 0.787822 0.0136658
679.308 0.787839 0.0133959
679.636 0.801707 0.0138049
679.963 0.804669 0.0144917
680.29 0.796272 0.015129
680.617 0.797045 0.0149621
680.944 0.790917 0.0145922
681.271 0.797496 0.014454
681.597 0.800383 0.0152664
681.924 0.829684 0.0167837
682.251 0.827454 0.0176008
682.578 0.792404 0.0165411
682.904 0.767507 0.0151571
683.231 0.763615 0.014222
683.557 0.777455 0.0139496
683.884 0.770954 0.0135551
684.21 0.791508 0.0134679
684.536 0.795769 0.0131892
684.863 0.781594 0.0125786
685.189 0.793437 0.0127405
685.515 0.79659 0.013086
685.841 0.801908 0.0139677
686.167 0.824216 0.0147225
686.493 0.792589 0.0140175
686.819 0.79234 0.0139334
687.145 0.787514 0.0140119
687.471 0.830441 0.0155215
687.797 0.813451 0.0162635
688.123 0.78971 0.0162533
688.448 0.801546 0.0161201
688.774 0.777715 0.0151437
689.1 0.793637 0.015118
689.425 0.800358 0.0155993
689.751 0.801154 0.0162749
690.076 0.796128 0.0159808
690.402 0.774643 0.0147005
690.727 0.749499 0.013422
691.052 0.78739 0.0137963
691.377 0.809108 0.0144895
691.703 0.789435 0.0147735
692.028 0.799245 0.0151584
692.353 0.779041 0.0147621
692.678 0.76619 0.0144559
693.003 0.788986 0.014818
693.328 0.817728 0.0161489
693.652 0.828237 0.0174627
693.977 0.806406 0.0177347
694.302 0.786448 0.0167244
694.627 0.774984 0.0155494
694.951 0.776092 0.0153681
695.276 0.793358 0.0166294
695.6 0.828385 0.0187071
695.925 0.805052 0.0177815
696.249 0.716915 0.0140185
696.574 0.739381 0.0129064
696.898 0.767847 0.0128766
697.222 0.818951 0.0143662
697.546 0.809607 0.0152751
697.871 0.804695 0.0158135
698.195 0.771504 0.0153421
698.519 0.792728 0.0160127
698.843 0.81231 0.0165639
699.167 0.796054 0.0169478
699.491 0.79702 0.0176448
699.814 0.798544 0.0181209
700.138 0.780085 0.0177683
700.462 0.776575 0.0178777
700.786 0.785878 0.0180467
701.109 0.823366 0.0185754
701.433 0.783773 0.0171817
701.756 0.763954 0.0163261
702.08 0.773541 0.0158556
702.403 0.792847 0.0164299
702.726 0.805242 0.0171953
703.05 0.816572 0.0179486
703.373 0.771979 0.0176706
703.696 0.80437 0.0182792
704.019 0.800939 0.0184522
704.342 0.81647 0.0194013
704.665 0.821662 0.0203111
704.988 0.800311 0.0203066
705.311 0.771122 0.0192734
705.634 0.747321 0.0174136
705.957 0.732102 0.015286
706.28 0.745161 0.0139976
706.602 0.751418 0.0133213
706.925 0.788558 0.0139176
707.247 0.797944 0.0144232
707.57 0.827419 0.0156757
707.892 0.819984 0.0163294
708.215 0.773503 0.0161719
708.537 0.803845 0.017344
708.859 0.793129 0.0174474
709.182 0.795076 0.0174785
709.504 0.773249 0.016828
709.826 0.753294 0.0160334
710.148 0.757533 0.0159759
710.47 0.783877 0.0165295
710.792 0.802427 0.017415
711.114 0.80699 0.0181572
711.436 0.788587 0.0184226
711.758 0.768382 0.0180914
712.079 0.758404 0.0177391
712.401 0.764934 0.0174106
712.723 0.760907 0.0164495
713.044 0.754082 0.0156714
713.366 0.788498 0.0154166
713.687 0.774504 0.015108
714.009 0.803106 0.0158194
714.33 0.785166 0.0160585
714.652 0.820237 0.0169613
714.973 0.787281 0.0171243
715.294 0.799863 0.017879
715.615 0.799411 0.0189423
715.936 0.784773 0.0195262
716.257 0.808898 0.020462
716.578 0.804858 0.0202873
716.899 0.775955 0.0195311
717.22 0.776844 0.0186665
717.541 0.778738 0.0178253
717.862 0.773795 0.0172366
718.182 0.812575 0.0179867
718.503 0.772854 0.0172061
718.824 0.780393 0.0172415
719.144 0.807681 0.0178082
719.465 0.797039 0.0179535
719.785 0.777696 0.0181986
720.105 0.778103 0.017657
720.426 0.786489 0.0175532
720.746 0.772972 0.0171969
721.066 0.794026 0.0179211
721.386 0.796524 0.0181061
721.706 0.803201 0.0184934
722.026 0.81033 0.0190087
722.346 0.774826 0.0188409
722.666 0.777248 0.0186974
722.986 0.79047 0.0186316
723.306 0.811414 0.0187854
723.626 0.790936 0.0185794
723.946 0.793564 0.0190042
724.265 0.780042 0.0185474
724.585 0.762838 0.017049
724.904 0.746644 0.0161411
725.224 0.76961 0.0163745
725.543 0.798475 0.016978
725.863 0.774186 0.0167192
726.182 0.778851 0.016941
726.501 0.78915 0.0177558
726.82 0.770337 0.0178905
727.14 0.763909 0.0174073
727.459 0.756378 0.0168162
727.778 0.764861 0.01655
728.097 0.791962 0.0170153
728.416 0.780235 0.0169156
728.734 0.76315 0.0163026
729.053 0.769685 0.0158915
729.372 0.786418 0.0160711
729.691 0.804617 0.0165003
730.009 0.762297 0.0150252
730.328 0.757083 0.0143051
730.647 0.772033 0.0142027
730.965 0.785677 0.0147759
731.283 0.780728 0.0151802
731.602 0.801207 0.0159993
731.92 0.788251 0.0160384
732.238 0.766992 0.0152774
732.557 0.771969 0.0149477
732.875 0.767044 0.0146363
733.193 0.750252 0.0139918
733.511 0.729823 0.0128887
733.829 0.789429 0.0135891
734.147 0.79762 0.0142475
734.465 0.803939 0.0153527
734.782 0.790335 0.0157752
735.1 0.775068 0.0151317
735.418 0.755413 0.0146181
735.735 0.785342 0.0151318
736.053 0.767942 0.0147364
736.371 0.771758 0.0148579
736.688 0.778945 0.0152815
737.005 0.781514 0.0159838
737.323 0.789795 0.0170233
737.64 0.774171 0.0172951
737.957 0.754961 0.0166751
738.274 0.737874 0.0152078
738.592 0.734873 0.0140281
738.909 0.76835 0.0143089
739.226 0.785213 0.0153508
739.543 0.786358 0.0170107
739.86 0.811794 0.0185657
740.176 0.761315 0.0183318
740.493 0.810914 0.0199233
740.81 0.793519 0.0201089
741.127 0.764417 0.0193993
741.443 0.761597 0.0188006
741.76 0.746458 0.0175131
742.076 0.761965 0.0174235
742.393 0.767521 0.0178897
742.709 0.812385 0.019712
743.025 0.778154 0.0199907
743.342 0.823843 0.0211762
743.658 0.803942 0.0204208
743.974 0.781189 0.0192876
744.29 0.772056 0.0189847
744.606 0.773173 0.0191255
744.922 0.776468 0.0191449
745.238 0.790112 0.0195445
745.554 0.797295 0.0199033
745.87 0.803361 0.0205174
746.186 0.749603 0.0194448
746.501 0.781777 0.0190509
746.817 0.766559 0.0184671
747.132 0.772394 0.0191587
747.448 0.785418 0.0207364
747.763 0.800782 0.0215367
748.079 0.790457 0.0212161
748.394 0.745004 0.0186206
748.71 0.737514 0.0171617
749.025 0.754126 0.0163432
749.34 0.764078 0.0160508
749.655 0.778324 0.0162315
749.97 0.784501 0.0166434
750.285 0.776303 0.0171558
750.6 0.776745 0.017203
750.915 0.75236 0.0163412
751.23 0.773678 0.0164322
751.545 0.7849 0.0171493
751.859 0.769595 0.0175547
752.174 0.796102 0.0189054
752.489 0.798857 0.0185612
752.803 0.73694 0.0165069
753.118 0.739036 0.0156613
753.432 0.781849 0.0165747
753.747 0.762912 0.0168371
754.061 0.773056 0.017251
754.375 0.770846 0.0165278
754.689 0.756112 0.015706
755.004 0.766035 0.0154979
755.318 0.768902 0.015436
755.632 0.749551 0.0146799
755.946 0.756173 0.0142767
756.26 0.753146 0.0138591
756.573 0.740906 0.0130522
756.887 0.752063 0.0127365
757.201 0.757411 0.0125226
757.515 0.768693 0.0133736
757.828 0.803574 0.0151553
758.142 0.801339 0.0158697
758.455 0.769628 0.0149472
758.769 0.748713 0.013565
759.082 0.748399 0.0130335
759.396 0.758828 0.0127449
759.709 0.749687 0.0125605
760.022 0.751321 0.0125097
760.335 0.765495 0.0129741
760.648 0.769009 0.0139478
760.962 0.771029 0.0150862
761.275 0.805601 0.0168655
761.587 0.820505 0.0176898
761.9 0.758608 0.0166992
762.213 0.744118 0.0163145
762.526 0.747442 0.0154286
762.839 0.748158 0.0151655
763.151 0.761283 0.0152188
763.464 0.746515 0.0144043
763.776 0.719667 0.0130954
764.089 0.728167 0.0123638
764.401 0.753253 0.0128761
764.714 0.771334 0.0136627
765.026 0.786079 0.014891
765.338 0.800812 0.0161924
765.65 0.809786 0.0175335
765.962 0.820724 0.0188997
766.275 0.79711 0.0193159
766.587 0.812924 0.0200268
766.898 0.761642 0.0188596
767.21 0.767116 0.0177917
767.522 0.726925 0.0160428
767.834 0.729628 0.0149347
768.146 0.776539 0.0154727
768.457 0.788667 0.0160194
768.769 0.815253 0.0173849
769.08 0.774392 0.0176871
769.392 0.770814 0.0173456
769.703 0.717952 0.0155572
770.015 0.725683 0.0149268
770.326 0.758976 0.0150324
770.637 0.783079 0.0157487
770.948 0.815937 0.0169285
771.26 0.809038 0.0184731
771.571 0.81389 0.01934
771.882 0.772946 0.0183267
772.193 0.73955 0.0174233
772.504 0.783778 0.0184968
772.814 0.797793 0.0190628
773.125 0.786484 0.0191118
773.436 0.792715 0.0200958
773.747 0.76281 0.0198926
774.057 0.76989 0.0206141
774.368 0.773941 0.0206563
774.678 0.772886 0.0209917
774.989 0.739801 0.0210469
775.299 0.777946 0.022456
775.609 0.800917 0.0230866
775.919 0.763372 0.0218872
776.23 0.783842 0.0222593
776.54 0.759053 0.0215408
776.85 0.760255 0.0217427
777.16 0.788711 0.0225152
777.47 0.754733 0.0206748
777.78 0.760065 0.0195694
778.089 0.743302 0.0186335
778.399 0.752986 0.0181784
778.709 0.766207 0.0186252
779.019 0.766557 0.0194083
779.328 0.859838 0.0230411
779.638 0.818042 0.0231209
779.947 0.781656 0.0211774
780.257 0.775182 0.0190551
780.566 0.721495 0.0167236
780.875 0.769436 0.0172782
781.185 0.778556 0.0183083
781.494 0.776216 0.019237
781.803 0.780674 0.0197269
782.112 0.781689 0.0200445
782.421 0.7856 0.0201374
782.73 0.77255 0.0194938
783.039 0.769309 0.0191713
783.348 0.773159 0.0198367
783.656 0.789849 0.0218118
783.965 0.78132 0.0227243
784.274 0.802885 0.0228832
784.582 0.76053 0.0211063
784.891 0.760602 0.0205563
785.199 0.790311 0.0210137
785.508 0.819818 0.0221522
785.816 0.81088 0.0224166
786.124 0.740792 0.0210273
786.432 0.817349 0.0220225
786.741 0.769543 0.0200073
787.049 0.773331 0.0195309
787.357 0.790963 0.0200083
787.665 0.791563 0.0203993
787.973 0.792871 0.0201833
788.281 0.765711 0.0199872
788.588 0.80169 0.021397
788.896 0.855461 0.0240494
789.204 0.836208 0.0245731
789.511 0.761352 0.0233588
789.819 0.771037 0.0237567
790.126 0.815406 0.0247626
790.434 0.780977 0.0241211
790.741 0.739438 0.0229308
791.049 0.809238 0.0246716
791.356 0.754612 0.0235873
791.663 0.765212 0.0243931
791.97 0.824831 0.0260414
792.277 0.830556 0.0260328
792.584 0.806483 0.0250642
792.891 0.789385 0.0226593
793.198 0.753484 0.0198971
793.505 0.736777 0.0185089
793.812 0.778324 0.0193423
794.119 0.838753 0.0212744
794.425 0.829553 0.0215838
794.732 0.806875 0.0221077
795.038 0.81738 0.0234249
795.345 0.84325 0.0264379
795.651 0.853947 0.0284283
795.958 0.811221 0.0284485
796.264 0.774916 0.0268055
796.57 0.798282 0.0255943
796.876 0.790686 0.0239128
797.183 0.777596 0.0240038
797.489 0.83521 0.0260993
797.795 0.81334 0.0263222
798.101 0.77809 0.025189
798.406 0.831381 0.0266401
798.712 0.78027 0.0255866
799.018 0.816017 0.0273891
799.324 0.832442 0.027721
799.629 0.845897 0.0284827
799.935 0.733769 0.025617
800.24 0.829043 0.0281779
800.546 0.768204 0.0269212
800.851 0.824474 0.0290448
801.157 0.851205 0.0301882
801.462 0.831939 0.0297707
801.767 0.830005 0.0303911
802.072 0.767454 0.0284038
802.377 0.792151 0.027722
802.682 0.753145 0.0262484
802.987 0.811534 0.0279778
803.292 0.819686 0.0286956
803.597 0.78048 0.028513
803.902 0.814903 0.0292245
804.207 0.805327 0.0286119
804.511 0.776683 0.0277032
804.816 0.790976 0.027133
805.12 0.820471 0.0267273
805.425 0.773378 0.0238801
805.729 0.735062 0.0220553
806.034 0.821967 0.0247257
806.338 0.85869 0.0266361
806.642 0.80812 0.0263882
806.946 0.842038 0.028191
807.251 0.85073 0.0280421
807.555 0.828028 0.0273274
807.859 0.823752 0.0269472
808.162 0.823052 0.0270059
808.466 0.796602 0.0268745
808.77 0.78867 0.0275907
809.074 0.81975 0.0295707
809.378 0.871824 0.0307992
809.681 0.805705 0.0291932
809.985 0.83914 0.0298132
810.288 0.763375 0.0273965
810.592 0.798827 0.028987
810.895 0.834793 0.0305549
811.198 0.856128 0.0318092
811.502 0.884944 0.0332585
811.805 0.866813 0.0335002
812.108 0.828424 0.0328903
812.411 0.839789 0.0317012
812.714 0.779208 0.0284023
813.017 0.81512 0.0280732
813.32 0.821062 0.0267145
813.623 0.829076 0.0276696
813.926 0.860506 0.0299797
814.228 0.984885 0.0351422
814.531 0.83482 0.0317188
814.833 0.831423 0.0324495
815.136 0.832096 0.0324896
815.438 0.879004 0.0336041
815.741 0.865262 0.0335255
816.043 0.789101 0.030692
816.345 0.843322 0.03224
816.648 0.817721 0.0309054
816.95 0.813286 0.0307626
817.252 0.885836 0.0334528
817.554 0.867791 0.0327847
817.856 0.8471 0.0329337
818.158 0.821856 0.0327025
818.46 0.868564 0.0341204
818.761 0.857958 0.0337776
819.063 0.839835 0.0334782
819.365 0.880934 0.0345011
819.666 0.845801 0.0319797
819.968 0.815439 0.0301216
820.269 0.837165 0.0303106
820.571 0.852149 0.0304168
820.872 0.862272 0.0320751
821.173 0.860329 0.0326614
821.475 0.914496 0.0355539
821.776 0.883465 0.0351226
822.077 0.728147 0.0304883
822.378 0.817909 0.0328714
822.679 0.848747 0.0332694
822.98 0.810027 0.03312
823.281 0.797655 0.0323096
823.581 0.868971 0.0353796
823.882 0.823359 0.0336652
824.183 0.860054 0.0343459
824.483 0.765008 0.0319208
824.784 0.835731 0.0330187
825.084 0.912938 0.0346302
825.385 0.807449 0.0314595
825.685 0.881474 0.0343585
825.985 0.819851 0.0326227
826.286 0.791413 0.0321766
826.586 0.850441 0.0338703
826.886 0.82593 0.0327038
827.186 0.892403 0.034244
827.486 0.828552 0.0329541
827.786 0.878865 0.0359346
828.086 0.839573 0.0339444
828.386 0.921277 0.0372651
828.685 0.833755 0.0331315
828.985 0.880757 0.0353649
829.285 0.900587 0.0363441
829.584 0.846138 0.0347781
829.884 0.927566 0.0386845
830.183 0.856466 0.0361314
830.482 0.822757 0.0350287
830.782 0.859946 0.0368977
831.081 0.837149 0.0366938
831.38 0.852674 0.037013
831.679 0.821709 0.0359191
831.978 0.746243 0.0331827
832.277 0.818246 0.0343977
832.576 0.80839 0.0339324
832.875 0.867553 0.0357269
833.174 0.893962 0.0361268
833.472 0.829208 0.0344806
833.771 0.825502 0.0346333
834.07 0.815888 0.0343329
834.368 0.96981 0.0393929
834.667 0.936915 0.0388835
834.965 0.851339 0.0363015
835.263 0.897086 0.0373216
835.562 0.922615 0.0386692
835.86 0.864633 0.0368684
836.158 0.929606 0.0397624
836.456 0.935101 0.0403121
836.754 0.944519 0.0401716
837.052 0.802524 0.0360101
837.35 0.813784 0.0365359
837.648 0.788706 0.0355118
837.946 0.831022 0.0378552
838.243 0.851594 0.0383874
838.541 0.874619 0.0381084
838.839 0.794568 0.0351156
839.136 0.837321 0.0370874
839.434 0.829716 0.0359971
839.731 0.941554 0.0399635
840.028 0.821542 0.0359707
840.326 0.843571 0.0368748
840.623 0.900322 0.0390189
840.92 0.846726 0.037821
841.217 0.810499 0.0359796
841.514 0.852277 0.0368975
841.811 0.817138 0.0376461
842.108 0.840733 0.0374474
842.405 0.784894 0.0357751
842.701 0.855627 0.0392543
842.998 0.837981 0.0368915
843.295 0.816867 0.036822
843.591 0.84545 0.0383098
843.888 0.788214 0.0358839
844.184 0.791511 0.0356381
844.481 0.896132 0.0400502
844.777 0.853575 0.0391602
845.073 0.8235 0.0378254
845.369 0.808148 0.0377121
845.665 0.877543 0.0397873
845.962 0.865304 0.0379071
846.258 0.898659 0.0410574
846.553 0.864706 0.0386677
846.849 0.79774 0.0375292
847.145 0.892358 0.0406251
847.441 0.849646 0.038146
847.737 0.837899 0.0367468
848.032 0.859543 0.0389033
848.328 0.712682 0.0337189
848.623 0.821099 0.03712
848.919 0.794879 0.0372081
849.214 0.82728 0.0386529
849.509 0.82053 0.0375546
849.805 0.87909 0.0401868
850.1 0.826312 0.0374207
850.395 0.824624 0.0377867
850.69 0.933119 0.0421842
850.985 0.818185 0.0387844
851.28 0.805772 0.037555
851.575 0.955248 0.0421699
851.869 0.82308 0.0387943
852.164 0.779736 0.0362742
852.459 0.823454 0.0370763
852.753 0.827827 0.0369768
853.048 0.911806 0.0381971
853.342 0.927266 0.0379137
853.637 0.892005 0.0383733
853.931 0.880962 0.0382003
854.225 0.921859 0.0385418
854.52 0.868131 0.0373073
854.814 0.916987 0.0393039
855.108 0.963956 0.0405027
855.402 0.858913 0.0382143
855.696 0.880979 0.0382622
855.99 0.854296 0.0370834
856.283 0.780875 0.0367126
856.577 0.838449 0.036572
856.871 0.835422 0.0372526
857.164 0.968448 0.0421738
857.458 0.862684 0.0387983
857.751 0.885091 0.0399204
858.045 0.862283 0.0381504
858.338 0.923085 0.0407278
858.632 0.848523 0.0384266
858.925 0.855292 0.0377367
859.218 0.906702 0.0400713
859.511 1.02642 0.0455136
859.804 0.829917 0.0369034
860.097 0.848145 0.0377562
860.39 0.79143 0.0361795
860.683 0.807555 0.0379435
860.976 0.881517 0.0395319
861.268 0.837079 0.0392813
861.561 0.781769 0.0363244
861.854 0.863977 0.0389234
862.146 0.867974 0.0396319
862.439 0.875416 0.040404
862.731 0.8553 0.0401112
863.023 0.916816 0.0407905
863.316 0.929328 0.0422339
863.608 0.831021 0.0386601
863.9 0.835495 0.0386551
864.192 0.782691 0.0366376
864.484 0.843338 0.0392093
864.776 0.949814 0.0418379
865.068 0.812284 0.0379522
865.36 0.903677 0.0412131
865.651 0.811537 0.0373655
865.943 0.79681 0.0377954
866.235 0.981833 0.0444897
866.526 0.910218 0.0410775
866.818 0.78276 0.0365274
867.109 0.823174 0.0383187
867.4 0.825439 0.0379602
867.692 0.859747 0.0407289
867.983 0.859836 0.0394711
868.274 0.893685 0.0399408
868.565 0.887488 0.0411612
868.856 0.808514 0.0372714
869.147 0.867887 0.0392124
869.438 0.833803 0.0380265
869.729 0.862562 0.0399806
870.02 0.916222 0.0416869
870.31 0.897407 0.0405934
870.601 0.886598 0.0414244
870.892 0.889636 0.0408146
871.182 0.87084 0.0399044
871.473 0.911723 0.0416295
871.763 0.844399 0.0397744
872.053 0.952452 0.0426885
872.343 0.889505 0.0410298
872.634 0.867695 0.0394791
872.924 0.756838 0.0361075
873.214 0.829926 0.0387524
873.504 0.819472 0.0386243
873.794 0.92587 0.0419053
874.084 0.920808 0.0418714
874.373 0.857575 0.0400684
874.663 0.828216 0.0385063
874.953 0.946241 0.0435418
875.242 0.885615 0.0404374
875.532 0.94035 0.0424374
875.821 0.83838 0.0390507
876.111 0.858635 0.0400188
876.4 0.806056 0.0384556
876.689 0.88558 0.0411983
876.978 0.789254 0.0371066
877.268 0.825621 0.0395428
877.557 0.874424 0.0399973
877.846 0.842607 0.0391513
878.134 0.844383 0.0383735
878.423 0.844538 0.0383806
878.712 0.844694 0.0383876
