178.41 0.693459 0.129692
178.791 0.69785 0.130513
179.172 0.70221 0.131329
179.553 0.455974 0.455974
179.934 0.249788 0.249788
180.316 0.587947 0.587947
180.697 1.04778 1.04778
181.078 1.45289 1.45289
181.459 0.232165 0.232165
181.84 0.583348 0.583348
182.221 0.632266 0.632266
182.602 -0.330749 -0.330749
182.983 0.502323 0.090395
183.364 0.679518 0.270298
183.744 -0.0713732 -0.0713732
184.125 0.689511 0.0749912
184.506 0.822068 0.0725282
184.887 0.807409 0.082917
185.268 0.816346 0.0733367
185.648 0.509649 0.0419938
186.029 0.697723 0.047322
186.41 0.604552 0.0414954
186.791 0.495418 0.0349554
187.171 0.542783 0.0336924
187.552 0.490744 0.0270577
187.932 0.460879 0.0239638
188.313 0.432612 0.02349
188.694 0.470994 0.022939
189.074 0.504211 0.0237994
189.455 0.441547 0.0216807
189.835 0.480445 0.0224794
190.216 0.471571 0.0215868
190.596 0.480578 0.0214574
190.977 0.443852 0.0201155
191.357 0.433821 0.0201607
191.737 0.444092 0.0201382
192.118 0.517515 0.0220818
192.498 0.434626 0.0194941
192.878 0.461676 0.0195583
193.258 0.465224 0.0198607
193.639 0.452835 0.0196178
194.019 0.45166 0.0192618
194.399 0.474119 0.0196601
194.779 0.459617 0.0193048
195.159 0.406657 0.0176454
195.54 0.391042 0.0171333
195.92 0.414082 0.017375
196.3 0.411601 0.0173752
196.68 0.418077 0.0178389
197.06 0.424392 0.0176498
197.44 0.397874 0.0168298
197.82 0.391856 0.016592
198.2 0.359461 0.0157841
198.58 0.397394 0.0160541
198.959 0.39315 0.0159343
199.339 0.372256 0.0153467
199.719 0.37958 0.0159431
200.099 0.341212 0.0145216
200.479 0.347372 0.0145685
200.858 0.359267 0.0146499
201.238 0.331627 0.0142461
201.618 0.336477 0.0141046
201.998 0.319051 0.0135369
202.377 0.334908 0.013741
202.757 0.321426 0.0132321
203.136 0.312445 0.0131829
203.516 0.314359 0.0130354
203.896 0.310743 0.0125593
204.275 0.299669 0.0124689
204.655 0.293585 0.0121034
205.034 0.287535 0.0119173
205.414 0.274819 0.0113353
205.793 0.274452 0.0112445
206.172 0.260308 0.0107941
206.552 0.274391 0.0111314
206.931 0.2711 0.0108769
207.31 0.25876 0.0104924
207.69 0.251167 0.0100956
208.069 0.230002 0.00972892
208.448 0.253899 0.010028
208.827 0.248726 0.00984547
209.207 0.237034 0.00940776
209.586 0.238779 0.00930836
209.965 0.237307 0.00930315
210.344 0.227236 0.00890835
210.723 0.230429 0.00882489
211.102 0.216622 0.00841924
211.481 0.209331 0.00824235
211.86 0.217449 0.00833467
212.239 0.214943 0.00811475
212.618 0.215797 0.00804707
212.997 0.200143 0.00774247
213.376 0.202834 0.0075906
213.755 0.197327 0.00737576
214.134 0.207418 0.00752736
214.513 0.202275 0.0073737
214.891 0.189369 0.00696634
215.27 0.188371 0.00689804
215.649 0.17795 0.00656139
216.028 0.180079 0.00655233
216.406 0.179994 0.00644867
216.785 0.191549 0.00660432
217.164 0.172098 0.0061347
217.542 0.171216 0.00601748
217.921 0.177171 0.00604799
218.3 0.173081 0.00597963
218.678 0.170322 0.00580658
219.057 0.17817 0.00587699
219.435 0.167546 0.00560629
219.814 0.16756 0.00553041
220.192 0.164491 0.00539281
220.57 0.163797 0.005303
220.949 0.173332 0.00541831
221.327 0.153896 0.00499133
221.705 0.157885 0.00500622
222.084 0.159197 0.00494259
222.462 0.16357 0.00498066
222.84 0.162324 0.0048857
223.218 0.164347 0.00484758
223.597 0.161617 0.00471318
223.975 0.153827 0.00451855
224.353 0.15475 0.00446309
224.731 0.158352 0.00444019
225.109 0.160868 0.00444456
225.487 0.160297 0.00438122
225.865 0.161247 0.00432466
226.243 0.163975 0.00430182
226.621 0.154505 0.00411083
226.999 0.159213 0.0041048
227.377 0.159996 0.0040635
227.755 0.1576 0.00396144
228.133 0.162645 0.00397483
228.511 0.168401 0.00403174
228.889 0.164481 0.00390926
229.266 0.163382 0.00386915
229.644 0.161303 0.00376445
230.022 0.168267 0.00380332
230.4 0.165492 0.00373157
230.777 0.168118 0.00372405
231.155 0.170366 0.00370532
231.533 0.168087 0.00361657
231.91 0.169503 0.00358501
232.288 0.167942 0.00354981
232.665 0.170841 0.00353745
233.043 0.174978 0.00353896
233.42 0.1747 0.00351747
233.798 0.174729 0.00347023
234.175 0.175734 0.00344695
234.553 0.17936 0.00346412
234.93 0.179065 0.00341623
235.307 0.17983 0.00340165
235.685 0.179829 0.00335573
236.062 0.180828 0.00334193
236.439 0.184625 0.00335171
236.816 0.181748 0.00328408
237.194 0.185423 0.00328532
237.571 0.186106 0.00327251
237.948 0.191104 0.00329825
238.325 0.186936 0.00323634
238.702 0.186972 0.0032082
239.079 0.190627 0.0032114
239.456 0.188999 0.00317392
239.833 0.197183 0.00321602
240.21 0.193313 0.00316666
240.587 0.20122 0.00320545
240.964 0.195708 0.00314175
241.341 0.198327 0.00314169
241.718 0.197894 0.0031106
242.095 0.198583 0.00310323
242.472 0.198819 0.00307717
242.849 0.20196 0.00309705
243.225 0.200476 0.0030456
243.602 0.199536 0.0030389
243.979 0.203704 0.00306427
244.356 0.205074 0.00304377
244.732 0.203772 0.00300525
245.109 0.205579 0.00301258
245.486 0.20586 0.00298989
245.862 0.209584 0.00301357
246.239 0.212952 0.00301831
246.615 0.207834 0.00296272
246.992 0.209525 0.00295846
247.368 0.210451 0.00295175
247.745 0.213155 0.0029555
248.121 0.210694 0.00290885
248.497 0.21101 0.00291902
248.874 0.212229 0.00291202
249.25 0.21278 0.00288629
249.626 0.215286 0.00289304
250.003 0.21439 0.00287395
250.379 0.218828 0.00288518
250.755 0.21428 0.00284313
251.131 0.215728 0.00283685
251.507 0.217418 0.00285449
251.884 0.216969 0.00282148
252.26 0.219479 0.00283714
252.636 0.218753 0.00281014
253.012 0.218764 0.00280002
253.388 0.223017 0.00281474
253.764 0.220849 0.0027922
254.14 0.221212 0.00278891
254.516 0.219465 0.00276933
254.892 0.221338 0.00277851
255.268 0.220169 0.00275902
255.643 0.22559 0.00278493
256.019 0.222306 0.00274781
256.395 0.221605 0.00274569
256.771 0.222211 0.00273413
257.147 0.224743 0.0027435
257.522 0.227941 0.00276579
257.898 0.225154 0.00273494
258.274 0.22885 0.00275537
258.649 0.226431 0.00273396
259.025 0.228125 0.0027312
259.4 0.226073 0.00271296
259.776 0.229388 0.00273198
260.151 0.229298 0.00273447
260.527 0.230734 0.00273845
260.902 0.228081 0.00270767
261.278 0.231566 0.00272313
261.653 0.229791 0.00271408
262.028 0.232068 0.00272775
262.404 0.232777 0.00272947
262.779 0.233723 0.00272445
263.154 0.231069 0.00270168
263.53 0.233994 0.00270825
263.905 0.233907 0.00271524
264.28 0.233736 0.0027168
264.655 0.234807 0.00271576
265.03 0.232932 0.00271543
265.405 0.236616 0.00272689
265.781 0.233141 0.00269734
266.156 0.238025 0.00273716
266.531 0.234589 0.00270119
266.906 0.235794 0.00271048
267.281 0.236712 0.00270347
267.655 0.240267 0.00274408
268.03 0.237434 0.0027182
268.405 0.239195 0.00273331
268.78 0.243742 0.00276253
269.155 0.241202 0.00273475
269.53 0.237861 0.00271715
269.904 0.240522 0.00273134
270.279 0.245946 0.00277216
270.654 0.24328 0.00274356
271.029 0.242208 0.00274523
271.403 0.241257 0.00273959
271.778 0.239939 0.00272922
272.152 0.245485 0.00276459
272.527 0.24283 0.00274705
272.901 0.243607 0.00274634
273.276 0.241644 0.00273018
273.65 0.246637 0.00275138
274.025 0.248174 0.0027778
274.399 0.244425 0.00275867
274.774 0.247721 0.00276588
275.148 0.245895 0.00275058
275.522 0.242587 0.00272478
275.897 0.247159 0.00276203
276.271 0.24676 0.00276124
276.645 0.25022 0.00277224
277.019 0.250195 0.00277399
277.393 0.24673 0.00274691
277.768 0.252717 0.00279084
278.142 0.247956 0.00275331
278.516 0.252932 0.0028022
278.89 0.247613 0.00275949
279.264 0.250146 0.00278235
279.638 0.251352 0.00277622
280.012 0.249448 0.00276236
280.386 0.251623 0.00279161
280.76 0.25083 0.00277678
281.133 0.25339 0.00279378
281.507 0.252049 0.00278224
281.881 0.250852 0.00277253
282.255 0.252857 0.00278983
282.629 0.252849 0.00279584
283.002 0.253356 0.00279746
283.376 0.253419 0.00279621
283.75 0.25384 0.00280609
284.123 0.254557 0.00280523
284.497 0.253341 0.0028028
284.87 0.253806 0.00280696
285.244 0.253894 0.00279827
285.618 0.256354 0.00281776
285.991 0.254994 0.00282279
286.364 0.255646 0.002831
286.738 0.253852 0.00281544
287.111 0.256306 0.00281794
287.485 0.25505 0.00282565
287.858 0.254352 0.00282795
288.231 0.254526 0.00283444
288.605 0.257959 0.0028587
288.978 0.255055 0.00283177
289.351 0.257106 0.002856
289.724 0.256448 0.00286333
290.097 0.257325 0.00286349
290.47 0.255678 0.00286281
290.843 0.254359 0.00285288
291.217 0.257917 0.00288216
291.59 0.257154 0.00289543
291.963 0.254433 0.00287333
292.336 0.25464 0.00288219
292.708 0.251553 0.00286277
293.081 0.251447 0.00286757
293.454 0.254342 0.00288828
293.827 0.251674 0.00288231
294.2 0.252996 0.00290361
294.573 0.250591 0.00288116
294.945 0.249832 0.00289531
295.318 0.250265 0.00288389
295.691 0.250512 0.00290095
296.064 0.248778 0.00289378
296.436 0.24924 0.00289998
296.809 0.248216 0.00289524
297.181 0.246498 0.00289391
297.554 0.24666 0.00290272
297.926 0.24453 0.00288995
298.299 0.246712 0.0029047
298.671 0.246029 0.00288923
299.044 0.247028 0.00291054
299.416 0.24374 0.002886
299.788 0.241746 0.0028781
300.161 0.242516 0.00288597
300.533 0.241624 0.00288232
300.905 0.24031 0.00286057
301.278 0.237484 0.00284818
301.65 0.237173 0.0028451
302.022 0.2341 0.00283887
302.394 0.237658 0.00286568
302.766 0.235342 0.00284537
303.138 0.233618 0.00284605
303.51 0.230587 0.00280814
303.882 0.229916 0.00281706
304.254 0.228207 0.00279866
304.626 0.227102 0.00278897
304.998 0.225509 0.00277681
305.37 0.223731 0.00278217
305.742 0.220619 0.00275293
306.114 0.220573 0.00275564
306.485 0.216844 0.00272674
306.857 0.219561 0.00274187
307.229 0.215154 0.00271997
307.601 0.214354 0.00272102
307.972 0.208485 0.0026807
308.344 0.208253 0.00268065
308.716 0.211294 0.00271504
309.087 0.206441 0.00267084
309.459 0.205367 0.00267049
309.83 0.202019 0.00264687
310.202 0.196587 0.00260448
310.573 0.19736 0.00260962
310.945 0.192726 0.00258987
311.316 0.1919 0.002588
311.687 0.191793 0.00257622
312.059 0.188056 0.00255656
312.43 0.185745 0.0025439
312.801 0.181438 0.00250738
313.172 0.181725 0.00251983
313.544 0.176704 0.00248431
313.915 0.174889 0.00246861
314.286 0.172869 0.00245509
314.657 0.168855 0.0024219
315.028 0.163677 0.00238986
315.399 0.164014 0.00239354
315.77 0.161063 0.00237149
316.141 0.157941 0.00234978
316.512 0.156124 0.00233743
316.883 0.154681 0.00233812
317.254 0.15087 0.00230714
317.625 0.147837 0.00228825
317.996 0.143709 0.00225093
318.366 0.144014 0.00225751
318.737 0.13758 0.00220445
319.108 0.135294 0.00218913
319.478 0.133957 0.00218576
319.849 0.127899 0.00212912
320.22 0.125681 0.00211679
320.59 0.125698 0.00211592
320.961 0.121537 0.00208611
321.331 0.119008 0.0020595
321.702 0.117933 0.00206781
322.072 0.115852 0.0020467
322.443 0.112922 0.00202314
322.813 0.110536 0.00199697
323.184 0.108692 0.00198947
323.554 0.104764 0.00195329
323.924 0.101982 0.00192304
324.295 0.101718 0.00193076
324.665 0.100738 0.00192362
325.035 0.0994017 0.00190597
325.405 0.0982331 0.00190097
325.775 0.0999877 0.00192976
326.145 0.0960393 0.00189
326.515 0.0981246 0.00192243
326.886 0.0967813 0.0019093
327.256 0.0953194 0.00189516
327.626 0.0980956 0.00193751
327.995 0.0974713 0.00193837
328.365 0.0981718 0.00194763
328.735 0.100625 0.00198004
329.105 0.100348 0.0019934
329.475 0.102538 0.00203336
329.845 0.107822 0.00209214
330.215 0.113519 0.00214185
330.584 0.119413 0.00217236
330.954 0.122637 0.00217344
331.324 0.123456 0.00213072
331.693 0.129515 0.00214826
332.063 0.131502 0.00215162
332.432 0.136541 0.00217825
332.802 0.137532 0.00218579
333.171 0.146361 0.0022759
333.541 0.154731 0.00238112
333.91 0.161225 0.002449
334.28 0.172566 0.0025528
334.649 0.180948 0.00262065
335.018 0.190019 0.00269225
335.388 0.197492 0.00275123
335.757 0.204685 0.00279896
336.126 0.213421 0.00286908
336.495 0.222326 0.00292995
336.865 0.231081 0.00299162
337.234 0.240808 0.00307431
337.603 0.249065 0.00311777
337.972 0.258061 0.00318349
338.341 0.269356 0.00324307
338.71 0.279686 0.00331284
339.079 0.293318 0.00339701
339.448 0.295804 0.00339865
339.817 0.307824 0.00347399
340.186 0.320058 0.00354903
340.554 0.332409 0.00362726
340.923 0.338686 0.00365453
341.292 0.351479 0.00374302
341.661 0.356061 0.00375702
342.029 0.366384 0.00380692
342.398 0.374122 0.00386391
342.767 0.388982 0.00395433
343.135 0.392697 0.00394915
343.504 0.400792 0.00401716
343.872 0.410575 0.0040429
344.241 0.421783 0.00409939
344.609 0.426859 0.0041372
344.978 0.434078 0.00417692
345.346 0.441523 0.00420069
345.715 0.453382 0.00427326
346.083 0.455282 0.00428096
346.451 0.464852 0.00434023
346.82 0.471376 0.00436669
347.188 0.480812 0.00440562
347.556 0.484066 0.00443496
347.924 0.488377 0.0044323
348.292 0.504827 0.00456551
348.66 0.509868 0.00457623
349.028 0.512084 0.00457299
349.396 0.514676 0.00459263
349.764 0.519488 0.00461088
350.132 0.527038 0.00466966
350.5 0.531166 0.00467008
350.868 0.541517 0.00474774
351.236 0.54311 0.00474416
351.604 0.551173 0.00479516
351.972 0.558909 0.00483574
352.34 0.555249 0.00481893
352.707 0.561044 0.00484576
353.075 0.565157 0.00485244
353.443 0.565435 0.00487015
353.81 0.573485 0.0049245
354.178 0.572219 0.00491999
354.545 0.582854 0.00494686
354.913 0.587301 0.00498237
355.28 0.583203 0.00495617
355.648 0.593578 0.00501098
356.015 0.598054 0.00504678
356.383 0.597604 0.00503618
356.75 0.604142 0.00508119
357.117 0.599961 0.0050617
357.485 0.614848 0.00514234
357.852 0.611407 0.00512332
358.219 0.614245 0.00514089
358.586 0.612514 0.00512891
358.954 0.615679 0.00515046
359.321 0.615072 0.00515159
359.688 0.62564 0.00521262
360.055 0.62498 0.00520037
360.422 0.623893 0.00518989
360.789 0.625299 0.0052201
361.156 0.629443 0.00523606
361.523 0.633472 0.00527322
361.89 0.634305 0.00527714
362.256 0.631845 0.00523316
362.623 0.638582 0.00530385
362.99 0.646349 0.0053574
363.357 0.637778 0.00531522
363.724 0.648616 0.0053526
364.09 0.648052 0.00535877
364.457 0.651046 0.00539532
364.823 0.646486 0.00534019
365.19 0.642933 0.00532144
365.557 0.652273 0.00538204
365.923 0.648923 0.0053689
366.29 0.646147 0.0053641
366.656 0.650482 0.0053888
367.022 0.652152 0.00536786
367.389 0.65873 0.00543025
367.755 0.650265 0.00538479
368.121 0.658014 0.00544728
368.488 0.666059 0.00547301
368.854 0.659516 0.00544819
369.22 0.666327 0.00551705
369.586 0.660309 0.00550519
369.952 0.660542 0.00551479
370.318 0.664034 0.00554665
370.684 0.664375 0.00556483
371.051 0.661591 0.00554306
371.416 0.670008 0.00560721
371.782 0.661531 0.00555377
372.148 0.665617 0.00558218
372.514 0.668187 0.00561638
372.88 0.668183 0.00560962
373.246 0.670398 0.00563616
373.612 0.670599 0.00562534
373.977 0.662909 0.0055727
374.343 0.665501 0.00557964
374.709 0.666251 0.00556469
375.074 0.670369 0.00560269
375.44 0.675696 0.00563837
375.806 0.675414 0.00566524
376.171 0.672531 0.0056482
376.537 0.671933 0.00562626
376.902 0.675205 0.00566488
377.268 0.674358 0.00563898
377.633 0.67632 0.00563507
377.998 0.673905 0.00558494
378.364 0.67262 0.00555965
378.729 0.677457 0.00556956
379.094 0.683514 0.00561369
379.459 0.678196 0.00565992
379.825 0.674326 0.00564373
380.19 0.674246 0.00564623
380.555 0.681084 0.00572549
380.92 0.683194 0.00577843
381.285 0.680774 0.00579372
381.65 0.681581 0.00576335
382.015 0.671353 0.00569717
382.38 0.676321 0.0057446
382.745 0.683138 0.00581996
383.11 0.674001 0.00577049
383.474 0.678946 0.00579384
383.839 0.681415 0.00580328
384.204 0.684042 0.00584147
384.569 0.676336 0.00580532
384.933 0.677319 0.00582117
385.298 0.682301 0.00588273
385.663 0.692983 0.00594109
386.027 0.680629 0.00585005
386.392 0.683583 0.00584353
386.756 0.675 0.00576943
387.121 0.680829 0.0058005
387.485 0.678442 0.00574328
387.849 0.67318 0.0056845
388.214 0.685474 0.00581679
388.578 0.684162 0.00581088
388.942 0.689734 0.00590314
389.307 0.674058 0.00580788
389.671 0.678314 0.00585973
390.035 0.671472 0.00579834
390.399 0.681832 0.00584484
390.763 0.677121 0.00579466
391.127 0.670826 0.00572413
391.492 0.669495 0.00565822
391.856 0.673446 0.00562556
392.219 0.670439 0.00553843
392.583 0.688202 0.00565049
392.947 0.69052 0.00574483
393.311 0.686877 0.00580316
393.675 0.685625 0.00582352
394.039 0.675727 0.00579635
394.403 0.683813 0.00585278
394.766 0.688119 0.00590929
395.13 0.682651 0.00589015
395.494 0.671245 0.00583269
395.857 0.680399 0.00586874
396.221 0.680654 0.0058413
396.584 0.674754 0.00577885
396.948 0.675113 0.0057195
397.311 0.670315 0.00561242
397.675 0.680774 0.00562218
398.038 0.68206 0.00561024
398.401 0.692746 0.0057308
398.765 0.689379 0.00580239
399.128 0.691999 0.00589932
399.491 0.684474 0.00590665
399.854 0.672595 0.00587816
400.218 0.677078 0.00588584
400.581 0.681468 0.0059667
400.944 0.676653 0.0059377
401.307 0.683837 0.00606949
401.67 0.685456 0.00606073
402.033 0.67915 0.00603759
402.396 0.683747 0.00606292
402.759 0.676241 0.00602721
403.122 0.675891 0.00601952
403.485 0.681274 0.00603396
403.847 0.678103 0.0059835
404.21 0.676624 0.00594861
404.573 0.684006 0.00595669
404.936 0.675431 0.00586586
405.298 0.688026 0.00599626
405.661 0.693399 0.00610868
406.023 0.684609 0.00613973
406.386 0.681006 0.00613797
406.749 0.685847 0.00621452
407.111 0.690565 0.00626675
407.473 0.671839 0.00609555
407.836 0.679244 0.00607797
408.198 0.679241 0.00606377
408.561 0.685165 0.00609167
408.923 0.672957 0.00601564
409.285 0.66772 0.00598403
409.647 0.684826 0.00614941
410.009 0.691674 0.00623693
410.372 0.679418 0.00618078
410.734 0.684697 0.00623597
411.096 0.68506 0.00623379
411.458 0.680843 0.00621703
411.82 0.683112 0.00618488
412.182 0.66681 0.0060493
412.544 0.679232 0.00612964
412.906 0.685941 0.00615904
413.267 0.679238 0.0061164
413.629 0.684405 0.00620287
413.991 0.684066 0.00623479
414.353 0.684314 0.00624438
414.714 0.690484 0.00635411
415.076 0.684719 0.00630727
415.438 0.671693 0.00624069
415.799 0.680542 0.00624553
416.161 0.683655 0.00632015
416.522 0.682959 0.00635633
416.884 0.679536 0.00634232
417.245 0.683719 0.0063732
417.607 0.676987 0.00633139
417.968 0.676632 0.00635346
418.329 0.672245 0.00628718
418.691 0.673711 0.00630005
419.052 0.674473 0.00629395
419.413 0.67464 0.00628098
419.774 0.671555 0.00622487
420.135 0.670319 0.00609952
420.497 0.667302 0.00598803
420.858 0.673313 0.00593138
421.219 0.682039 0.00595408
421.58 0.684075 0.0060119
421.941 0.681451 0.00607376
422.302 0.690463 0.00623997
422.662 0.688582 0.0062644
423.023 0.676066 0.0062407
423.384 0.670244 0.00623841
423.745 0.674291 0.00623588
424.106 0.674899 0.00623921
424.466 0.670295 0.00616687
424.827 0.686211 0.00629006
425.187 0.691176 0.00643549
425.548 0.692617 0.00652195
425.909 0.67311 0.00645018
426.269 0.660123 0.00634517
426.63 0.67139 0.00637522
426.99 0.666549 0.00627734
427.35 0.675551 0.00634644
427.711 0.674872 0.00633907
428.071 0.672568 0.00626899
428.431 0.654536 0.00608514
428.792 0.651835 0.00588119
429.152 0.658705 0.00573722
429.512 0.674525 0.00577107
429.872 0.677756 0.00579807
430.232 0.679798 0.00586564
430.592 0.688264 0.00607495
430.952 0.689031 0.00625947
431.312 0.686039 0.00638403
431.672 0.684181 0.00650547
432.032 0.67318 0.00645915
432.392 0.673238 0.00641203
432.752 0.64318 0.0059848
433.111 0.656502 0.00586773
433.471 0.686291 0.00603126
433.831 0.710962 0.00638643
434.19 0.67456 0.0062435
434.55 0.672101 0.00622115
434.91 0.679025 0.00633726
435.269 0.673265 0.00625556
435.629 0.666684 0.0061951
435.988 0.677679 0.00622402
436.348 0.676966 0.00625845
436.707 0.671975 0.00634861
437.066 0.671374 0.0063533
437.426 0.665522 0.00629306
437.785 0.668314 0.00626599
438.144 0.670893 0.0062669
438.503 0.678624 0.00636265
438.862 0.683783 0.0064086
439.222 0.673623 0.0063916
439.581 0.668433 0.0064252
439.94 0.6699 0.00640926
440.299 0.649921 0.00609435
440.658 0.648884 0.00588215
441.017 0.661682 0.00591604
441.376 0.682041 0.00605799
441.734 0.672038 0.00609433
442.093 0.671768 0.00611067
442.452 0.654836 0.00599484
442.811 0.662281 0.00598108
443.169 0.675368 0.00605796
443.528 0.674392 0.00614314
443.887 0.666507 0.00613215
444.245 0.662024 0.00611305
444.604 0.673373 0.00624702
444.962 0.666291 0.00625623
445.321 0.666725 0.00624775
445.679 0.660742 0.00619348
446.038 0.663171 0.00617692
446.396 0.673886 0.00628764
446.754 0.666921 0.00634967
447.112 0.672607 0.00639483
447.471 0.671636 0.00644977
447.829 0.667504 0.00645739
448.187 0.662708 0.00641084
448.545 0.666143 0.00641798
448.903 0.669879 0.00644896
449.261 0.668764 0.00646158
449.619 0.663918 0.00648735
449.977 0.667902 0.00652105
450.335 0.675272 0.0066266
450.693 0.670894 0.00663587
451.051 0.672663 0.00666554
451.409 0.669149 0.0066264
451.766 0.680168 0.0067313
452.124 0.680019 0.00680591
452.482 0.676061 0.00683642
452.839 0.665375 0.00682627
453.197 0.67845 0.00697646
453.555 0.666223 0.00692472
453.912 0.669575 0.00698191
454.27 0.652149 0.0067396
454.627 0.662675 0.00673986
454.984 0.668719 0.00673524
455.342 0.678231 0.00688094
455.699 0.666916 0.00688202
456.056 0.668517 0.00690308
456.414 0.662617 0.00678297
456.771 0.661945 0.0067097
457.128 0.663626 0.00667321
457.485 0.659525 0.00658227
457.842 0.661787 0.00663296
458.199 0.667253 0.00667319
458.556 0.657468 0.00656207
458.913 0.661916 0.00660445
459.27 0.669211 0.00658576
459.627 0.667198 0.00663792
459.984 0.654621 0.00654886
460.341 0.666826 0.00662601
460.697 0.671645 0.00671882
461.054 0.683296 0.00694057
461.411 0.674427 0.00704572
461.767 0.66865 0.00710179
462.124 0.661382 0.00710579
462.481 0.655012 0.0069616
462.837 0.655712 0.0068707
463.194 0.654594 0.00671187
463.55 0.657957 0.006765
463.907 0.645937 0.00654382
464.263 0.650516 0.00647424
464.619 0.648988 0.0063682
464.976 0.6554 0.00628282
465.332 0.669508 0.00633075
465.688 0.673251 0.00646347
466.044 0.683979 0.00677784
466.4 0.687064 0.00694878
466.756 0.676728 0.00695536
467.112 0.656486 0.00682769
467.468 0.665298 0.00690532
467.824 0.657322 0.00685318
468.18 0.667863 0.0070255
468.536 0.666247 0.00705209
468.892 0.667192 0.00712794
469.248 0.662508 0.00713558
469.604 0.661566 0.00719179
469.959 0.665816 0.00724664
470.315 0.659968 0.00717816
470.671 0.658878 0.00718106
471.026 0.651029 0.00708266
471.382 0.653459 0.00703938
471.737 0.652012 0.00696165
472.093 0.650605 0.00686061
472.448 0.649693 0.00675535
472.804 0.650935 0.00664679
473.159 0.66054 0.00666709
473.514 0.662594 0.00668398
473.87 0.648432 0.00654676
474.225 0.639743 0.00632634
474.58 0.646135 0.00621803
474.935 0.66023 0.00629206
475.29 0.66294 0.00638683
475.645 0.662112 0.0064247
476 0.654754 0.00639005
476.355 0.66508 0.00650236
476.71 0.661432 0.00650246
477.065 0.645266 0.00629546
477.42 0.644345 0.00614862
477.775 0.664676 0.00625547
478.13 0.650361 0.00619287
478.485 0.649746 0.00618544
478.839 0.649751 0.00614882
479.194 0.638396 0.0059425
479.549 0.634769 0.00579998
479.903 0.653921 0.00589602
480.258 0.665896 0.00604089
480.612 0.650246 0.00587083
480.967 0.638713 0.00570311
481.321 0.652971 0.00573288
481.675 0.669514 0.00590922
482.03 0.66809 0.00602439
482.384 0.655263 0.00599368
482.738 0.652304 0.00594767
483.093 0.646188 0.00589685
483.447 0.639298 0.00571995
483.801 0.630323 0.00553489
484.155 0.650095 0.00553615
484.509 0.580515 0.00486029
484.863 0.455194 0.00288984
485.217 0.586402 0.00287549
485.571 0.677447 0.00305748
485.925 0.859134 0.00419462
486.279 0.783117 0.00477202
486.632 0.690082 0.00489237
486.986 0.693209 0.00532302
487.34 0.694501 0.00572252
487.694 0.668178 0.00581266
488.047 0.653124 0.00581478
488.401 0.65324 0.00580852
488.754 0.654383 0.00584996
489.108 0.658124 0.00594758
489.461 0.657106 0.00600381
489.815 0.662479 0.00609887
490.168 0.64266 0.00593604
490.522 0.650602 0.00595268
490.875 0.65203 0.00596701
491.228 0.651249 0.00599305
491.581 0.642596 0.0059162
491.935 0.656498 0.00599586
492.288 0.646224 0.00596793
492.641 0.648451 0.00594419
492.994 0.645733 0.00591488
493.347 0.646963 0.00588442
493.7 0.643223 0.00583653
494.053 0.647228 0.00587385
494.406 0.664474 0.00603024
494.759 0.665218 0.00617419
495.111 0.633433 0.005882
495.464 0.614176 0.0055454
495.817 0.631881 0.00546321
496.169 0.672881 0.00579193
496.522 0.678987 0.00604528
496.875 0.67139 0.00623773
497.227 0.64484 0.0061582
497.58 0.648973 0.006217
497.932 0.644585 0.00614253
498.285 0.636503 0.00606104
498.637 0.636874 0.00592249
498.989 0.640906 0.00585555
499.342 0.652228 0.0059099
499.694 0.658413 0.00605729
500.046 0.658253 0.00616479
500.398 0.625951 0.00586841
500.751 0.638274 0.00582366
501.103 0.641141 0.00585166
501.455 0.648249 0.00587239
501.807 0.646748 0.00587573
502.159 0.650959 0.00589547
502.511 0.648583 0.00589423
502.862 0.64619 0.00589638
503.214 0.658847 0.0060299
503.566 0.659319 0.00614157
503.918 0.648941 0.00617337
504.27 0.639783 0.00611258
504.621 0.650361 0.00616764
504.973 0.656255 0.00625605
505.324 0.643993 0.00617607
505.676 0.640682 0.00605173
506.027 0.64389 0.00603888
506.379 0.672044 0.00636427
506.73 0.65569 0.00642404
507.082 0.640739 0.0062939
507.433 0.632197 0.00616018
507.784 0.65087 0.00620758
508.136 0.647173 0.00626922
508.487 0.64755 0.00629868
508.838 0.645719 0.00637779
509.189 0.640871 0.00635785
509.54 0.635149 0.0062572
509.891 0.647721 0.00638453
510.242 0.643923 0.00634474
510.593 0.651055 0.0064225
510.944 0.646996 0.00644902
511.295 0.652944 0.00657551
511.646 0.656504 0.0067076
511.996 0.642952 0.00660302
512.347 0.631095 0.00649304
512.698 0.648092 0.00656513
513.049 0.640237 0.0065379
513.399 0.64915 0.00667463
513.75 0.643554 0.00661529
514.1 0.64753 0.00669517
514.451 0.657644 0.00692037
514.801 0.654624 0.00695586
515.152 0.639266 0.00678595
515.502 0.636637 0.00664869
515.852 0.636509 0.00658902
516.202 0.646838 0.00663898
516.553 0.658019 0.00677097
516.903 0.655314 0.00685743
517.253 0.659817 0.00699577
517.603 0.64374 0.00695602
517.953 0.634264 0.00682831
518.303 0.631805 0.00670402
518.653 0.64015 0.00664633
519.003 0.655749 0.00678668
519.353 0.662182 0.00704047
519.703 0.669109 0.00728607
520.052 0.643263 0.00715517
520.402 0.641983 0.00713017
520.752 0.643054 0.00705808
521.102 0.649179 0.00711731
521.451 0.652101 0.00724278
521.801 0.636135 0.00713417
522.15 0.637651 0.0070964
522.5 0.63739 0.00700862
522.849 0.641515 0.00705
523.199 0.635997 0.00692784
523.548 0.640524 0.0069351
523.897 0.643909 0.00694004
524.246 0.660494 0.00717181
524.596 0.6541 0.0072543
524.945 0.638484 0.0071176
525.294 0.645671 0.00715055
525.643 0.643697 0.00714692
525.992 0.647655 0.00715297
526.341 0.644039 0.0070773
526.69 0.649248 0.00717783
527.039 0.657034 0.00728475
527.388 0.644351 0.00725652
527.737 0.614337 0.0068976
528.086 0.6227 0.00672663
528.434 0.637902 0.00666697
528.783 0.655889 0.00684668
529.132 0.660438 0.00701293
529.48 0.647589 0.00705931
529.829 0.647984 0.00713676
530.177 0.648928 0.00718708
530.526 0.650599 0.00724422
530.874 0.636997 0.00709414
531.223 0.633086 0.00705719
531.571 0.645386 0.00712228
531.919 0.642531 0.00712554
532.268 0.61417 0.00678594
532.616 0.621253 0.00659684
532.964 0.633062 0.00653124
533.312 0.646503 0.00661731
533.66 0.647856 0.00662261
534.008 0.630114 0.00650885
534.356 0.634874 0.00652307
534.704 0.643246 0.00663142
535.052 0.640956 0.00667994
535.4 0.645984 0.00684752
535.748 0.655361 0.00708266
536.095 0.656837 0.00727167
536.443 0.641616 0.00722024
536.791 0.620568 0.00698614
537.139 0.622715 0.0068244
537.486 0.628929 0.00671896
537.834 0.638417 0.00669802
538.181 0.636018 0.00665927
538.529 0.638812 0.00667515
538.876 0.636672 0.00667705
539.223 0.654394 0.00684164
539.571 0.652143 0.00697477
539.918 0.632879 0.00686671
540.265 0.625942 0.00671183
540.613 0.630162 0.00663649
540.96 0.642083 0.00674471
541.307 0.637792 0.00674486
541.654 0.643668 0.00681822
542.001 0.63628 0.0067314
542.348 0.63821 0.00675416
542.695 0.635442 0.00674752
543.042 0.628391 0.0066133
543.388 0.623764 0.00651864
543.735 0.631393 0.0065294
544.082 0.637278 0.00656022
544.429 0.639399 0.00657776
544.775 0.645936 0.00674713
545.122 0.657948 0.00700774
545.469 0.645276 0.00708114
545.815 0.633305 0.0070067
546.162 0.628113 0.00692707
546.508 0.617996 0.00672722
546.854 0.625174 0.00658452
547.201 0.6155 0.00624287
547.547 0.637631 0.00628882
547.893 0.646179 0.00642831
548.24 0.661368 0.0067892
548.586 0.658663 0.00714888
548.932 0.634227 0.00711649
549.278 0.636647 0.00720985
549.624 0.621521 0.00702918
549.97 0.64897 0.00726103
550.316 0.653334 0.00744677
550.662 0.632374 0.00737797
551.008 0.606004 0.00698441
551.353 0.600682 0.00656255
551.699 0.623485 0.00643525
552.045 0.656345 0.00674166
552.391 0.637956 0.00682243
552.736 0.634336 0.00684099
553.082 0.624909 0.00681649
553.427 0.645181 0.0070034
553.773 0.659242 0.00732398
554.118 0.636487 0.00727323
554.464 0.61461 0.00695611
554.809 0.608194 0.00667316
555.154 0.621346 0.00658482
555.5 0.64212 0.00673973
555.845 0.651611 0.0069823
556.19 0.638784 0.00707248
556.535 0.641911 0.00728946
556.88 0.619429 0.00710449
557.225 0.627891 0.00710406
557.57 0.637208 0.00723897
557.915 0.656893 0.00757249
558.26 0.628486 0.00748629
558.605 0.635067 0.00755093
558.95 0.6228 0.00735699
559.295 0.602387 0.00688216
559.639 0.614734 0.00666133
559.984 0.615779 0.0064352
560.329 0.630939 0.0064402
560.673 0.629578 0.0064491
561.018 0.651415 0.00671949
561.362 0.636224 0.00679508
561.707 0.632629 0.00695431
562.051 0.620516 0.00682972
562.395 0.622427 0.00681404
562.74 0.6257 0.00667738
563.084 0.620455 0.00654549
563.428 0.612441 0.00635671
563.772 0.640552 0.00652821
564.117 0.626288 0.00641005
564.461 0.630643 0.00640186
564.805 0.630878 0.00647167
565.149 0.621449 0.00639867
565.493 0.629375 0.00642028
565.836 0.620842 0.00628595
566.18 0.621182 0.00621497
566.524 0.590048 0.00569103
566.868 0.616441 0.00561761
567.212 0.62546 0.00555158
567.555 0.618733 0.0054543
567.899 0.595193 0.00513812
568.242 0.608961 0.0049763
568.586 0.591475 0.00461824
568.929 0.592439 0.00432416
569.273 0.605666 0.00411594
569.616 0.624118 0.00412596
569.96 0.610883 0.00402949
570.303 0.604014 0.00388652
570.646 0.612583 0.00385435
570.989 0.602354 0.00371741
571.333 0.628455 0.00379447
571.676 0.631413 0.00391362
572.019 0.653971 0.00431601
572.362 0.579242 0.00394511
572.705 0.584947 0.00367904
573.048 0.605925 0.00353767
573.391 0.607492 0.0034277
573.733 0.613934 0.00336908
574.076 0.611073 0.00332408
574.419 0.631159 0.00342939
574.762 0.634195 0.00361922
575.104 0.64282 0.00388221
575.447 0.592167 0.00378553
575.789 0.586862 0.00357046
576.132 0.597957 0.00336453
576.474 0.617895 0.00339878
576.817 0.586245 0.00308262
577.159 0.606539 0.00295818
577.501 0.649176 0.00302214
577.844 0.660005 0.003214
578.186 0.659612 0.00358188
578.528 0.607699 0.00365183
578.87 0.605135 0.00366425
579.212 0.594481 0.00355854
579.554 0.607078 0.00344875
579.896 0.618298 0.00350636
580.238 0.58901 0.00330262
580.58 0.572457 0.0028573
580.922 0.65719 0.00294487
581.264 0.727421 0.00309815
581.606 0.675965 0.0030055
581.947 0.647233 0.00311024
582.289 0.653769 0.00343619
582.631 0.642502 0.00378648
582.972 0.616233 0.00399213
583.314 0.595728 0.00394196
583.655 0.596784 0.00386331
583.997 0.57615 0.00349858
584.338 0.593039 0.00326889
584.679 0.603393 0.00314629
585.021 0.642312 0.00327017
585.362 0.639466 0.00349222
585.703 0.634928 0.00373958
586.044 0.591733 0.00370964
586.385 0.585413 0.0035101
586.726 0.599097 0.00337668
587.067 0.644032 0.00356624
587.408 0.630895 0.00373659
587.749 0.622032 0.00388511
588.09 0.621998 0.00405583
588.431 0.631788 0.0042976
588.772 0.619169 0.00447773
589.113 0.594202 0.00434119
589.453 0.61553 0.00439767
589.794 0.629378 0.00453924
590.134 0.635357 0.00478883
590.475 0.609568 0.00484227
590.815 0.605322 0.00481541
591.156 0.617844 0.00485577
591.496 0.599538 0.00473833
591.837 0.547765 0.00392856
592.177 0.585738 0.00367103
592.517 0.610251 0.00351389
592.857 0.639988 0.00373613
593.198 0.632853 0.00393343
593.538 0.634782 0.00432023
593.878 0.603268 0.00443546
594.218 0.587527 0.00429039
594.558 0.597192 0.00413764
594.898 0.627258 0.00429767
595.237 0.63384 0.00454686
595.577 0.621311 0.00480712
595.917 0.614923 0.00505937
596.257 0.59172 0.00485319
596.596 0.597862 0.0047446
596.936 0.612237 0.00465154
597.276 0.624292 0.00487307
597.615 0.598948 0.00477228
597.955 0.553286 0.00411982
598.294 0.596959 0.00392713
598.633 0.6227 0.00396671
598.973 0.62851 0.00413707
599.312 0.595894 0.00404953
599.651 0.610056 0.00408941
599.991 0.622731 0.00424063
600.33 0.612248 0.00424978
600.669 0.617857 0.00439727
601.008 0.625283 0.00455587
601.347 0.614466 0.0047063
601.686 0.590268 0.00452576
602.025 0.61751 0.00462822
602.364 0.584437 0.00432156
602.702 0.61478 0.00434922
603.041 0.614713 0.0043277
603.38 0.624989 0.0045246
603.719 0.622805 0.00474355
604.057 0.609205 0.00485929
604.396 0.595613 0.00480893
604.734 0.585367 0.00465375
605.073 0.5813 0.00423552
605.411 0.630296 0.00441258
605.75 0.617713 0.00445562
606.088 0.61197 0.00471298
606.426 0.584744 0.00455298
606.764 0.59763 0.00452542
607.103 0.618737 0.00466173
607.441 0.609928 0.00483409
607.779 0.611932 0.00498107
608.117 0.595598 0.00489008
608.455 0.628303 0.00516859
608.793 0.605379 0.00521225
609.131 0.573093 0.0047984
609.469 0.601745 0.00473702
609.806 0.619892 0.00479032
610.144 0.630473 0.00518435
610.482 0.594017 0.00517992
610.819 0.601728 0.00518293
611.157 0.608856 0.00523151
611.495 0.615221 0.00542885
611.832 0.600797 0.00542806
612.17 0.594467 0.00536072
612.507 0.603371 0.00532929
612.844 0.610495 0.00540325
613.182 0.599752 0.00538406
613.519 0.597329 0.00534261
613.856 0.603072 0.00533377
614.193 0.592028 0.00526664
614.53 0.596544 0.00516156
614.867 0.600674 0.00510852
615.205 0.631372 0.00550503
615.541 0.608235 0.00557247
615.878 0.603223 0.00581466
616.215 0.598394 0.00579822
616.552 0.61141 0.0058908
616.889 0.594529 0.00572275
617.226 0.611461 0.00569803
617.562 0.614647 0.00581397
617.899 0.623675 0.00620995
618.235 0.614223 0.00650707
618.572 0.604068 0.00673415
618.908 0.590131 0.0065336
619.245 0.594768 0.00627091
619.581 0.609984 0.00618202
619.918 0.654589 0.00675389
620.254 0.638708 0.00752759
620.59 0.579176 0.00749147
620.926 0.574754 0.00706287
621.262 0.596384 0.00679994
621.599 0.62519 0.00683453
621.935 0.605485 0.00675628
622.271 0.592941 0.00644164
622.606 0.605214 0.00631433
622.942 0.623314 0.0064863
623.278 0.616648 0.00670247
623.614 0.572982 0.00621381
623.95 0.60692 0.00629295
624.285 0.611536 0.00638996
624.621 0.630157 0.00682887
624.957 0.611401 0.00697566
625.292 0.602573 0.00707961
625.628 0.622153 0.0074723
625.963 0.601531 0.00744273
626.299 0.589555 0.00723728
626.634 0.609068 0.00722816
626.969 0.619216 0.00737258
627.304 0.641629 0.00799227
627.64 0.613249 0.00843569
627.975 0.592158 0.00832789
628.31 0.581772 0.00786803
628.645 0.608791 0.00773069
628.98 0.625738 0.00797039
629.315 0.608549 0.00796128
629.65 0.596849 0.00796142
629.985 0.606114 0.00803084
630.319 0.626823 0.0084943
630.654 0.6061 0.00850149
630.989 0.600989 0.00841166
631.323 0.621279 0.00871898
631.658 0.62337 0.00898732
631.993 0.617918 0.00936342
632.327 0.60155 0.00932121
632.662 0.602884 0.0093123
632.996 0.608089 0.00922651
633.33 0.628266 0.00929189
633.665 0.630544 0.00947009
633.999 0.617776 0.00963162
634.333 0.615749 0.00974149
634.667 0.607297 0.00968095
635.001 0.603024 0.00937454
635.335 0.59554 0.00903216
635.669 0.59218 0.008642
636.003 0.621953 0.00886079
636.337 0.621632 0.00920733
636.671 0.61759 0.00962746
637.005 0.609179 0.009963
637.339 0.592667 0.0098601
637.672 0.600327 0.00966699
638.006 0.615496 0.00953669
638.339 0.630423 0.00963267
638.673 0.642779 0.0100646
639.006 0.61646 0.0100916
639.34 0.602562 0.0100811
639.673 0.605358 0.0102036
640.007 0.611179 0.0102669
640.34 0.620798 0.0104453
640.673 0.62197 0.0106808
641.006 0.625776 0.0108267
641.34 0.630689 0.0109539
641.673 0.629937 0.0112124
642.006 0.615553 0.0112908
642.339 0.610193 0.0111117
642.672 0.628456 0.0111764
643.004 0.630662 0.0112439
643.337 0.63148 0.0114921
643.67 0.613327 0.0114331
644.003 0.59502 0.0110697
644.336 0.626121 0.0114236
644.668 0.619905 0.0113991
645.001 0.633661 0.0116661
645.333 0.639298 0.0118923
645.666 0.637392 0.0122118
645.998 0.63853 0.0125285
646.331 0.601878 0.0121689
646.663 0.616692 0.0123002
646.995 0.601768 0.0115515
647.327 0.600929 0.010792
647.66 0.597686 0.00999421
647.992 0.611899 0.00984848
648.324 0.601684 0.00967862
648.656 0.610739 0.00987436
648.988 0.616556 0.0102406
649.32 0.625406 0.0108963
649.652 0.612357 0.0114259
649.983 0.602437 0.0116342
650.315 0.606364 0.0118434
650.647 0.587573 0.0114643
650.979 0.601694 0.0111138
651.31 0.598549 0.010675
651.642 0.598185 0.0102823
651.973 0.600681 0.0102683
652.305 0.605379 0.010301
652.636 0.605233 0.0103485
652.967 0.611099 0.0106888
653.299 0.592741 0.0107134
653.63 0.588351 0.0107247
653.961 0.576565 0.0101085
654.292 0.50851 0.00793487
654.623 0.279189 0.00243932
654.955 0.9011 0.00343531
655.286 0.901044 0.0034351
655.616 0.900988 0.00343489
655.947 0.900931 0.00343467
656.278 0.900874 0.00343445
656.609 0.503882 0.00256848
656.94 0.45911 0.00308332
657.27 0.476764 0.00372296
657.601 0.553207 0.00459555
657.932 0.649353 0.00592163
658.262 0.709703 0.00755742
658.593 0.734219 0.00938284
658.923 0.719167 0.0111013
659.254 0.673942 0.0119708
659.584 0.648337 0.0126129
659.914 0.640452 0.0131159
660.244 0.63444 0.0134991
660.575 0.62411 0.0134717
660.905 0.627357 0.0135087
661.235 0.635598 0.0134181
661.565 0.628027 0.0131804
661.895 0.631815 0.0131861
662.225 0.6316 0.0133734
662.555 0.633796 0.0135142
662.884 0.626796 0.0134294
663.214 0.613032 0.0130289
663.544 0.627433 0.013004
663.873 0.633071 0.0130436
664.203 0.599757 0.0123125
664.533 0.627308 0.0124928
664.862 0.63069 0.0123445
665.192 0.633973 0.0125966
665.521 0.622541 0.0130319
665.85 0.635926 0.0137463
666.18 0.635005 0.0142461
666.509 0.616016 0.0139774
666.838 0.610198 0.0138513
667.167 0.627495 0.0138135
667.496 0.630653 0.0139224
667.825 0.626988 0.0138098
668.154 0.622698 0.0138049
668.483 0.624788 0.0138512
668.812 0.608015 0.0133685
669.141 0.632487 0.0135153
669.47 0.618722 0.0130457
669.798 0.627198 0.0132309
670.127 0.653933 0.013829
670.456 0.584343 0.0125486
670.784 0.578477 0.0112503
671.113 0.584199 0.0103102
671.441 0.605265 0.00978933
671.77 0.61418 0.00991171
672.098 0.61771 0.0102985
672.426 0.650835 0.0115753
672.755 0.606586 0.0119718
673.083 0.596779 0.0122442
673.411 0.598355 0.0123603
673.739 0.631277 0.0127778
674.067 0.631832 0.0131881
674.395 0.622006 0.0134124
674.723 0.593603 0.0127361
675.051 0.618826 0.0128609
675.379 0.630898 0.0130326
675.706 0.618758 0.0128903
676.034 0.62565 0.0132228
676.362 0.620258 0.013399
676.689 0.589003 0.0123962
677.017 0.586279 0.0114523
677.344 0.605089 0.0111339
677.672 0.631044 0.0113904
677.999 0.616001 0.0115953
678.327 0.592001 0.0111851
678.654 0.577781 0.0104674
678.981 0.601755 0.010384
679.308 0.617519 0.0104631
679.636 0.620969 0.0108806
679.963 0.622998 0.0114337
680.29 0.587465 0.0114359
680.617 0.590146 0.0112589
680.944 0.59277 0.0110647
681.271 0.635414 0.0115053
681.597 0.607805 0.0119079
681.924 0.617197 0.012827
682.251 0.605337 0.0130362
682.578 0.578701 0.0121779
682.904 0.59346 0.0115514
683.231 0.599869 0.0110843
683.557 0.600634 0.0107877
683.884 0.599359 0.0105365
684.21 0.59444 0.0101648
684.536 0.578091 0.0096776
684.863 0.601463 0.00975141
685.189 0.600385 0.00977241
685.515 0.61318 0.0103076
685.841 0.595553 0.0105766
686.167 0.596155 0.0107415
686.493 0.579125 0.0103458
686.819 0.600665 0.0105936
687.145 0.607892 0.0110268
687.471 0.614963 0.0118785
687.797 0.604334 0.0123719
688.123 0.573623 0.0119457
688.448 0.593095 0.011959
688.774 0.61207 0.0116725
689.1 0.615179 0.0118245
689.425 0.611405 0.0122068
689.751 0.596066 0.0122985
690.076 0.572148 0.0116351
690.402 0.584108 0.0109461
690.727 0.599024 0.010691
691.052 0.617795 0.0109801
691.377 0.614434 0.0113523
691.703 0.604223 0.0114873
692.028 0.604787 0.011676
692.353 0.589478 0.0111958
692.678 0.599462 0.011284
693.003 0.600015 0.0114518
693.328 0.627219 0.0126985
693.652 0.6189 0.0133766
693.977 0.582624 0.0128604
694.302 0.590474 0.0123129
694.627 0.594902 0.0119062
694.951 0.642932 0.012769
695.276 0.639991 0.0137525
695.6 0.600641 0.01395
695.925 0.545324 0.0120929
696.249 0.57696 0.0108881
696.574 0.590843 0.0101569
696.898 0.64186 0.0108223
697.222 0.617991 0.0112059
697.546 0.598604 0.0115165
697.871 0.589655 0.0117947
698.195 0.604795 0.0120802
698.519 0.602013 0.0122846
698.843 0.612198 0.0126808
699.167 0.607369 0.0131053
699.491 0.619081 0.0137004
699.814 0.616278 0.0139994
700.138 0.606984 0.0138601
700.462 0.608427 0.013999
700.786 0.623334 0.0141903
701.109 0.597789 0.0135872
701.433 0.587133 0.0129042
701.756 0.595847 0.0125867
702.08 0.613124 0.0126864
702.403 0.612159 0.0127882
702.726 0.636504 0.0135737
703.05 0.619096 0.013837
703.373 0.619305 0.0141169
703.696 0.606092 0.0139453
704.019 0.636781 0.0147342
704.342 0.622892 0.0150213
704.665 0.607583 0.0153868
704.988 0.60886 0.015582
705.311 0.591105 0.0146475
705.634 0.593957 0.0134137
705.957 0.58301 0.0118804
706.28 0.576709 0.0108919
706.602 0.607285 0.0108224
706.925 0.594265 0.010806
707.247 0.607763 0.0113413
707.57 0.598071 0.0117835
707.892 0.587326 0.0119629
708.215 0.59765 0.012617
708.537 0.614426 0.0133179
708.859 0.619032 0.0136272
709.182 0.615537 0.013514
709.504 0.586889 0.0127194
709.826 0.607317 0.0126718
710.148 0.59295 0.0126084
710.47 0.633067 0.0133564
710.792 0.609267 0.0135016
711.114 0.620593 0.0140371
711.436 0.606768 0.0143625
711.758 0.592686 0.0140182
712.079 0.609259 0.0140348
712.401 0.582716 0.0132829
712.723 0.584823 0.0126532
713.044 0.588406 0.0120907
713.366 0.602807 0.0119113
713.687 0.594587 0.0117883
714.009 0.615026 0.0124082
714.33 0.592841 0.0123967
714.652 0.609761 0.0129496
714.973 0.614289 0.013415
715.294 0.614224 0.0140234
715.615 0.62981 0.0150712
715.936 0.591605 0.0149875
716.257 0.610312 0.0154865
716.578 0.603943 0.0154989
716.899 0.616302 0.0154451
717.22 0.588493 0.0140825
717.541 0.613828 0.0140022
717.862 0.590398 0.0134173
718.182 0.605441 0.0137968
718.503 0.572456 0.0130603
718.824 0.617393 0.0137399
719.144 0.620872 0.0139426
719.465 0.597868 0.0140578
719.785 0.5887 0.0138379
720.105 0.578883 0.013337
720.426 0.598315 0.013438
720.746 0.6297 0.013983
721.066 0.592526 0.0136272
721.386 0.606857 0.0139527
721.706 0.626099 0.0145566
722.026 0.608769 0.0145237
722.346 0.599555 0.0146769
722.666 0.589218 0.0144407
722.986 0.600706 0.0142748
723.306 0.600215 0.0143174
723.626 0.633325 0.0149818
723.946 0.593954 0.0145276
724.265 0.576814 0.0137265
724.585 0.589689 0.0131669
724.904 0.590124 0.0127995
725.224 0.614209 0.0131732
725.543 0.604484 0.0130498
725.863 0.601763 0.0130383
726.182 0.596528 0.0133086
726.501 0.614316 0.0140459
726.82 0.60822 0.0140922
727.14 0.578339 0.0132387
727.459 0.588128 0.0130545
727.778 0.586101 0.0128283
728.097 0.616708 0.0133396
728.416 0.590134 0.0128807
728.734 0.574094 0.0124049
729.053 0.583645 0.0123061
729.372 0.600368 0.0124728
729.691 0.570177 0.0119112
730.009 0.556605 0.0111299
730.328 0.571115 0.0109188
730.647 0.595808 0.0111086
730.965 0.590869 0.0113319
731.283 0.589646 0.0117672
731.602 0.569274 0.0118623
731.92 0.588798 0.0119723
732.238 0.568879 0.0114553
732.557 0.567399 0.011147
732.875 0.588027 0.0113003
733.193 0.552193 0.010363
733.511 0.581539 0.0102293
733.829 0.594114 0.0104311
734.147 0.599714 0.0111306
734.465 0.583762 0.0116281
734.782 0.558853 0.0113712
735.1 0.56415 0.0112795
735.418 0.576404 0.0112868
735.735 0.580337 0.0112514
736.053 0.589845 0.0114121
736.371 0.571512 0.0111933
736.688 0.588657 0.0116822
737.005 0.605767 0.0125595
737.323 0.595895 0.0130757
737.64 0.572638 0.0130006
737.957 0.570677 0.0125459
738.274 0.547379 0.0111917
738.592 0.585153 0.01106
738.909 0.599078 0.0113232
739.226 0.626015 0.0125455
739.543 0.603643 0.0132992
739.86 0.573988 0.0135908
740.176 0.594439 0.0144101
740.493 0.601126 0.0151501
740.81 0.603012 0.0154014
741.127 0.580045 0.0147637
741.443 0.583489 0.0143389
741.76 0.593776 0.0137802
742.076 0.605311 0.0138379
742.393 0.60691 0.0143412
742.709 0.595494 0.0150429
743.025 0.60097 0.0157299
743.342 0.588032 0.0153913
743.658 0.593416 0.0152259
743.974 0.601798 0.0150185
744.29 0.606604 0.0148
744.606 0.614515 0.0151782
744.922 0.593069 0.0150408
745.238 0.621568 0.0154157
745.554 0.611109 0.0155403
745.87 0.584567 0.0153389
746.186 0.568427 0.0147625
746.501 0.592972 0.0145327
746.817 0.600604 0.0145097
747.132 0.614263 0.0155504
747.448 0.602002 0.0162046
747.763 0.598539 0.0162473
748.079 0.574758 0.0153625
748.394 0.565779 0.0141616
748.71 0.582379 0.0134136
749.025 0.55897 0.0122393
749.34 0.569345 0.0120883
749.655 0.595529 0.0124423
749.97 0.59575 0.0129384
750.285 0.565309 0.012783
750.6 0.558052 0.0125672
750.915 0.554538 0.0120592
751.23 0.576547 0.0124098
751.545 0.566355 0.01266
751.859 0.570239 0.0133263
752.174 0.556021 0.0136408
752.489 0.543826 0.0127969
752.803 0.54338 0.0120828
753.118 0.580177 0.012221
753.432 0.583632 0.0125174
753.747 0.573717 0.0129658
754.061 0.552354 0.0124865
754.375 0.537029 0.0117715
754.689 0.543562 0.0114993
755.004 0.554932 0.0114162
755.318 0.550061 0.0112232
755.632 0.535266 0.0106238
755.946 0.553022 0.010517
756.26 0.537746 0.0100137
756.573 0.528748 0.00936917
756.887 0.536437 0.00915908
757.201 0.554335 0.00933857
757.515 0.564853 0.0101929
757.828 0.544576 0.0107956
758.142 0.516978 0.0106454
758.455 0.510198 0.00993384
758.769 0.523165 0.00949933
759.082 0.54392 0.00950664
759.396 0.543382 0.0092858
759.709 0.538384 0.00915744
760.022 0.544327 0.00915724
760.335 0.556799 0.00967294
760.648 0.563721 0.0103563
760.962 0.537593 0.0108827
761.275 0.540296 0.0115776
761.587 0.536607 0.0118175
761.9 0.53021 0.0118307
762.213 0.540335 0.0115814
762.526 0.537063 0.0111231
762.839 0.552153 0.0112285
763.151 0.528866 0.010717
763.464 0.525302 0.0101362
763.776 0.525672 0.00948166
764.089 0.529636 0.00911653
764.401 0.542412 0.00947316
764.714 0.537328 0.00991565
765.026 0.537083 0.0105604
765.338 0.534173 0.0111889
765.65 0.54874 0.0122747
765.962 0.536872 0.0127881
766.275 0.533355 0.013285
766.587 0.564649 0.0138502
766.898 0.525729 0.0130052
767.21 0.541249 0.0126334
767.522 0.525751 0.0114708
767.834 0.552674 0.0111868
768.146 0.563526 0.0113285
768.457 0.560589 0.0117365
768.769 0.532526 0.0120692
769.08 0.51829 0.0122073
769.392 0.529855 0.0119728
769.703 0.518767 0.0112284
770.015 0.514682 0.0107273
770.326 0.541499 0.0109235
770.637 0.554343 0.0113935
770.948 0.555568 0.0121843
771.26 0.543392 0.0128946
771.571 0.527256 0.01292
771.882 0.543765 0.0131003
772.193 0.536873 0.012712
772.504 0.542262 0.0129659
772.814 0.547815 0.0135516
773.125 0.548427 0.0137659
773.436 0.561263 0.0142444
773.747 0.563566 0.0147509
774.057 0.561582 0.0151258
774.368 0.556235 0.0151083
774.678 0.561633 0.0155471
774.989 0.56378 0.0160184
775.299 0.556047 0.0163413
775.609 0.557496 0.016372
775.919 0.552865 0.0161269
776.23 0.572335 0.0162174
776.54 0.573935 0.016495
776.85 0.57812 0.0164147
777.16 0.57097 0.016208
777.47 0.561035 0.0153599
777.78 0.542519 0.0142328
778.089 0.51874 0.0131463
778.399 0.556875 0.0135844
778.709 0.572231 0.0140504
779.019 0.555537 0.0146365
779.328 0.551909 0.015527
779.638 0.539145 0.0154131
779.947 0.502375 0.0139428
780.257 0.512609 0.0126893
780.566 0.536814 0.0123751
780.875 0.542614 0.0124775
781.185 0.528824 0.0129454
781.494 0.525402 0.0133923
781.803 0.519637 0.0134046
782.112 0.513158 0.0136805
782.421 0.514578 0.0136024
782.73 0.517446 0.0133631
783.039 0.535439 0.0136185
783.348 0.551578 0.0145069
783.656 0.551164 0.0157675
783.965 0.534452 0.0157449
784.274 0.529252 0.0153322
784.582 0.556907 0.0152181
784.891 0.524199 0.014486
785.199 0.533174 0.0147057
785.508 0.547185 0.0154839
785.816 0.546463 0.0157419
786.124 0.559284 0.0159087
786.432 0.523649 0.0144368
786.741 0.52187 0.0138796
787.049 0.529074 0.0138058
787.357 0.511259 0.0135412
787.665 0.511909 0.0134844
787.973 0.525407 0.0137945
788.281 0.545025 0.0144954
788.588 0.55554 0.0152287
788.896 0.55887 0.0161978
789.204 0.50208 0.015835
789.511 0.53102 0.0165677
789.819 0.52953 0.0166218
790.126 0.526318 0.016698
790.434 0.552024 0.0172277
790.741 0.560654 0.0175019
791.049 0.557387 0.0172259
791.356 0.577433 0.018001
791.663 0.57877 0.0189405
791.97 0.55466 0.0181679
792.277 0.577123 0.0191367
792.584 0.525661 0.0169784
792.891 0.485759 0.0143455
793.198 0.516703 0.013616
793.505 0.519879 0.0132951
793.812 0.530555 0.0135805
794.119 0.504922 0.0136414
794.425 0.505579 0.013909
794.732 0.512115 0.0146102
795.038 0.53681 0.0165721
795.345 0.531041 0.0177301
795.651 0.558726 0.0191998
795.958 0.559842 0.0194666
796.264 0.535979 0.0183327
796.57 0.539282 0.0173572
796.876 0.562423 0.0172705
797.183 0.566826 0.017758
797.489 0.567595 0.0184636
797.795 0.553669 0.0184048
798.101 0.595325 0.0193082
798.406 0.564216 0.0186223
798.712 0.567878 0.0189066
799.018 0.585966 0.0198854
799.324 0.552241 0.0194632
799.629 0.581609 0.0201684
799.935 0.565863 0.0199293
800.24 0.593282 0.0205523
800.546 0.585193 0.0202378
800.851 0.607149 0.0214966
801.157 0.582332 0.0213409
801.462 0.579152 0.021605
801.767 0.573285 0.0217311
802.072 0.548861 0.0204671
802.377 0.599517 0.0206704
802.682 0.56162 0.0195083
802.987 0.566473 0.0196837
803.292 0.604284 0.0214791
803.597 0.588563 0.0215446
803.902 0.61483 0.0220998
804.207 0.577439 0.0208091
804.511 0.552816 0.02001
804.816 0.540997 0.0191953
805.12 0.518968 0.017476
805.425 0.510843 0.0162764
805.729 0.533276 0.0165297
806.034 0.518812 0.0168067
806.338 0.535983 0.0177286
806.642 0.532131 0.0183965
806.946 0.539489 0.0184772
807.251 0.554939 0.0187474
807.555 0.571047 0.018947
807.859 0.550877 0.0184621
808.162 0.53523 0.0182829
808.466 0.562628 0.0194772
808.77 0.553124 0.0197382
809.074 0.551743 0.020174
809.378 0.587222 0.0212476
809.681 0.593688 0.0217735
809.985 0.559083 0.0210142
810.288 0.57777 0.0210541
810.592 0.600195 0.02219
810.895 0.596706 0.0222512
811.198 0.583868 0.0224166
811.502 0.642543 0.0250484
811.805 0.602539 0.0238613
812.108 0.659015 0.025548
812.411 0.616185 0.0235106
812.714 0.537095 0.019888
813.017 0.545905 0.0189754
813.32 0.553941 0.0190734
813.623 0.549642 0.0192105
813.926 0.601305 0.0220028
814.228 0.635736 0.0235496
814.531 0.621607 0.0239758
814.833 0.578931 0.0233879
815.136 0.594892 0.0237598
815.438 0.626279 0.0249122
815.741 0.637577 0.0248227
816.043 0.625483 0.0242275
816.345 0.570096 0.0222624
816.648 0.560513 0.0222465
816.95 0.600884 0.023354
817.252 0.654555 0.0249541
817.554 0.614009 0.0242296
817.856 0.623726 0.0249678
818.158 0.62629 0.0256594
818.46 0.684446 0.0274484
818.761 0.638904 0.026016
819.063 0.658682 0.0263792
819.365 0.638418 0.0256258
819.666 0.59148 0.0232484
819.968 0.589479 0.0224548
820.269 0.558555 0.0209609
820.571 0.577822 0.0219031
820.872 0.633047 0.0237279
821.173 0.590322 0.0238813
821.475 0.61721 0.0249228
821.776 0.6357 0.02554
822.077 0.633411 0.0256244
822.378 0.621164 0.0249218
822.679 0.646974 0.0261127
822.98 0.670983 0.0270566
823.281 0.645644 0.0270509
823.581 0.648537 0.0269321
823.882 0.699824 0.0285502
824.183 0.613297 0.026048
824.483 0.640247 0.0260707
824.784 0.596017 0.0237404
825.084 0.625452 0.0245731
825.385 0.587369 0.0234382
825.685 0.601236 0.0245979
825.985 0.665252 0.026606
826.286 0.626597 0.0256966
826.586 0.609067 0.02447
826.886 0.596967 0.0240944
827.186 0.565324 0.0231397
827.486 0.614723 0.0250667
827.786 0.617386 0.0260098
828.086 0.685239 0.0277339
828.386 0.639226 0.0258597
828.685 0.626382 0.0255903
828.985 0.681515 0.0276089
829.285 0.655462 0.0271665
829.584 0.649115 0.0271558
829.884 0.706812 0.0292238
830.183 0.677485 0.0288184
830.482 0.728907 0.0310536
830.782 0.718051 0.0311075
831.081 0.789963 0.0345179
831.38 0.759337 0.033126
831.679 0.640219 0.0283142
831.978 0.671627 0.0289885
832.277 0.686238 0.0287517
832.576 0.702629 0.0294093
832.875 0.719989 0.0300021
833.174 0.597974 0.0267443
833.472 0.689534 0.0297302
833.771 0.638669 0.027983
834.07 0.650677 0.0276496
834.368 0.703445 0.028917
834.667 0.667399 0.0287453
834.965 0.690316 0.029811
835.263 0.706074 0.0303953
835.562 0.663103 0.029181
835.86 0.663184 0.0292327
836.158 0.653147 0.0298986
836.456 0.793741 0.034571
836.754 0.678695 0.0302348
837.052 0.769368 0.0330679
837.35 0.743248 0.0320122
837.648 0.73601 0.0333758
837.946 0.767771 0.0329131
838.243 0.813365 0.0347773
838.541 0.715748 0.032419
838.839 0.69823 0.0307269
839.136 0.752384 0.0325256
839.434 0.733777 0.0320629
839.731 0.701315 0.0303825
840.028 0.76668 0.0338884
840.326 0.687291 0.030739
840.623 0.681937 0.0314417
840.92 0.748164 0.033125
841.217 0.875784 0.0373687
841.514 0.820353 0.0352037
841.811 0.733126 0.0327334
842.108 0.715912 0.0325213
842.405 0.730921 0.0332031
842.701 0.718536 0.0318664
842.998 0.750677 0.033805
843.295 0.757115 0.0333732
843.591 0.757539 0.0341532
843.888 0.735448 0.0335863
844.184 0.754371 0.0344911
844.481 0.754775 0.0336431
844.777 0.801537 0.0362416
845.073 0.766592 0.0349053
845.369 0.694593 0.0324587
845.665 0.828955 0.0363797
845.962 0.806471 0.0356076
846.258 0.808161 0.0363102
846.553 0.761352 0.0358463
846.849 0.782575 0.0351404
847.145 0.763799 0.0341414
847.441 0.818945 0.0358621
847.737 0.856016 0.0377326
848.032 0.776203 0.0344622
848.328 0.731783 0.0334983
848.623 0.904683 0.0408107
848.919 0.838027 0.0371866
849.214 0.771652 0.0350122
849.509 0.862673 0.0379011
849.805 0.755034 0.0346037
850.1 0.848114 0.0373434
850.395 0.833561 0.0379992
850.69 0.861308 0.038413
850.985 0.735078 0.03379
851.28 0.811505 0.0362124
851.575 0.727129 0.0336471
851.869 0.7377 0.034033
852.164 0.763335 0.0341012
852.459 0.68177 0.030934
852.753 0.708977 0.0308627
853.048 0.665649 0.0292608
853.342 0.612503 0.0269838
853.637 0.597822 0.0272368
853.931 0.598149 0.0272356
854.225 0.649389 0.0286247
854.52 0.641403 0.0285093
854.814 0.688274 0.0303219
855.108 0.785103 0.0338328
855.402 0.737217 0.032006
855.696 0.734598 0.0326701
855.99 0.749524 0.0327866
856.283 0.727387 0.0321516
856.577 0.705977 0.0315033
856.871 0.756729 0.0323389
857.164 0.785158 0.0338707
857.458 0.779281 0.0345798
857.751 0.73029 0.032625
858.045 0.787267 0.0355346
858.338 0.716663 0.0324794
858.632 0.824783 0.0364161
858.925 0.788042 0.0354877
859.218 0.776411 0.0353939
859.511 0.783792 0.0352153
859.804 0.821966 0.0369517
860.097 0.783285 0.0348354
860.39 0.797851 0.0361589
860.683 0.856055 0.0369683
860.976 0.811892 0.0371211
861.268 0.815165 0.0368149
861.561 0.837126 0.0372505
861.854 0.840785 0.0374768
862.146 0.853796 0.038186
862.439 0.805722 0.0362629
862.731 0.798584 0.0362981
863.023 0.75114 0.0344046
863.316 0.764814 0.0352839
863.608 0.67875 0.0315238
863.9 0.800456 0.0374757
864.192 0.765231 0.0353031
864.484 0.795661 0.0367069
864.776 0.694149 0.032974
865.068 0.833904 0.037815
865.36 0.84182 0.0374594
865.651 0.795354 0.0364734
865.943 0.91508 0.0400719
866.235 0.781449 0.0363378
866.526 0.805702 0.0376508
866.818 0.808001 0.0373894
867.109 0.79418 0.0373448
867.4 0.860174 0.0376063
867.692 0.765016 0.0356396
867.983 0.847342 0.0373914
868.274 0.758915 0.0350543
868.565 0.731964 0.0348148
868.856 0.822314 0.0375752
869.147 0.80765 0.0367749
869.438 0.891942 0.040637
869.729 0.860724 0.0397568
870.02 0.818483 0.0383198
870.31 0.83514 0.0386217
870.601 0.782806 0.036027
870.892 0.850354 0.0384712
871.182 0.851803 0.0390386
871.473 0.783809 0.0363143
871.763 0.84843 0.0387229
872.053 0.863032 0.0385551
872.343 0.76575 0.0358062
872.634 0.868637 0.0398579
872.924 0.974375 0.0433338
873.214 0.849419 0.0386311
873.504 0.811374 0.0381293
873.794 0.847977 0.0384532
874.084 0.883673 0.0388661
874.373 0.90071 0.040538
874.663 0.78768 0.0365604
874.953 0.90444 0.0408705
875.242 0.892695 0.0400167
875.532 0.809633 0.0369958
875.821 0.852938 0.0393972
876.111 0.866339 0.0385504
876.4 0.768853 0.0355996
876.689 0.801232 0.0364611
876.978 0.830064 0.0380196
877.268 0.916015 0.0398539
877.557 0.78257 0.0367988
877.846 0.849163 0.0385517
878.134 0.920787 0.0411822
878.423 0.920957 0.0411897
878.712 0.921126 0.0411973
