178.41 1.0961 0.163053
178.791 1.10304 0.164085
179.172 1.10993 0.16511
179.553 0.999794 0.999794
179.934 0.249617 0.249617
180.316 0.630992 0.630992
180.697 0.81714 0.81714
181.078 0.588273 0.588273
181.459 0.252356 0.252356
181.84 0.69423 0.69423
182.221 4.70358 4.70358
182.602 -0.0416274 -0.0416274
182.983 0.0940229 0.0391084
183.364 1.48161 0.399125
183.744 0.587773 0.081928
184.125 0.391816 0.0565302
184.506 0.49374 0.0562085
184.887 0.865993 0.0858725
185.268 0.685043 0.0671804
185.648 0.561068 0.0440612
186.029 0.591776 0.0435813
186.41 0.492676 0.0374596
186.791 0.579792 0.037815
187.171 0.472595 0.0314387
187.552 0.478899 0.0267291
187.932 0.417704 0.0228138
188.313 0.379693 0.0220065
188.694 0.401839 0.0211882
189.074 0.472993 0.0230509
189.455 0.461528 0.0221658
189.835 0.482264 0.0225219
190.216 0.449733 0.021081
190.596 0.421888 0.0201045
190.977 0.419566 0.0195575
191.357 0.484892 0.0213144
191.737 0.44516 0.0201624
192.118 0.469991 0.0210435
192.498 0.455489 0.0199565
192.878 0.435866 0.0190038
193.258 0.427256 0.019033
193.639 0.456235 0.0196913
194.019 0.435847 0.0189216
194.399 0.389081 0.0178099
194.779 0.424702 0.0185571
195.159 0.391046 0.0173034
195.54 0.405966 0.0174572
195.92 0.419478 0.0174878
196.3 0.40123 0.0171549
196.68 0.411196 0.0176914
197.06 0.427328 0.0177107
197.44 0.405156 0.0169831
197.82 0.390282 0.0165586
198.2 0.377565 0.0161767
198.58 0.357721 0.0152317
198.959 0.351076 0.0150575
199.339 0.354345 0.014973
199.719 0.357957 0.0154823
200.099 0.339129 0.0144772
200.479 0.337694 0.0143641
200.858 0.328818 0.0140154
201.238 0.328525 0.0141793
201.618 0.331806 0.0140064
201.998 0.313532 0.0134193
202.377 0.317989 0.0133894
202.757 0.307552 0.0129434
203.136 0.305214 0.0130294
203.516 0.303959 0.012818
203.896 0.296089 0.0122596
204.275 0.291161 0.0122906
204.655 0.272957 0.0116705
205.034 0.272713 0.0116061
205.414 0.271125 0.0112588
205.793 0.265851 0.0110669
206.172 0.249159 0.0105604
206.552 0.254703 0.0107246
206.931 0.261718 0.010687
207.31 0.223809 0.00975806
207.69 0.249341 0.0100588
208.069 0.232582 0.00978333
208.448 0.237086 0.0096903
208.827 0.216941 0.00919489
209.207 0.222876 0.00912245
209.586 0.21639 0.00886122
209.965 0.235254 0.00926281
210.344 0.210438 0.00857276
210.723 0.210161 0.00842785
211.102 0.210146 0.00829244
211.481 0.204931 0.00815525
211.86 0.205344 0.00809938
212.239 0.195532 0.00773968
212.618 0.202905 0.00780301
212.997 0.199642 0.00773279
213.376 0.187091 0.00729008
213.755 0.186884 0.00717793
214.134 0.186722 0.00714196
214.513 0.182365 0.00700141
214.891 0.177635 0.00674705
215.27 0.177092 0.00668834
215.649 0.178642 0.00657413
216.028 0.168087 0.0063304
216.406 0.168639 0.00624194
216.785 0.161699 0.00606794
217.164 0.169386 0.00608618
217.542 0.163814 0.00588597
217.921 0.155016 0.00565722
218.3 0.157215 0.00569898
218.678 0.151544 0.00547714
219.057 0.151142 0.00541291
219.435 0.150076 0.00530595
219.814 0.150772 0.00524606
220.192 0.15043 0.00515717
220.57 0.146466 0.00501459
220.949 0.149656 0.00503469
221.327 0.147695 0.00488972
221.705 0.146256 0.00481832
222.084 0.145282 0.00472164
222.462 0.148798 0.00475044
222.84 0.136569 0.00448138
223.218 0.144878 0.00455141
223.597 0.143915 0.00444758
223.975 0.140392 0.00431672
224.353 0.135787 0.0041807
224.731 0.133863 0.00408245
225.109 0.139145 0.0041336
225.487 0.140334 0.00409934
225.865 0.134495 0.00394965
226.243 0.134353 0.00389393
226.621 0.131682 0.00379508
226.999 0.133356 0.00375672
227.377 0.138906 0.00378623
227.755 0.134693 0.00366224
228.133 0.139021 0.00367483
228.511 0.137005 0.00363653
228.889 0.135727 0.00355115
229.266 0.139389 0.00357377
229.644 0.135662 0.0034523
230.022 0.136111 0.00342065
230.4 0.141258 0.00344755
230.777 0.1384 0.0033789
231.155 0.144598 0.00341362
231.533 0.139318 0.00329256
231.91 0.140105 0.00325933
232.288 0.141066 0.00325339
232.665 0.143864 0.00324616
233.043 0.141298 0.00318018
233.42 0.144926 0.00320373
233.798 0.139964 0.00310587
234.175 0.141058 0.0030882
234.553 0.146342 0.00312907
234.93 0.147434 0.00309985
235.307 0.145486 0.00305964
235.685 0.143943 0.00300229
236.062 0.143682 0.00297897
236.439 0.147542 0.00299625
236.816 0.14848 0.00296834
237.194 0.146869 0.00292389
237.571 0.151856 0.00295608
237.948 0.146579 0.00288859
238.325 0.15002 0.00289923
238.702 0.148213 0.00285639
239.079 0.151527 0.00286316
239.456 0.150077 0.00282828
239.833 0.153743 0.00283976
240.21 0.153611 0.00282281
240.587 0.150848 0.00277539
240.964 0.155632 0.00280167
241.341 0.156053 0.00278682
241.718 0.156634 0.0027674
242.095 0.152882 0.00272283
242.472 0.15166 0.00268756
242.849 0.155133 0.00271436
243.225 0.155407 0.0026815
243.602 0.158434 0.00270788
243.979 0.157291 0.00269264
244.356 0.156006 0.00265476
244.732 0.157694 0.00264372
245.109 0.155627 0.00262115
245.486 0.157956 0.00261901
245.862 0.157239 0.00261026
246.239 0.16115 0.00262566
246.615 0.158174 0.00258465
246.992 0.1606 0.00259012
247.368 0.157347 0.00255231
247.745 0.160708 0.00256627
248.121 0.161564 0.00254723
248.497 0.161227 0.00255155
248.874 0.164683 0.00256518
249.25 0.159162 0.00249629
249.626 0.163179 0.00251871
250.003 0.163269 0.00250801
250.379 0.159996 0.00246704
250.755 0.161417 0.00246763
251.131 0.160995 0.0024507
251.507 0.165458 0.00249014
251.884 0.160722 0.00242838
252.26 0.161007 0.00243
252.636 0.16362 0.00243035
253.012 0.162782 0.00241533
253.388 0.162356 0.00240161
253.764 0.163823 0.00240484
254.14 0.162261 0.00238856
254.516 0.161301 0.00237416
254.892 0.165425 0.00240206
255.268 0.165222 0.00239007
255.643 0.161913 0.00235937
256.019 0.16198 0.00234554
256.395 0.165418 0.00237221
256.771 0.162877 0.00234081
257.147 0.164933 0.00235025
257.522 0.165758 0.00235855
257.898 0.164336 0.00233654
258.274 0.165582 0.00234375
258.649 0.16637 0.00234348
259.025 0.164924 0.00232225
259.4 0.164432 0.00231373
259.776 0.164318 0.00231225
260.151 0.164735 0.00231775
260.527 0.165822 0.00232151
260.902 0.165067 0.00230346
261.278 0.162559 0.00228158
261.653 0.163311 0.00228804
262.028 0.164252 0.00229483
262.404 0.165089 0.00229862
262.779 0.163714 0.00228018
263.154 0.1637 0.00227399
263.53 0.162691 0.00225823
263.905 0.163374 0.00226923
264.28 0.163394 0.0022715
264.655 0.163549 0.00226653
265.03 0.163742 0.00227668
265.405 0.165747 0.00228228
265.781 0.166009 0.0022761
266.156 0.167321 0.0022949
266.531 0.164642 0.00226293
266.906 0.165693 0.00227212
267.281 0.165797 0.00226256
267.655 0.164439 0.00227013
268.03 0.163677 0.00225685
268.405 0.166118 0.00227784
268.78 0.164533 0.0022697
269.155 0.164048 0.00225534
269.53 0.161847 0.00224132
269.904 0.163224 0.00225004
270.279 0.165149 0.00227163
270.654 0.164226 0.00225415
271.029 0.16276 0.0022504
271.403 0.164526 0.00226237
271.778 0.16393 0.00225589
272.152 0.163659 0.00225729
272.527 0.163986 0.00225745
272.901 0.163577 0.00225046
273.276 0.166182 0.0022641
273.65 0.1618 0.00222849
274.025 0.165361 0.00226745
274.399 0.163283 0.00225474
274.774 0.161392 0.00223251
275.148 0.161142 0.00222666
275.522 0.162414 0.0022295
275.897 0.162974 0.00224285
276.271 0.162485 0.00224065
276.645 0.161927 0.00223013
277.019 0.164135 0.00224681
277.393 0.161753 0.00222413
277.768 0.160856 0.00222657
278.142 0.158927 0.00220427
278.516 0.161382 0.00223833
278.89 0.160767 0.00222352
279.264 0.161356 0.00223464
279.638 0.159497 0.00221151
280.012 0.159426 0.00220836
280.386 0.159011 0.00221918
280.76 0.158613 0.00220811
281.133 0.160338 0.00222236
281.507 0.155821 0.00218758
281.881 0.154638 0.00217684
282.255 0.157309 0.00220048
282.629 0.158291 0.00221213
283.002 0.155097 0.00218877
283.376 0.155102 0.00218755
283.75 0.155692 0.00219763
284.123 0.15486 0.00218799
284.497 0.153589 0.00218232
284.87 0.15571 0.00219859
285.244 0.153388 0.002175
285.618 0.15472 0.00218906
285.991 0.153454 0.0021898
286.364 0.155938 0.00221104
286.738 0.155335 0.00220237
287.111 0.153457 0.00218045
287.485 0.150575 0.00217111
287.858 0.150202 0.00217316
288.231 0.148789 0.00216713
288.605 0.150031 0.00218014
288.978 0.148167 0.00215832
289.351 0.148454 0.00217019
289.724 0.147587 0.00217218
290.097 0.146843 0.00216312
290.47 0.147564 0.00217488
290.843 0.149987 0.00219072
291.217 0.149168 0.00219187
291.59 0.147675 0.00219417
291.963 0.146059 0.00217703
292.336 0.143517 0.00216377
292.708 0.143292 0.00216064
293.081 0.144327 0.00217253
293.454 0.142257 0.00216007
293.827 0.14449 0.00218393
294.2 0.145094 0.0021989
294.573 0.140885 0.00216031
294.945 0.143031 0.00219072
295.318 0.140366 0.00215978
295.691 0.142854 0.00219065
296.064 0.141356 0.00218131
296.436 0.139326 0.00216821
296.809 0.139262 0.00216864
297.181 0.139441 0.00217658
297.554 0.137684 0.0021687
297.926 0.137368 0.00216604
298.299 0.137547 0.00216886
298.671 0.135415 0.00214349
299.044 0.136474 0.00216334
299.416 0.135307 0.00215027
299.788 0.134933 0.00215023
300.161 0.13608 0.00216181
300.533 0.137002 0.00217038
300.905 0.132632 0.00212516
301.278 0.133106 0.00213231
301.65 0.133474 0.00213433
302.022 0.133102 0.00214061
302.394 0.133091 0.0021445
302.766 0.134146 0.00214821
303.138 0.13313 0.00214845
303.51 0.131626 0.00212164
303.882 0.132962 0.00214227
304.254 0.130686 0.00211787
304.626 0.132757 0.00213237
304.998 0.132921 0.00213187
305.37 0.134872 0.00216014
305.742 0.134361 0.00214838
306.114 0.133458 0.00214348
306.485 0.133852 0.00214231
306.857 0.136173 0.00215931
307.229 0.138633 0.00218335
307.601 0.139128 0.00219217
307.972 0.140945 0.00220412
308.344 0.14289 0.00222047
308.716 0.142128 0.00222675
309.087 0.144269 0.00223273
309.459 0.150165 0.00228355
309.83 0.151705 0.0022937
310.202 0.150366 0.00227782
310.573 0.152491 0.00229387
310.945 0.155042 0.00232291
311.316 0.156688 0.00233854
311.687 0.15785 0.00233716
312.059 0.15779 0.00234182
312.43 0.157875 0.0023453
312.801 0.159309 0.0023495
313.172 0.159194 0.00235846
313.544 0.161014 0.00237146
313.915 0.161348 0.00237112
314.286 0.159066 0.00235503
314.657 0.157839 0.00234156
315.028 0.158158 0.00234922
315.399 0.156344 0.00233691
315.77 0.160444 0.00236692
316.141 0.1583 0.00235245
316.512 0.162852 0.00238727
316.883 0.162776 0.00239852
317.254 0.166706 0.0024252
317.625 0.170358 0.00245638
317.996 0.172022 0.0024627
318.366 0.179641 0.00252133
318.737 0.182217 0.00253697
319.108 0.187632 0.00257801
319.478 0.19465 0.00263479
319.849 0.196235 0.00263727
320.22 0.20168 0.00268147
320.59 0.204215 0.00269699
320.961 0.208624 0.00273315
321.331 0.208963 0.00272902
321.702 0.211842 0.00277139
322.072 0.216924 0.00280063
322.443 0.216882 0.00280381
322.813 0.216367 0.00279392
323.184 0.220065 0.00283083
323.554 0.215881 0.00280394
323.924 0.218472 0.00281465
324.295 0.217206 0.0028214
324.665 0.218287 0.00283164
325.035 0.214853 0.00280215
325.405 0.212636 0.00279682
325.775 0.215339 0.00283198
326.145 0.21489 0.00282712
326.515 0.211556 0.00282276
326.886 0.205755 0.00278389
327.256 0.205508 0.00278273
327.626 0.203755 0.00279237
327.995 0.200094 0.00277725
328.365 0.196952 0.00275863
328.735 0.190477 0.00272421
329.105 0.184764 0.00270489
329.475 0.184865 0.00273024
329.845 0.186772 0.00275356
330.215 0.187667 0.0027539
330.584 0.187666 0.00272332
330.954 0.185769 0.002675
331.324 0.17688 0.0025504
331.693 0.167448 0.00244268
332.063 0.165606 0.00241456
332.432 0.161673 0.00237027
332.802 0.153688 0.0023106
333.171 0.151012 0.00231178
333.541 0.148288 0.00233102
333.91 0.150283 0.00236443
334.28 0.153583 0.0024083
334.649 0.155509 0.00242946
335.018 0.156102 0.00244017
335.388 0.1539 0.00242868
335.757 0.156861 0.00245025
336.126 0.157069 0.00246132
336.495 0.160065 0.00248606
336.865 0.164865 0.0025269
337.234 0.169681 0.00258065
337.603 0.171506 0.00258718
337.972 0.180811 0.00266474
338.341 0.183995 0.00268037
338.71 0.189458 0.0027266
339.079 0.198471 0.00279432
339.448 0.204512 0.00282595
339.817 0.210924 0.00287568
340.186 0.221472 0.00295226
340.554 0.233975 0.00304317
340.923 0.244384 0.00310434
341.292 0.25314 0.00317653
341.661 0.262564 0.00322626
342.029 0.268005 0.00325595
342.398 0.283013 0.00336065
342.767 0.289491 0.00341134
343.135 0.299747 0.00345026
343.504 0.311918 0.00354388
343.872 0.318573 0.00356124
344.241 0.325976 0.00360386
344.609 0.333663 0.00365778
344.978 0.344582 0.0037215
345.346 0.354098 0.00376189
345.715 0.361986 0.00381833
346.083 0.365406 0.00383521
346.451 0.381914 0.00393403
346.82 0.383934 0.00394091
347.188 0.386436 0.00394964
347.556 0.396991 0.00401632
347.924 0.398804 0.00400527
348.292 0.413424 0.00413157
348.66 0.417855 0.00414277
349.028 0.422818 0.00415534
349.396 0.421779 0.00415755
349.764 0.430365 0.00419676
350.132 0.439618 0.00426483
350.5 0.441483 0.00425761
350.868 0.451167 0.0043336
351.236 0.449355 0.00431529
351.604 0.45543 0.00435883
351.972 0.464964 0.00441064
352.34 0.465141 0.00441061
352.707 0.474374 0.00445578
353.075 0.472813 0.00443834
353.443 0.477395 0.00447496
353.81 0.482973 0.0045192
354.178 0.487698 0.00454212
354.545 0.483641 0.00450621
354.913 0.492307 0.00456166
355.28 0.493464 0.00455894
355.648 0.493246 0.00456789
356.015 0.50125 0.00462032
356.383 0.507372 0.00464043
356.75 0.510482 0.00467074
357.117 0.514202 0.004686
357.485 0.510958 0.0046878
357.852 0.517086 0.00471159
358.219 0.51958 0.00472818
358.586 0.517843 0.00471592
358.954 0.520845 0.00473722
359.321 0.524245 0.00475604
359.688 0.524912 0.0047746
360.055 0.525925 0.00477049
360.422 0.524372 0.00475799
360.789 0.531103 0.00481087
361.156 0.535319 0.00482873
361.523 0.534466 0.00484364
361.89 0.535599 0.00484919
362.256 0.534309 0.00481232
362.623 0.541698 0.00488496
362.99 0.548714 0.00493621
363.357 0.542767 0.00490335
363.724 0.54399 0.00490192
364.09 0.549785 0.0049358
364.457 0.553305 0.00497386
364.823 0.548767 0.00492006
365.19 0.548709 0.00491606
365.557 0.557847 0.00497726
365.923 0.556919 0.00497377
366.29 0.551134 0.00495404
366.656 0.556653 0.00498502
367.022 0.554034 0.0049476
367.389 0.561148 0.00501193
367.755 0.557223 0.00498469
368.121 0.559769 0.0050242
368.488 0.558242 0.0050105
368.854 0.561717 0.00502803
369.22 0.563489 0.00507348
369.586 0.567872 0.00510533
369.952 0.56601 0.00510494
370.318 0.567362 0.00512703
370.684 0.571641 0.00516187
371.051 0.573685 0.00516169
371.416 0.573371 0.00518709
371.782 0.567233 0.00514273
372.148 0.571636 0.00517311
372.514 0.572338 0.00519797
372.88 0.575099 0.00520423
373.246 0.576747 0.00522768
373.612 0.573174 0.00520069
373.977 0.578376 0.00520528
374.343 0.578196 0.00520079
374.709 0.582272 0.00520217
375.074 0.582428 0.00522229
375.44 0.585031 0.00524647
375.806 0.583156 0.00526412
376.171 0.583885 0.00526281
376.537 0.58125 0.00523285
376.902 0.583382 0.00526562
377.268 0.587031 0.00526121
377.633 0.5826 0.00523008
377.998 0.584238 0.00520014
378.364 0.584966 0.00518475
378.729 0.587996 0.00518881
379.094 0.595926 0.00524168
379.459 0.589956 0.00527889
379.825 0.588073 0.00527045
380.19 0.593876 0.00529904
380.555 0.592074 0.00533827
380.92 0.595371 0.00539426
381.285 0.599112 0.00543514
381.65 0.591111 0.00536723
382.015 0.591145 0.00534602
382.38 0.592923 0.00537877
382.745 0.60451 0.00547479
383.11 0.592857 0.005412
383.474 0.600324 0.00544805
383.839 0.595162 0.00542357
384.204 0.60209 0.0054804
384.569 0.59449 0.00544273
384.933 0.597126 0.00546571
385.298 0.604552 0.00553743
385.663 0.604088 0.00554695
386.027 0.598813 0.00548719
386.392 0.60012 0.00547518
386.756 0.595072 0.00541708
387.121 0.599743 0.00544414
387.485 0.593421 0.00537136
387.849 0.599282 0.00536342
388.214 0.607094 0.00547414
388.578 0.605134 0.00546498
388.942 0.608443 0.00554437
389.307 0.603799 0.00549687
389.671 0.608522 0.00555009
390.035 0.601178 0.00548645
390.399 0.606028 0.00551036
390.763 0.603113 0.00546882
391.127 0.601778 0.00542154
391.492 0.602872 0.00536931
391.856 0.608033 0.00534537
392.219 0.60455 0.00525924
392.583 0.620768 0.00536652
392.947 0.626761 0.00547318
393.311 0.61665 0.0054985
393.675 0.620054 0.00553805
394.039 0.611179 0.00551255
394.403 0.619633 0.00557136
394.766 0.625887 0.00563575
395.13 0.617363 0.00560141
395.494 0.614668 0.00558148
395.857 0.614989 0.00557952
396.221 0.616253 0.00555809
396.584 0.615903 0.00552109
396.948 0.613632 0.00545286
397.311 0.612602 0.00536537
397.675 0.615588 0.00534623
398.038 0.624059 0.0053664
398.401 0.632925 0.00547777
398.765 0.63132 0.00555268
399.128 0.634108 0.00564717
399.491 0.628272 0.00565896
399.854 0.631455 0.00569555
400.218 0.623367 0.00564756
400.581 0.63854 0.00577571
400.944 0.63401 0.00574755
401.307 0.639785 0.00587074
401.67 0.630313 0.00581184
402.033 0.634979 0.00583795
402.396 0.629545 0.00581765
402.759 0.636823 0.00584891
403.122 0.636882 0.00584323
403.485 0.63494 0.00582516
403.847 0.639042 0.00580861
404.21 0.633282 0.00575494
404.573 0.642615 0.00577364
404.936 0.636261 0.00569323
405.298 0.650984 0.00583261
405.661 0.657476 0.00594834
406.023 0.650991 0.00598709
406.386 0.642587 0.00596232
406.749 0.654125 0.00606911
407.111 0.65302 0.00609402
407.473 0.641825 0.00595784
407.836 0.642119 0.00590953
408.198 0.648208 0.00592364
408.561 0.65725 0.00596628
408.923 0.641281 0.00587236
409.285 0.647523 0.00589283
409.647 0.659367 0.00603402
410.009 0.659417 0.00608976
410.372 0.65706 0.00607823
410.734 0.660989 0.00612705
411.096 0.651361 0.00607854
411.458 0.653255 0.00608977
411.82 0.650691 0.00603633
412.182 0.645884 0.00595363
412.544 0.656645 0.00602686
412.906 0.663264 0.00605637
413.267 0.660011 0.00602921
413.629 0.663597 0.00610785
413.991 0.668564 0.00616374
414.353 0.6598 0.00613152
414.714 0.66512 0.00623631
415.076 0.664902 0.00621533
415.438 0.658801 0.0061805
415.799 0.656705 0.00613518
416.161 0.667417 0.00624464
416.522 0.663801 0.00626655
416.884 0.662823 0.00626383
417.245 0.662697 0.00627446
417.607 0.670056 0.0062989
417.968 0.668766 0.00631643
418.329 0.659009 0.00622498
418.691 0.662841 0.00624902
419.052 0.661466 0.00623296
419.413 0.659232 0.00620884
419.774 0.664254 0.00619094
420.135 0.662361 0.00606321
420.497 0.654898 0.00593212
420.858 0.660098 0.00587289
421.219 0.668596 0.00589511
421.58 0.678767 0.00598853
421.941 0.671284 0.00602829
422.302 0.675866 0.00617366
422.662 0.682541 0.00623686
423.023 0.665341 0.006191
423.384 0.66654 0.00622115
423.745 0.664748 0.00619159
424.106 0.671895 0.00622531
424.466 0.669264 0.00616212
424.827 0.674932 0.00623815
425.187 0.684774 0.00640562
425.548 0.689004 0.00650492
425.909 0.669749 0.00643406
426.269 0.666266 0.00637463
426.63 0.667241 0.0063555
426.99 0.666101 0.00627523
427.35 0.670957 0.00632482
427.711 0.663698 0.00628637
428.071 0.659688 0.00620867
428.431 0.653678 0.00608115
428.792 0.649134 0.00586899
429.152 0.657678 0.00573275
429.512 0.670373 0.00575328
429.872 0.679198 0.00580424
430.232 0.67574 0.00584811
430.592 0.693978 0.00610011
430.952 0.688372 0.00625648
431.312 0.682702 0.00636848
431.672 0.680381 0.00648738
432.032 0.672583 0.00645628
432.392 0.670509 0.00639902
432.752 0.642336 0.00598087
433.111 0.659038 0.00587905
433.471 0.676116 0.00598638
433.831 0.711311 0.006388
434.19 0.679852 0.00626794
434.55 0.672423 0.00622264
434.91 0.670454 0.00629714
435.269 0.668911 0.0062353
435.629 0.665724 0.00619063
435.988 0.678201 0.00622642
436.348 0.684867 0.00629487
436.707 0.681802 0.00639486
437.066 0.671864 0.00635562
437.426 0.674277 0.00633432
437.785 0.665904 0.00625468
438.144 0.672763 0.00627563
438.503 0.679473 0.00636663
438.862 0.675592 0.0063701
439.222 0.677227 0.00640868
439.581 0.682404 0.006492
439.94 0.673081 0.00642446
440.299 0.655743 0.00612159
440.658 0.645899 0.00586861
441.017 0.666982 0.00593969
441.376 0.683288 0.00606353
441.734 0.682295 0.00614065
442.093 0.670339 0.00610417
442.452 0.665561 0.00604373
442.811 0.674639 0.00603663
443.169 0.682183 0.00608844
443.528 0.682075 0.00617803
443.887 0.675973 0.00617554
444.245 0.676404 0.00617909
444.604 0.675955 0.00625898
444.962 0.679388 0.00631741
445.321 0.668329 0.00625526
445.679 0.660567 0.00619265
446.038 0.671647 0.00621626
446.396 0.676681 0.00630067
446.754 0.677725 0.0064009
447.112 0.679091 0.00642558
447.471 0.684953 0.0065134
447.829 0.671925 0.00647874
448.187 0.664162 0.00641787
448.545 0.670297 0.00643796
448.903 0.672502 0.00646157
449.261 0.68131 0.00652191
449.619 0.674353 0.00653814
449.977 0.676274 0.0065618
450.335 0.677165 0.00663588
450.693 0.677263 0.0066673
451.051 0.681165 0.00670753
451.409 0.665563 0.00660862
451.766 0.688264 0.00677125
452.124 0.68159 0.00681376
452.482 0.681021 0.00686146
452.839 0.671631 0.00685829
453.197 0.676978 0.00696889
453.555 0.678659 0.00698905
453.912 0.681373 0.00704315
454.27 0.654084 0.00674959
454.627 0.669705 0.00677552
454.984 0.667991 0.00673158
455.342 0.691786 0.00694936
455.699 0.678261 0.00694031
456.056 0.672548 0.00692386
456.414 0.66864 0.00681373
456.771 0.667941 0.00674002
457.128 0.668195 0.00669615
457.485 0.666412 0.00661655
457.842 0.665089 0.00664948
458.199 0.675241 0.00671301
458.556 0.666007 0.00660455
458.913 0.670137 0.00664533
459.27 0.672785 0.00660332
459.627 0.681435 0.00670837
459.984 0.663568 0.00659346
460.341 0.67527 0.00666783
460.697 0.68436 0.00678212
461.054 0.698214 0.00701593
461.411 0.687607 0.00711424
461.767 0.682616 0.00717557
462.124 0.67227 0.00716404
462.481 0.662571 0.00700165
462.837 0.65475 0.00686566
463.194 0.663037 0.00675501
463.55 0.671775 0.00683567
463.907 0.649709 0.0065629
464.263 0.65796 0.00651118
464.619 0.665203 0.00644726
464.976 0.668102 0.00634341
465.332 0.673215 0.00634825
465.688 0.68344 0.00651219
466.044 0.693961 0.00682712
466.4 0.694338 0.00698547
466.756 0.673242 0.00693742
467.112 0.669777 0.00689646
467.468 0.679997 0.00698119
467.824 0.666476 0.00690074
468.18 0.678789 0.00708274
468.536 0.673331 0.00708948
468.892 0.675451 0.00717192
469.248 0.670018 0.00717591
469.604 0.674068 0.00725943
469.959 0.672229 0.00728146
470.315 0.667891 0.00722112
470.671 0.671561 0.00724984
471.026 0.649873 0.00707638
471.382 0.663847 0.00709512
471.737 0.666475 0.00703844
472.093 0.656833 0.00689337
472.448 0.660963 0.00681369
472.804 0.66277 0.00670694
473.159 0.67377 0.00673352
473.514 0.67571 0.00674982
473.87 0.65764 0.00659308
474.225 0.648495 0.00636946
474.58 0.65344 0.00625308
474.935 0.673839 0.00635657
475.29 0.680615 0.00647141
475.645 0.67544 0.00648904
476 0.660762 0.0064193
476.355 0.677748 0.00656399
476.71 0.671378 0.00655116
477.065 0.655594 0.00634564
477.42 0.645271 0.00615304
477.775 0.66608 0.00626208
478.13 0.668348 0.00627792
478.485 0.661644 0.00624182
478.839 0.660791 0.00620083
479.194 0.653874 0.00601411
479.549 0.646646 0.00585398
479.903 0.665492 0.00594795
480.258 0.678802 0.00609914
480.612 0.661065 0.00591947
480.967 0.652523 0.00576444
481.321 0.664747 0.00578434
481.675 0.67329 0.00592586
482.03 0.678493 0.00607111
482.384 0.665505 0.00604034
482.738 0.656439 0.00596649
483.093 0.653116 0.00592838
483.447 0.643474 0.0057386
483.801 0.644766 0.00559795
484.155 0.655757 0.0055602
484.509 0.588091 0.0048919
484.863 0.457706 0.0028978
485.217 0.588242 0.00288
485.571 0.688089 0.0030814
485.925 0.878211 0.00424093
486.279 0.806899 0.00484394
486.632 0.702213 0.00493518
486.986 0.697213 0.00533837
487.34 0.705965 0.00576956
487.694 0.682832 0.00587605
488.047 0.662083 0.00585453
488.401 0.658359 0.00583123
488.754 0.65262 0.00584207
489.108 0.671316 0.0060069
489.461 0.669317 0.00605934
489.815 0.67034 0.00613495
490.168 0.655188 0.00599362
490.522 0.664596 0.00601636
490.875 0.664574 0.00602413
491.228 0.665625 0.00605884
491.581 0.657043 0.00598234
491.935 0.664544 0.00603249
492.288 0.659846 0.0060305
492.641 0.65734 0.0059848
492.994 0.654106 0.00595311
493.347 0.657628 0.00593272
493.7 0.660578 0.00591475
494.053 0.663166 0.00594573
494.406 0.677307 0.00608819
494.759 0.675858 0.00622337
495.111 0.639267 0.00590903
495.464 0.62964 0.00561477
495.817 0.638274 0.00549077
496.169 0.688283 0.00585784
496.522 0.694876 0.00611561
496.875 0.682621 0.00628969
497.227 0.657088 0.0062164
497.58 0.658236 0.00626121
497.932 0.658107 0.00620662
498.285 0.650742 0.00612846
498.637 0.647521 0.00597179
498.989 0.650143 0.0058976
499.342 0.668101 0.00598138
499.694 0.67412 0.00612912
500.046 0.667701 0.00620888
500.398 0.640107 0.00593439
500.751 0.652458 0.00588801
501.103 0.654617 0.00591284
501.455 0.657236 0.00591295
501.807 0.654047 0.00590879
502.159 0.658283 0.00592854
502.511 0.658338 0.00593839
502.862 0.661014 0.00596363
503.214 0.665258 0.00605917
503.566 0.674749 0.00621302
503.918 0.664201 0.00624553
504.27 0.656509 0.00619197
504.621 0.661788 0.00622158
504.973 0.662647 0.00628645
505.324 0.657928 0.00624253
505.676 0.645323 0.00607361
506.027 0.654221 0.00608713
506.379 0.686291 0.00643137
506.73 0.666696 0.00647773
507.082 0.645597 0.00631772
507.433 0.640944 0.00620265
507.784 0.659621 0.00624917
508.136 0.671079 0.00638397
508.487 0.661246 0.00636494
508.838 0.666253 0.0064784
509.189 0.657005 0.00643738
509.54 0.651436 0.00633692
509.891 0.660885 0.00644909
510.242 0.659358 0.00642033
510.593 0.654388 0.00643892
510.944 0.654096 0.00648431
511.295 0.668125 0.00665151
511.646 0.673653 0.00679464
511.996 0.646645 0.00662195
512.347 0.640495 0.00654122
512.698 0.656918 0.00660968
513.049 0.651571 0.00659551
513.399 0.669398 0.00677792
513.75 0.65162 0.00665662
514.1 0.664135 0.00678047
514.451 0.665561 0.0069619
514.801 0.665454 0.00701316
515.152 0.644322 0.00681273
515.502 0.641428 0.00667366
515.852 0.650108 0.00665903
516.202 0.654011 0.00667568
516.553 0.66117 0.00678717
516.903 0.663627 0.00690079
517.253 0.670796 0.00705373
517.603 0.663126 0.00705998
517.953 0.653441 0.00693077
518.303 0.64688 0.00678352
518.653 0.649446 0.00669441
519.003 0.665351 0.00683619
519.353 0.679901 0.00713405
519.703 0.683318 0.00736302
520.052 0.657146 0.00723197
520.402 0.650249 0.00717593
520.752 0.65217 0.00710793
521.102 0.666278 0.00721043
521.451 0.666799 0.00732395
521.801 0.65177 0.00722131
522.15 0.650856 0.0071695
522.5 0.654283 0.00710089
522.849 0.649911 0.00709598
523.199 0.644087 0.00697176
523.548 0.652331 0.00699873
523.897 0.653924 0.00699381
524.246 0.675803 0.00725445
524.596 0.663748 0.0073076
524.945 0.646071 0.00715975
525.294 0.656233 0.0072088
525.643 0.656054 0.00721519
525.992 0.651674 0.00717513
526.341 0.654562 0.00713488
526.69 0.66534 0.00726624
527.039 0.667264 0.00734125
527.388 0.654045 0.0073109
527.737 0.628428 0.00697626
528.086 0.635774 0.00679688
528.434 0.642747 0.00669223
528.783 0.673424 0.00693759
529.132 0.66985 0.00706273
529.48 0.668414 0.00717193
529.829 0.664649 0.00722795
530.177 0.662021 0.00725922
530.526 0.666387 0.0073316
530.874 0.65197 0.00717704
531.223 0.648977 0.00714521
531.571 0.651096 0.00715372
531.919 0.65381 0.00718781
532.268 0.628519 0.00686476
532.616 0.632346 0.00665548
532.964 0.648805 0.00661195
533.312 0.662727 0.00669983
533.66 0.65404 0.00665414
534.008 0.649033 0.00660584
534.356 0.654441 0.00662282
534.704 0.659323 0.00671378
535.052 0.658175 0.00676907
535.4 0.665626 0.00695084
535.748 0.666524 0.00714273
536.095 0.66749 0.0073304
536.443 0.649606 0.00726506
536.791 0.638028 0.00708374
537.139 0.634495 0.00688865
537.486 0.639824 0.0067769
537.834 0.646959 0.00674267
538.181 0.65331 0.00674919
538.529 0.650728 0.00673712
538.876 0.657211 0.0067839
539.223 0.663636 0.00688978
539.571 0.665468 0.00704567
539.918 0.647755 0.00694695
540.265 0.636686 0.00676919
540.613 0.64485 0.00671338
540.96 0.657696 0.00682622
541.307 0.651873 0.00681891
541.654 0.651751 0.0068609
542.001 0.643845 0.0067713
542.348 0.644994 0.00678996
542.695 0.650186 0.00682535
543.042 0.638287 0.00666517
543.388 0.638834 0.00659692
543.735 0.648873 0.00661917
544.082 0.643176 0.00659051
544.429 0.651524 0.00663983
544.775 0.662939 0.00683535
545.122 0.675466 0.00710042
545.469 0.656995 0.00714515
545.815 0.651236 0.0071052
546.162 0.635723 0.0069689
546.508 0.62952 0.00678964
546.854 0.636501 0.0066439
547.201 0.621732 0.00627439
547.547 0.651492 0.00635681
547.893 0.66362 0.00651449
548.24 0.68596 0.00691428
548.586 0.666937 0.00719363
548.932 0.64975 0.00720306
549.278 0.644937 0.00725665
549.624 0.644097 0.00715571
549.97 0.666484 0.00735836
550.316 0.670577 0.00754439
550.662 0.646232 0.00745838
551.008 0.61676 0.00704612
551.353 0.625427 0.00669636
551.699 0.635699 0.00649798
552.045 0.675212 0.00683787
552.391 0.662836 0.0069542
552.736 0.641624 0.00688017
553.082 0.642766 0.0069132
553.427 0.655528 0.00705934
553.773 0.671113 0.00738963
554.118 0.641125 0.00729968
554.464 0.636274 0.00707764
554.809 0.623519 0.00675672
555.154 0.636384 0.00666402
555.5 0.663635 0.00685171
555.845 0.675474 0.00710901
556.19 0.655682 0.00716542
556.535 0.652086 0.00734701
556.88 0.635699 0.00719719
557.225 0.649298 0.00722415
557.57 0.651724 0.00732096
557.915 0.667418 0.00763291
558.26 0.649417 0.00760993
558.605 0.643586 0.00760141
558.95 0.638859 0.00745124
559.295 0.614926 0.00695342
559.639 0.621943 0.00670027
559.984 0.629067 0.00650426
560.329 0.645467 0.00651392
560.673 0.649262 0.00654914
561.018 0.666578 0.00679724
561.362 0.657117 0.00690576
561.707 0.648278 0.0070398
562.051 0.632753 0.00689673
562.395 0.636299 0.00688956
562.74 0.64199 0.00676375
563.084 0.631557 0.00660379
563.428 0.632239 0.00645863
563.772 0.653241 0.00659255
564.117 0.635344 0.00645622
564.461 0.64659 0.0064823
564.805 0.646615 0.00655188
565.149 0.636297 0.00647466
565.493 0.642941 0.0064891
565.836 0.623909 0.00630146
566.18 0.639361 0.00630525
566.524 0.602499 0.00575077
566.868 0.63338 0.00569427
567.212 0.633489 0.0055871
567.555 0.634646 0.00552399
567.899 0.610899 0.00520547
568.242 0.623248 0.00503433
568.586 0.610474 0.00469182
568.929 0.604086 0.00436645
569.273 0.614458 0.00414571
569.616 0.635444 0.00416323
569.96 0.626472 0.00408058
570.303 0.621343 0.00394188
570.646 0.631392 0.00391308
570.989 0.615343 0.00375728
571.333 0.643707 0.00384024
571.676 0.652626 0.00397881
572.019 0.673194 0.00437898
572.362 0.589271 0.00397911
572.705 0.593852 0.00370694
573.048 0.617476 0.00357123
573.391 0.624185 0.00347448
573.733 0.630087 0.00341311
574.076 0.627584 0.00336869
574.419 0.65167 0.00348467
574.762 0.650609 0.00366576
575.104 0.664281 0.00394649
575.447 0.610231 0.00384284
575.789 0.599879 0.00360984
576.132 0.612629 0.00340555
576.474 0.637041 0.00345103
576.817 0.601186 0.00312165
577.159 0.623437 0.0029991
577.501 0.665568 0.00306006
577.844 0.684283 0.00327258
578.186 0.682041 0.00364227
578.528 0.627369 0.00371046
578.87 0.623612 0.00371977
579.212 0.607305 0.00359671
579.554 0.623481 0.00349503
579.896 0.634154 0.00355104
580.238 0.605683 0.00334903
580.58 0.585625 0.00288998
580.922 0.67403 0.00298236
581.264 0.747279 0.00314015
581.606 0.702194 0.00306325
581.947 0.669325 0.00316288
582.289 0.676109 0.00349441
582.631 0.661826 0.003843
582.972 0.635741 0.00405483
583.314 0.614624 0.00400399
583.655 0.612912 0.00391516
583.997 0.586659 0.00353034
584.338 0.607862 0.00330949
584.679 0.619896 0.00318903
585.021 0.656591 0.00330632
585.362 0.661225 0.00355114
585.703 0.658368 0.00380798
586.044 0.607236 0.00375792
586.385 0.600483 0.00355499
586.726 0.612139 0.00341324
587.067 0.662709 0.00361758
587.408 0.655335 0.00380828
587.749 0.641331 0.00394492
588.09 0.642219 0.00412123
588.431 0.651584 0.00436441
588.772 0.632499 0.00452567
589.113 0.608937 0.00439468
589.453 0.628146 0.00444251
589.794 0.647878 0.00460547
590.134 0.649366 0.00484134
590.475 0.63084 0.00492604
590.815 0.614999 0.00485375
591.156 0.632086 0.00491142
591.496 0.613985 0.00479508
591.837 0.564099 0.0039867
592.177 0.599551 0.00371406
592.517 0.629961 0.00357019
592.857 0.662306 0.00380072
593.198 0.652671 0.00399454
593.538 0.664494 0.00442018
593.878 0.624915 0.00451434
594.218 0.600323 0.00433686
594.558 0.614686 0.00419781
594.898 0.645408 0.0043594
595.237 0.65501 0.00462217
595.577 0.646627 0.00490408
595.917 0.64589 0.0051852
596.257 0.602501 0.0048972
596.596 0.611517 0.00479848
596.936 0.633517 0.00473169
597.276 0.643392 0.00494705
597.615 0.621037 0.00485949
597.955 0.570127 0.00418205
598.294 0.617487 0.00399408
598.633 0.639926 0.0040212
598.973 0.646807 0.00419685
599.312 0.614718 0.004113
599.651 0.627819 0.00414852
599.991 0.638345 0.00429346
600.33 0.634887 0.00432764
600.669 0.63356 0.00445279
601.008 0.64482 0.0046265
601.347 0.635972 0.00478795
601.686 0.609859 0.00460026
602.025 0.637435 0.0047023
602.364 0.598933 0.00437482
602.702 0.631001 0.00440622
603.041 0.627597 0.00437282
603.38 0.642988 0.00458929
603.719 0.646276 0.00483211
604.057 0.628649 0.00493624
604.396 0.618141 0.00489903
604.734 0.599318 0.00470887
605.073 0.600027 0.00430321
605.411 0.644479 0.00446195
605.75 0.643416 0.00454738
606.088 0.639786 0.0048189
606.426 0.61008 0.00465057
606.764 0.62132 0.00461424
607.103 0.644204 0.0047567
607.441 0.636027 0.00493643
607.779 0.629616 0.00505253
608.117 0.617458 0.00497901
608.455 0.64672 0.00524379
608.793 0.625259 0.00529714
609.131 0.590651 0.00487135
609.469 0.621537 0.00481429
609.806 0.639871 0.00486691
610.144 0.654494 0.00528218
610.482 0.618198 0.0052843
610.819 0.622912 0.00527338
611.157 0.627191 0.0053097
611.495 0.642033 0.00554588
611.832 0.619573 0.00551222
612.17 0.618586 0.00546839
612.507 0.627265 0.00543379
612.844 0.631778 0.00549663
613.182 0.625893 0.00550014
613.519 0.617233 0.00543089
613.856 0.628466 0.00544491
614.193 0.61254 0.0053571
614.53 0.613614 0.00523488
614.867 0.62772 0.00522226
615.205 0.651659 0.00559278
615.541 0.633503 0.00568704
615.878 0.629197 0.00593853
616.215 0.612174 0.00586461
616.552 0.630912 0.00598401
616.889 0.614992 0.0058204
617.226 0.628601 0.00577734
617.562 0.632771 0.00589907
617.899 0.648394 0.00633181
618.235 0.64479 0.00666702
618.572 0.630208 0.00687831
618.908 0.607802 0.0066307
619.245 0.619546 0.0064002
619.581 0.625963 0.00626248
619.918 0.681195 0.00688978
620.254 0.661263 0.00765936
620.59 0.609539 0.00768532
620.926 0.589964 0.00715572
621.262 0.61149 0.00688552
621.599 0.650632 0.00697221
621.935 0.62181 0.00684675
622.271 0.61964 0.00658507
622.606 0.62547 0.00641913
622.942 0.650087 0.00662413
623.278 0.649932 0.00688097
623.614 0.595381 0.0063341
623.95 0.629943 0.0064112
624.285 0.633682 0.00650463
624.621 0.659984 0.00698862
624.957 0.629642 0.00707895
625.292 0.633609 0.00725965
625.628 0.640373 0.00758092
625.963 0.622044 0.00756856
626.299 0.619543 0.00741906
626.634 0.623404 0.00731272
626.969 0.643722 0.00751705
627.304 0.673462 0.00818812
627.64 0.638383 0.00860682
627.975 0.611208 0.00846079
628.31 0.598946 0.00798332
628.645 0.628711 0.00785614
628.98 0.650418 0.00812605
629.315 0.638914 0.00815749
629.65 0.615709 0.00808623
629.985 0.624882 0.00815423
630.319 0.652752 0.0086682
630.654 0.622559 0.00861614
630.989 0.629745 0.00861055
631.323 0.635224 0.0088163
631.658 0.645961 0.00914872
631.993 0.647979 0.00958848
632.327 0.624112 0.0094944
632.662 0.622707 0.00946415
632.996 0.62961 0.00938836
633.33 0.642541 0.00939685
633.665 0.654453 0.00964796
633.999 0.640679 0.00980853
634.333 0.637788 0.00991429
634.667 0.631302 0.00987043
635.001 0.609571 0.00942529
635.335 0.613792 0.00916953
635.669 0.621028 0.00885
636.003 0.639271 0.0089833
636.337 0.659905 0.00948654
636.671 0.639425 0.00979617
637.005 0.636265 0.0101821
637.339 0.619976 0.0100847
637.672 0.613257 0.00977054
638.006 0.634031 0.00967921
638.339 0.647192 0.00975994
638.673 0.658646 0.010188
639.006 0.637917 0.0102657
639.34 0.627354 0.0102864
639.673 0.641506 0.0105039
640.007 0.624901 0.0103815
640.34 0.642818 0.010629
640.673 0.643189 0.0108615
641.006 0.648993 0.0110257
641.34 0.647218 0.0110965
641.673 0.652331 0.01141
642.006 0.646335 0.0115697
642.339 0.6254 0.0112493
642.672 0.657711 0.0114335
643.004 0.645262 0.0113733
643.337 0.648799 0.0116486
643.67 0.633582 0.0116204
644.003 0.625208 0.011347
644.336 0.642357 0.0115708
644.668 0.644749 0.0116252
645.001 0.643334 0.0117548
645.333 0.658984 0.012074
645.666 0.662246 0.0124476
645.998 0.65412 0.0126805
646.331 0.638692 0.0125356
646.663 0.625502 0.0123878
646.995 0.608123 0.0116123
647.327 0.619297 0.0109557
647.66 0.619706 0.0101766
647.992 0.636665 0.0100458
648.324 0.627271 0.00988227
648.656 0.643564 0.0101362
648.988 0.642373 0.0104528
649.32 0.640762 0.0110293
649.652 0.643501 0.0117129
649.983 0.623224 0.0118332
650.315 0.633133 0.012102
650.647 0.625765 0.0118311
650.979 0.613194 0.0112195
651.31 0.606894 0.0107492
651.642 0.634529 0.0105901
651.973 0.626435 0.0104861
652.305 0.634521 0.0105461
652.636 0.629942 0.0105577
652.967 0.638173 0.010923
653.299 0.623608 0.0109888
653.63 0.62189 0.0110262
653.961 0.594393 0.0102636
654.292 0.515147 0.00798648
654.623 0.280366 0.00244446
654.955 0.900817 0.00343477
655.286 0.900762 0.00343456
655.616 0.900706 0.00343435
655.947 0.900649 0.00343413
656.278 0.900591 0.00343391
656.609 0.573362 0.00273984
656.94 0.497356 0.00320918
657.27 0.498682 0.00380758
657.601 0.549246 0.00457906
657.932 0.63249 0.00584424
658.262 0.693571 0.00747104
658.593 0.71987 0.00929071
658.923 0.730936 0.0111918
659.254 0.685937 0.0120768
659.584 0.67551 0.0128745
659.914 0.65783 0.0132926
660.244 0.655134 0.0137174
660.575 0.653137 0.0137814
660.905 0.656226 0.013816
661.235 0.648317 0.0135517
661.565 0.625892 0.013158
661.895 0.658471 0.0134614
662.225 0.665005 0.0137225
662.555 0.656636 0.0137555
662.884 0.633506 0.0135011
663.214 0.627462 0.0131813
663.544 0.649951 0.0132353
663.873 0.661754 0.0133359
664.203 0.628264 0.0126017
664.533 0.632259 0.012542
664.862 0.654797 0.0125782
665.192 0.656487 0.0128183
665.521 0.664354 0.0134624
665.85 0.660319 0.0140075
666.18 0.659701 0.0145204
666.509 0.630662 0.0141426
666.838 0.651972 0.0143176
667.167 0.667324 0.0142452
667.496 0.662904 0.014274
667.825 0.651814 0.0140806
668.154 0.646496 0.0140662
668.483 0.653269 0.0141634
668.812 0.657264 0.0138994
669.141 0.642101 0.0136176
669.47 0.63031 0.0131673
669.798 0.651159 0.0134813
670.127 0.659612 0.013889
670.456 0.607801 0.012798
670.784 0.604031 0.0114961
671.113 0.605595 0.0104973
671.441 0.623144 0.00993285
671.77 0.652088 0.010213
672.098 0.653203 0.0105902
672.426 0.675511 0.0117927
672.755 0.631214 0.0122124
673.083 0.62386 0.012519
673.411 0.628574 0.0126686
673.739 0.643004 0.0128959
674.067 0.643572 0.01331
674.395 0.645907 0.0136677
674.723 0.619055 0.0130063
675.051 0.657559 0.0132573
675.379 0.63895 0.0131155
675.706 0.651149 0.0132234
676.034 0.646551 0.0134418
676.362 0.652361 0.0137413
676.689 0.60187 0.0125309
677.017 0.596766 0.0115543
677.344 0.633299 0.0113904
677.672 0.654139 0.011597
677.999 0.639397 0.0118135
678.327 0.639135 0.0116218
678.654 0.610091 0.0107561
678.981 0.623374 0.0105689
679.308 0.632889 0.0105925
679.636 0.658151 0.0112016
679.963 0.645334 0.0116368
680.29 0.635873 0.0118977
680.617 0.629478 0.011628
680.944 0.624186 0.0113541
681.271 0.657565 0.0117041
681.597 0.640588 0.0122248
681.924 0.642863 0.013091
682.251 0.630402 0.0133033
682.578 0.616572 0.01257
682.904 0.618235 0.01179
683.231 0.629429 0.0113541
683.557 0.640933 0.0111437
683.884 0.630036 0.0108028
684.21 0.634043 0.0104979
684.536 0.608511 0.00992897
684.863 0.62978 0.00997832
685.189 0.639232 0.0100836
685.515 0.646481 0.0105838
685.841 0.639099 0.0109564
686.167 0.612701 0.0108895
686.493 0.619873 0.0107035
686.819 0.633349 0.010878
687.145 0.666693 0.0115478
687.471 0.662432 0.0123284
687.797 0.628415 0.012616
688.123 0.59854 0.0122024
688.448 0.602825 0.0120567
688.774 0.626773 0.0118119
689.1 0.641078 0.0120708
689.425 0.670662 0.0127847
689.751 0.614877 0.0124911
690.076 0.608741 0.0120014
690.402 0.602372 0.0111159
690.727 0.638167 0.0110347
691.052 0.654834 0.0113045
691.377 0.647924 0.0116576
691.703 0.652354 0.011936
692.028 0.644857 0.0120565
692.353 0.626183 0.0115391
692.678 0.627245 0.0115425
693.003 0.635838 0.0117887
693.328 0.675756 0.0131807
693.652 0.652889 0.013739
693.977 0.619811 0.0132645
694.302 0.607107 0.0124851
694.627 0.621864 0.012173
694.951 0.672312 0.0130575
695.276 0.689116 0.0142705
695.6 0.641934 0.0144216
695.925 0.570049 0.012364
696.249 0.599778 0.0111013
696.574 0.62513 0.0104475
696.898 0.671479 0.0110692
697.222 0.646385 0.0114605
697.546 0.631405 0.0118278
697.871 0.627014 0.0121626
698.195 0.653099 0.0125533
698.519 0.630413 0.012571
698.843 0.640096 0.0129665
699.167 0.659394 0.013655
699.491 0.633737 0.0138616
699.814 0.656411 0.014448
700.138 0.637791 0.0142075
700.462 0.643909 0.0144014
700.786 0.635202 0.0143247
701.109 0.621838 0.0138578
701.433 0.605562 0.0131052
701.756 0.647497 0.0131209
702.08 0.644773 0.0130097
702.403 0.644241 0.0131191
702.726 0.660248 0.0138245
703.05 0.64041 0.0140732
703.373 0.633277 0.0142752
703.696 0.651603 0.0144594
704.019 0.666009 0.0150685
704.342 0.652191 0.0153705
704.665 0.656572 0.0159951
704.988 0.639415 0.0159682
705.311 0.60044 0.0147627
705.634 0.607777 0.0135688
705.957 0.612575 0.012178
706.28 0.621121 0.0113035
706.602 0.639787 0.0111082
706.925 0.639581 0.0112104
707.247 0.642043 0.0116567
707.57 0.640164 0.0121912
707.892 0.61708 0.0122622
708.215 0.624941 0.0129018
708.537 0.638607 0.0135774
708.859 0.646514 0.0139264
709.182 0.655048 0.0139409
709.504 0.619604 0.0130691
709.826 0.629418 0.0129003
710.148 0.660314 0.0133053
710.47 0.659755 0.013635
710.792 0.64565 0.0138989
711.114 0.653778 0.0144075
711.436 0.633863 0.0146797
711.758 0.617818 0.0143123
712.079 0.622405 0.0141854
712.401 0.628669 0.0137967
712.723 0.621406 0.0130429
713.044 0.619444 0.0124055
713.366 0.644711 0.0123184
713.687 0.633248 0.0121656
714.009 0.656206 0.0128168
714.33 0.629275 0.0127719
714.652 0.640689 0.013274
714.973 0.663682 0.0139439
715.294 0.641297 0.0143291
715.615 0.649123 0.0153006
715.936 0.658199 0.0158086
716.257 0.649188 0.0159721
716.578 0.654421 0.0161336
716.899 0.649605 0.0158569
717.22 0.618182 0.0144334
717.541 0.637464 0.0142692
717.862 0.631418 0.0138755
718.182 0.653331 0.0143321
718.503 0.616519 0.0135536
718.824 0.663064 0.014239
719.144 0.652367 0.0142919
719.465 0.651234 0.0146717
719.785 0.625479 0.0142637
720.105 0.633394 0.0139508
720.426 0.638894 0.0138862
720.746 0.646781 0.0141714
721.066 0.640633 0.0141696
721.386 0.636313 0.0142873
721.706 0.644764 0.014772
722.026 0.630023 0.0147751
722.346 0.641257 0.0151787
722.666 0.646666 0.0151283
722.986 0.629068 0.0146079
723.306 0.671538 0.0151441
723.626 0.665122 0.0153533
723.946 0.632817 0.0149954
724.265 0.593757 0.0139267
724.585 0.624963 0.013555
724.904 0.646747 0.0133995
725.224 0.649909 0.0135506
725.543 0.636504 0.0133909
725.863 0.619479 0.0132288
726.182 0.626712 0.0136411
726.501 0.653609 0.0144881
726.82 0.647832 0.0145439
727.14 0.613734 0.0136378
727.459 0.625774 0.0134659
727.778 0.64153 0.0134212
728.097 0.638639 0.0135747
728.416 0.63146 0.013324
728.734 0.622524 0.0129176
729.053 0.643936 0.0129261
729.372 0.644072 0.0129188
729.691 0.621369 0.0124344
730.009 0.606679 0.0116198
730.328 0.602922 0.0112187
730.647 0.633785 0.0114572
730.965 0.642493 0.0118166
731.283 0.641699 0.0122756
731.602 0.635806 0.0125363
731.92 0.608441 0.0121704
732.238 0.612794 0.0118892
732.557 0.612157 0.0115783
732.875 0.621366 0.0116162
733.193 0.602052 0.0108208
733.511 0.621356 0.0105737
733.829 0.645222 0.0108705
734.147 0.650142 0.0115891
734.465 0.623108 0.0120136
734.782 0.621421 0.0119909
735.1 0.620476 0.0118292
735.418 0.633959 0.0118369
735.735 0.601246 0.0114523
736.053 0.631044 0.0118039
736.371 0.615465 0.0116158
736.688 0.63722 0.0121545
737.005 0.623924 0.0127463
737.323 0.627106 0.0134138
737.64 0.632002 0.0136579
737.957 0.618417 0.0130601
738.274 0.599564 0.011713
738.592 0.619045 0.0113758
738.909 0.646577 0.0117636
739.226 0.652524 0.0128084
739.543 0.646893 0.0137674
739.86 0.618264 0.0141053
740.176 0.62679 0.0147971
740.493 0.645499 0.0156993
740.81 0.664121 0.0161629
741.127 0.617439 0.0152322
741.443 0.62066 0.0147885
741.76 0.625286 0.0141411
742.076 0.649988 0.0143395
742.393 0.660694 0.0149632
742.709 0.649838 0.0157143
743.025 0.650274 0.0163625
743.342 0.650004 0.016182
743.658 0.639722 0.0158088
743.974 0.641782 0.0155094
744.29 0.649715 0.0153169
744.606 0.662224 0.0157564
744.922 0.63187 0.015525
745.238 0.644852 0.0157017
745.554 0.655947 0.0161003
745.87 0.604405 0.015597
746.186 0.621178 0.0154323
746.501 0.630142 0.0149813
746.817 0.634037 0.0149081
747.132 0.668148 0.0162181
747.448 0.648919 0.0168243
747.763 0.648706 0.0169145
748.079 0.607427 0.0157931
748.394 0.620604 0.0148318
748.71 0.620364 0.0138441
749.025 0.607721 0.0127619
749.34 0.612833 0.0125415
749.655 0.623872 0.012735
749.97 0.652755 0.0135433
750.285 0.596483 0.0131308
750.6 0.613695 0.0131789
750.915 0.596853 0.0125108
751.23 0.622582 0.0128958
751.545 0.607536 0.0131122
751.859 0.622061 0.0139186
752.174 0.602885 0.0142041
752.489 0.583235 0.0132525
752.803 0.585148 0.0125386
753.118 0.61424 0.0125746
753.432 0.623797 0.0129409
753.747 0.6302 0.013589
754.061 0.587338 0.0128759
754.375 0.589256 0.0123306
754.689 0.594993 0.012031
755.004 0.609809 0.0119674
755.318 0.589148 0.0116151
755.632 0.587791 0.0111328
755.946 0.603137 0.0109832
756.26 0.596346 0.0105452
756.573 0.577556 0.00979205
756.887 0.595702 0.00965178
757.201 0.603299 0.00974229
757.515 0.621315 0.0106902
757.828 0.595175 0.011286
758.142 0.569895 0.011177
758.455 0.552578 0.0103382
758.769 0.569444 0.00991058
759.082 0.590904 0.00990873
759.396 0.583942 0.00962612
759.709 0.585632 0.00955081
760.022 0.587082 0.00951007
760.335 0.602553 0.0100625
760.648 0.610338 0.010776
760.962 0.588413 0.0113855
761.275 0.583039 0.0120268
761.587 0.579207 0.0122777
761.9 0.589692 0.0124766
762.213 0.581591 0.0120154
762.526 0.580108 0.0115603
762.839 0.601191 0.0117165
763.151 0.587578 0.0112962
763.464 0.57028 0.0105613
763.776 0.559761 0.00978426
764.089 0.59162 0.00963523
764.401 0.602618 0.00998508
764.714 0.595993 0.0104429
765.026 0.592541 0.0110923
765.338 0.595206 0.0118108
765.65 0.617157 0.0130174
765.962 0.589978 0.0134057
766.275 0.597803 0.0140648
766.587 0.583052 0.0140741
766.898 0.568469 0.0135236
767.21 0.586875 0.0131551
767.522 0.580138 0.0120495
767.834 0.595424 0.0116114
768.146 0.607002 0.0117573
768.457 0.613317 0.012276
768.769 0.590874 0.0127132
769.08 0.587565 0.0129976
769.392 0.561884 0.0123293
769.703 0.578144 0.0118535
770.015 0.572027 0.0113091
770.326 0.600815 0.0115063
770.637 0.612415 0.0119754
770.948 0.62031 0.0128747
771.26 0.581407 0.013338
771.571 0.570886 0.0134439
771.882 0.5765 0.0134889
772.193 0.569407 0.0130915
772.504 0.603396 0.0136772
772.814 0.588237 0.0140427
773.125 0.589345 0.0142702
773.436 0.586732 0.014564
773.747 0.588426 0.0150727
774.057 0.610645 0.0157727
774.368 0.585449 0.0155
774.678 0.633519 0.0165122
774.989 0.615377 0.0167353
775.299 0.646117 0.0176152
775.609 0.599647 0.0169796
775.919 0.591726 0.0166841
776.23 0.600463 0.0166112
776.54 0.639669 0.017414
776.85 0.589912 0.0165812
777.16 0.599137 0.016603
777.47 0.589806 0.0157488
777.78 0.592872 0.0148787
778.089 0.576618 0.0138603
778.399 0.618587 0.0143174
778.709 0.605929 0.0144581
779.019 0.604958 0.0152737
779.328 0.602642 0.016225
779.638 0.578736 0.015969
779.947 0.555749 0.0146647
780.257 0.569046 0.0133696
780.566 0.579817 0.0128612
780.875 0.59797 0.0130985
781.185 0.579556 0.0135521
781.494 0.579765 0.0140681
781.803 0.582836 0.0141964
782.112 0.563999 0.0143422
782.421 0.581368 0.0144583
782.73 0.571275 0.014041
783.039 0.591753 0.0143167
783.348 0.609432 0.0152487
783.656 0.607881 0.0165589
783.965 0.563141 0.016162
784.274 0.557456 0.0157354
784.582 0.589085 0.0156516
784.891 0.578958 0.0152238
785.199 0.586381 0.015422
785.508 0.59047 0.0160846
785.816 0.604005 0.01655
786.124 0.591047 0.0163542
786.432 0.571626 0.0150837
786.741 0.573324 0.0145478
787.049 0.580057 0.0144557
787.357 0.568862 0.0142837
787.665 0.547898 0.0139504
787.973 0.581939 0.0145177
788.281 0.574394 0.0148809
788.588 0.587847 0.0156652
788.896 0.563631 0.0162667
789.204 0.556357 0.016669
789.511 0.586887 0.0174174
789.819 0.583584 0.0174495
790.126 0.586282 0.0176236
790.434 0.609224 0.0180983
790.741 0.606494 0.0182033
791.049 0.586762 0.017674
791.356 0.596406 0.0182943
791.663 0.620714 0.0196148
791.97 0.603308 0.0189479
792.277 0.604339 0.0195827
792.584 0.585605 0.0179203
792.891 0.551689 0.0152881
793.198 0.554259 0.0141021
793.505 0.579345 0.0140349
793.812 0.577577 0.0141695
794.119 0.560241 0.0143693
794.425 0.544625 0.0144361
794.732 0.569194 0.0154029
795.038 0.608481 0.0176438
795.345 0.579457 0.0185207
795.651 0.567316 0.0193468
795.958 0.570185 0.0196456
796.264 0.577747 0.0190336
796.57 0.590913 0.0181691
796.876 0.601227 0.0178563
797.183 0.602237 0.0183043
797.489 0.60789 0.0191077
797.795 0.596122 0.0190974
798.101 0.598525 0.01936
798.406 0.589534 0.0190355
798.712 0.624328 0.019824
799.018 0.613398 0.0203456
799.324 0.604936 0.0203706
799.629 0.617955 0.020789
799.935 0.605127 0.0206091
800.24 0.670039 0.0218414
800.546 0.593515 0.0203812
800.851 0.673784 0.0226456
801.157 0.621694 0.0220503
801.462 0.619281 0.022341
801.767 0.598006 0.0221947
802.072 0.590746 0.0212337
802.377 0.611205 0.0208709
802.682 0.616712 0.0204428
802.987 0.6163 0.0205311
803.292 0.625448 0.021852
803.597 0.641624 0.0224948
803.902 0.61889 0.0221726
804.207 0.614327 0.0214634
804.511 0.584352 0.0205728
804.816 0.573327 0.0197605
805.12 0.556832 0.0181024
805.425 0.580345 0.0173483
805.729 0.587781 0.0173539
806.034 0.616622 0.0183226
806.338 0.565432 0.0182092
806.642 0.585631 0.0192992
806.946 0.576295 0.0190971
807.251 0.570322 0.0190055
807.555 0.588083 0.0192275
807.859 0.5474 0.0184038
808.162 0.589158 0.0191819
808.466 0.612881 0.0203284
808.77 0.58975 0.0203812
809.074 0.564696 0.0204094
809.378 0.633727 0.0220729
809.681 0.628017 0.0223942
809.985 0.607343 0.0219024
810.288 0.589509 0.0212669
810.592 0.656786 0.0232126
810.895 0.662397 0.0234441
811.198 0.655939 0.0237598
811.502 0.66966 0.0255715
811.805 0.618083 0.0241671
812.108 0.68427 0.0260329
812.411 0.671515 0.0245435
812.714 0.590817 0.020859
813.017 0.585018 0.0196434
813.32 0.605843 0.019947
813.623 0.58833 0.0198751
813.926 0.652293 0.0229167
814.228 0.649083 0.0237956
814.531 0.645189 0.0244263
814.833 0.644228 0.0246717
815.136 0.593848 0.0237389
815.438 0.686886 0.0260898
815.741 0.673702 0.0255163
816.043 0.681263 0.0252847
816.345 0.630133 0.0234053
816.648 0.646981 0.0239008
816.95 0.653293 0.0243512
817.252 0.588874 0.023669
817.554 0.647598 0.0248835
817.856 0.648093 0.0254508
818.158 0.630485 0.0257452
818.46 0.711293 0.0279816
818.761 0.65274 0.0262962
819.063 0.689826 0.0269956
819.365 0.693191 0.0267025
819.666 0.646326 0.0243024
819.968 0.639338 0.0233851
820.269 0.586605 0.0214807
820.571 0.640291 0.0230567
820.872 0.618488 0.0234535
821.173 0.641227 0.0248897
821.475 0.651437 0.0256045
821.776 0.654909 0.025923
822.077 0.657512 0.0261074
822.378 0.630253 0.0251035
822.679 0.645225 0.0260774
822.98 0.717962 0.0279878
823.281 0.668164 0.0275186
823.581 0.739151 0.028752
823.882 0.694571 0.0284429
824.183 0.682918 0.0274868
824.483 0.646893 0.0262057
824.784 0.609435 0.0240062
825.084 0.622749 0.0245199
825.385 0.610704 0.0238992
825.685 0.636036 0.0252998
825.985 0.671913 0.0267389
826.286 0.684525 0.0268582
826.586 0.607425 0.024437
826.886 0.59755 0.0241061
827.186 0.615239 0.0241396
827.486 0.650651 0.0257889
827.786 0.649722 0.0266822
828.086 0.674464 0.0275149
828.386 0.642814 0.0259322
828.685 0.652467 0.0261177
828.985 0.705629 0.0280931
829.285 0.709069 0.0282556
829.584 0.648501 0.027143
829.884 0.688362 0.0288399
830.183 0.677534 0.0288195
830.482 0.724449 0.0309585
830.782 0.685991 0.0304051
831.081 0.766041 0.0339913
831.38 0.791332 0.0338167
831.679 0.694227 0.0294843
831.978 0.672378 0.0290047
832.277 0.667157 0.0283491
832.576 0.709646 0.0295557
832.875 0.683895 0.0292405
833.174 0.686189 0.0286492
833.472 0.714287 0.0302591
833.771 0.688766 0.0290598
834.07 0.656705 0.0277774
834.368 0.643522 0.027658
834.667 0.688496 0.0291961
834.965 0.747283 0.0310167
835.263 0.716503 0.0306189
835.562 0.678436 0.0295165
835.86 0.709984 0.0302466
836.158 0.745585 0.0319444
836.456 0.799764 0.0347019
836.754 0.68027 0.0302698
837.052 0.689605 0.0313069
837.35 0.755009 0.0322645
837.648 0.773847 0.0342229
837.946 0.648547 0.0302499
838.243 0.749321 0.03338
838.541 0.783264 0.0339136
838.839 0.711319 0.0310135
839.136 0.718933 0.0317944
839.434 0.778301 0.0330213
839.731 0.680453 0.0299271
840.028 0.79902 0.0345958
840.326 0.748937 0.032088
840.623 0.801231 0.034081
840.92 0.682474 0.0316374
841.217 0.79445 0.0355912
841.514 0.778416 0.0342921
841.811 0.684238 0.0316232
842.108 0.723505 0.0326933
842.405 0.748086 0.0335907
842.701 0.714579 0.0317785
842.998 0.769737 0.0342315
843.295 0.737138 0.0329299
843.591 0.794278 0.0349715
843.888 0.801632 0.035065
844.184 0.77052 0.0348584
844.481 0.727602 0.0330319
844.777 0.895465 0.0383062
845.073 0.789192 0.0354162
845.369 0.720454 0.0330574
845.665 0.839876 0.0366186
845.962 0.79314 0.0353121
846.258 0.833203 0.0368685
846.553 0.824625 0.0373061
846.849 0.828272 0.0361519
847.145 0.745654 0.0337334
847.441 0.805627 0.0355693
847.737 0.830585 0.0371679
848.032 0.729367 0.0334063
848.328 0.747501 0.0338562
848.623 0.905788 0.0408356
848.919 0.790339 0.036113
849.214 0.804139 0.0357416
849.509 0.79943 0.0364854
849.805 0.738874 0.0342313
850.1 0.785664 0.0359422
850.395 0.870961 0.0388423
850.69 0.871072 0.0386301
850.985 0.729844 0.0336695
851.28 0.74278 0.0346451
851.575 0.720994 0.0335049
851.869 0.775162 0.0348864
852.164 0.703723 0.0327426
852.459 0.688184 0.0310792
852.753 0.653383 0.029628
853.048 0.680274 0.0295805
853.342 0.627374 0.0273094
853.637 0.664038 0.0287056
853.931 0.667832 0.0287784
854.225 0.723832 0.0302209
854.52 0.708272 0.0299586
854.814 0.707256 0.0307372
855.108 0.735532 0.0327473
855.402 0.722293 0.0316804
855.696 0.744536 0.0328903
855.99 0.809746 0.0340783
856.283 0.745976 0.0325598
856.577 0.737115 0.0321906
856.871 0.682308 0.0307075
857.164 0.702311 0.032034
857.458 0.745385 0.0338194
857.751 0.754309 0.0331572
858.045 0.820997 0.0362879
858.338 0.716707 0.0324804
858.632 0.755501 0.0348531
858.925 0.810767 0.0359957
859.218 0.773716 0.0353325
859.511 0.793713 0.0354375
859.804 0.788095 0.0361824
860.097 0.805315 0.0353219
860.39 0.782103 0.0358003
860.683 0.785475 0.0354116
860.976 0.766661 0.0360723
861.268 0.790674 0.0362576
861.561 0.82965 0.0370838
861.854 0.827572 0.0371812
862.146 0.858698 0.0382954
862.439 0.829844 0.0368017
862.731 0.793024 0.0361715
863.023 0.823597 0.0360258
863.316 0.747299 0.0348775
863.608 0.716187 0.0323815
863.9 0.736749 0.0359535
864.192 0.759726 0.0351759
864.484 0.823568 0.0373451
864.776 0.728891 0.0337891
865.068 0.796007 0.0369457
865.36 0.84187 0.0374605
865.651 0.752686 0.0354815
865.943 0.816567 0.0378535
866.235 0.79397 0.0366278
866.526 0.863658 0.0389815
866.818 0.855182 0.0384656
867.109 0.8381 0.0383635
867.4 0.768809 0.035553
867.692 0.798056 0.0364011
867.983 0.748144 0.0351346
868.274 0.761716 0.0351189
868.565 0.73107 0.0347935
868.856 0.79898 0.0370383
869.147 0.798206 0.0365592
869.438 0.87939 0.04035
869.729 0.807616 0.0385108
870.02 0.80937 0.0381058
870.31 0.757106 0.0367731
870.601 0.812021 0.0366931
870.892 0.846455 0.038383
871.182 0.860999 0.0392488
871.473 0.815372 0.0370383
871.763 0.903642 0.039963
872.053 0.790743 0.0369051
872.343 0.82281 0.0371163
872.634 0.863516 0.0397402
872.924 0.870537 0.0409598
873.214 0.828529 0.0381531
873.504 0.832787 0.0386291
873.794 0.84013 0.0382748
874.084 0.849792 0.0381138
874.373 0.880057 0.0400705
874.663 0.777142 0.036315
874.953 0.843696 0.0394742
875.242 0.888677 0.0399265
875.532 0.847095 0.037842
875.821 0.880889 0.0400375
876.111 0.77585 0.0364816
876.4 0.811001 0.0365624
876.689 0.789037 0.0361826
876.978 0.806398 0.0374736
877.268 0.799007 0.0372216
877.557 0.869038 0.0387786
877.846 0.839291 0.038327
878.134 0.821529 0.0388992
878.423 0.82168 0.0389064
878.712 0.821831 0.0389135
