178.41 0.605898 0.121228
178.791 0.609734 0.121996
179.172 0.613543 0.122758
179.553 0.432476 0.432476
179.934 0.630944 0.630944
180.316 0.299572 0.299572
180.697 1.14453 1.14453
181.078 0.736683 0.736683
181.459 0.143837 0.143837
181.84 0.585658 0.585658
182.221 2.34207 2.34207
182.602 -0.263388 -0.263388
182.983 0.155349 0.0502699
183.364 0.229015 0.156918
183.744 0.5526 0.0794389
184.125 0.399319 0.0570689
184.506 0.649297 0.0644577
184.887 1.07291 0.0955826
185.268 1.09312 0.0848628
185.648 0.625392 0.0465185
186.029 0.666045 0.0462353
186.41 0.565077 0.0401178
186.791 0.575032 0.0376595
187.171 0.611423 0.0357594
187.552 0.509124 0.0275597
187.932 0.431597 0.0231901
188.313 0.482406 0.0248051
188.694 0.404129 0.0212485
189.074 0.43381 0.0220755
189.455 0.449808 0.0218826
189.835 0.455759 0.0218943
190.216 0.437173 0.0207846
190.596 0.415689 0.0199562
190.977 0.442129 0.0200765
191.357 0.456513 0.0206813
191.737 0.471379 0.0207477
192.118 0.47619 0.0211818
192.498 0.46571 0.0201791
192.878 0.421109 0.0186793
193.258 0.422262 0.0189215
193.639 0.451713 0.0195935
194.019 0.471062 0.0196712
194.399 0.424047 0.018593
194.779 0.44199 0.018931
195.159 0.447314 0.0185065
195.54 0.403248 0.0173987
195.92 0.405676 0.0171977
196.3 0.418943 0.0175295
196.68 0.419226 0.0178634
197.06 0.401373 0.0171644
197.44 0.405405 0.0169883
197.82 0.402471 0.0168152
198.2 0.394698 0.0165396
198.58 0.367508 0.0154386
198.959 0.344346 0.0149125
199.339 0.375723 0.0154181
199.719 0.377176 0.0158925
200.099 0.355105 0.0148143
200.479 0.352792 0.0146817
200.858 0.332749 0.0140989
201.238 0.370011 0.0150479
201.618 0.352446 0.0144354
201.998 0.337499 0.0139227
202.377 0.318187 0.0133936
202.757 0.322248 0.013249
203.136 0.327474 0.0134962
203.516 0.304456 0.0128284
203.896 0.28217 0.011968
204.275 0.320738 0.0128998
204.655 0.296883 0.0121712
205.034 0.303114 0.0122359
205.414 0.295124 0.0117466
205.793 0.286629 0.0114912
206.172 0.285579 0.0113059
206.552 0.288372 0.0114115
206.931 0.272501 0.0109049
207.31 0.258198 0.010481
207.69 0.257067 0.0102135
208.069 0.260932 0.0103625
208.448 0.271983 0.010379
208.827 0.252183 0.00991365
209.207 0.255988 0.00977665
209.586 0.243024 0.00939075
209.965 0.267366 0.0098748
210.344 0.233299 0.00902641
210.723 0.225968 0.00873905
211.102 0.222669 0.00853595
211.481 0.22562 0.00855703
211.86 0.236543 0.00869291
212.239 0.222856 0.00826278
212.618 0.231689 0.00833812
212.997 0.224146 0.00819361
213.376 0.217398 0.00785839
213.755 0.204292 0.00750479
214.134 0.201651 0.00742198
214.513 0.202224 0.00737277
214.891 0.198013 0.00712356
215.27 0.205025 0.00719651
215.649 0.2006 0.00696646
216.028 0.214637 0.00715346
216.406 0.207737 0.00692785
216.785 0.206029 0.00684939
217.164 0.188853 0.0064264
217.542 0.182761 0.00621705
217.921 0.18156 0.00612245
218.3 0.170943 0.00594258
218.678 0.171514 0.00582686
219.057 0.177914 0.00587276
219.435 0.182214 0.00584654
219.814 0.184605 0.00580489
220.192 0.178906 0.00562414
220.57 0.172957 0.00544925
220.949 0.174158 0.00543121
221.327 0.170648 0.00525597
221.705 0.162236 0.00507473
222.084 0.14594 0.00473233
222.462 0.147568 0.00473076
222.84 0.154434 0.00476549
223.218 0.152174 0.00466459
223.597 0.155563 0.00462407
223.975 0.153505 0.00451381
224.353 0.164338 0.00459927
224.731 0.161961 0.00449051
225.109 0.154987 0.00436257
225.487 0.149188 0.00422668
225.865 0.137402 0.00399211
226.243 0.129698 0.00382587
226.621 0.123173 0.00367043
226.999 0.124535 0.00363035
227.377 0.132458 0.00369731
227.755 0.135677 0.00367559
228.133 0.14074 0.00369749
228.511 0.147735 0.00377626
228.889 0.149011 0.00372087
229.266 0.142034 0.00360752
229.644 0.134562 0.00343827
230.022 0.125561 0.00328542
230.4 0.115685 0.00311991
230.777 0.110134 0.00301418
231.155 0.107139 0.00293838
231.533 0.112131 0.00295387
231.91 0.110578 0.00289558
232.288 0.121971 0.00302519
232.665 0.126223 0.00304064
233.043 0.133038 0.00308583
233.42 0.135618 0.00309915
233.798 0.130635 0.00300058
234.175 0.124086 0.00289646
234.553 0.118914 0.00282064
234.93 0.108131 0.00265471
235.307 0.101326 0.00255341
235.685 0.0939512 0.00242554
236.062 0.0965346 0.00244178
236.439 0.100814 0.00247675
236.816 0.103883 0.00248285
237.194 0.111499 0.0025476
237.571 0.121161 0.00264048
237.948 0.127023 0.002689
238.325 0.127695 0.00267482
238.702 0.125064 0.00262386
239.079 0.116613 0.00251174
239.456 0.109948 0.0024208
239.833 0.102369 0.00231722
240.21 0.092457 0.00218998
240.587 0.0875104 0.0021139
240.964 0.0881789 0.00210887
241.341 0.089453 0.00210994
241.718 0.0962666 0.00216953
242.095 0.103612 0.00224154
242.472 0.109545 0.00228412
242.849 0.118719 0.00237451
243.225 0.121962 0.0023755
243.602 0.125389 0.00240899
243.979 0.119625 0.00234821
244.356 0.116393 0.00229308
244.732 0.103049 0.00213712
245.109 0.0939568 0.00203663
245.486 0.0885632 0.00196108
245.862 0.0838447 0.00190608
246.239 0.0832779 0.0018875
246.615 0.0848446 0.00189298
246.992 0.0929819 0.00197082
247.368 0.0990057 0.00202458
247.745 0.105942 0.00208362
248.121 0.115916 0.00215758
248.497 0.121741 0.00221719
248.874 0.124449 0.00222991
249.25 0.122328 0.00218845
249.626 0.118146 0.00214317
250.003 0.110206 0.00206053
250.379 0.0994339 0.00194486
250.755 0.0909632 0.00185242
251.131 0.0853096 0.00178395
251.507 0.0794911 0.001726
251.884 0.0806734 0.00172046
252.26 0.0852287 0.00176798
252.636 0.0922907 0.00182528
253.012 0.0979434 0.00187353
253.388 0.108175 0.00196034
253.764 0.115961 0.00202327
254.14 0.121355 0.00206565
254.516 0.125066 0.00209055
254.892 0.125858 0.00209519
255.268 0.122064 0.00205433
255.643 0.113234 0.00197308
256.019 0.101018 0.0018523
256.395 0.091979 0.00176891
256.771 0.0845945 0.00168697
257.147 0.0806819 0.0016438
257.522 0.0783423 0.00162146
257.898 0.0780671 0.00161043
258.274 0.0814248 0.00164355
258.649 0.0901237 0.00172482
259.025 0.0986361 0.00179591
259.4 0.107406 0.00186996
259.776 0.11762 0.00195629
260.151 0.124248 0.00201288
260.527 0.128897 0.00204678
260.902 0.12511 0.00200538
261.278 0.120534 0.00196465
261.653 0.114553 0.00191628
262.028 0.10609 0.00184431
262.404 0.0975783 0.0017672
262.779 0.0870202 0.00166241
263.154 0.0792407 0.00158211
263.53 0.0782501 0.00156613
263.905 0.0761416 0.00154916
264.28 0.0801394 0.00159081
264.655 0.0857904 0.00164155
265.03 0.093125 0.00171694
265.405 0.101339 0.00178457
265.781 0.109308 0.00184694
266.156 0.120338 0.00194621
266.531 0.123841 0.00196261
266.906 0.127348 0.00199194
267.281 0.124945 0.00196414
267.655 0.120959 0.00194701
268.03 0.115353 0.00189463
268.405 0.106932 0.00182754
268.78 0.0973817 0.00174614
269.155 0.0880482 0.00165229
269.53 0.0807737 0.00158339
269.904 0.0744995 0.00152011
270.279 0.0721638 0.00150161
270.654 0.0729809 0.00150268
271.029 0.0765928 0.00154376
271.403 0.0853796 0.00162976
271.778 0.0920764 0.00169068
272.152 0.102339 0.001785
272.527 0.10841 0.00183548
272.901 0.119178 0.00192091
273.276 0.123037 0.00194815
273.65 0.123008 0.00194306
274.025 0.123391 0.00195868
274.399 0.119916 0.00193226
274.774 0.112493 0.00186387
275.148 0.105739 0.00180371
275.522 0.0956754 0.00171118
275.897 0.088514 0.0016529
276.271 0.0798286 0.00157053
276.645 0.0754363 0.00152216
277.019 0.0705381 0.00147292
277.393 0.0692244 0.001455
277.768 0.0721352 0.00149105
278.142 0.0729089 0.00149299
278.516 0.0820907 0.00159641
278.89 0.0883589 0.00164842
279.264 0.0972892 0.00173519
279.638 0.103305 0.00177981
280.012 0.108231 0.00181956
280.386 0.114908 0.00188649
280.76 0.116623 0.00189341
281.133 0.117331 0.00190109
281.507 0.116132 0.00188855
281.881 0.110006 0.00183601
282.255 0.102591 0.00177703
282.629 0.0948645 0.00171251
283.002 0.086286 0.00163256
283.376 0.077754 0.00154886
283.75 0.0726888 0.0015016
284.123 0.0653302 0.00142113
284.497 0.0637742 0.00140625
284.87 0.0624841 0.00139274
285.244 0.0655531 0.00142187
285.618 0.0698151 0.00147048
285.991 0.0731371 0.00151176
286.364 0.0801314 0.00158497
286.738 0.087623 0.00165411
287.111 0.0926403 0.00169415
287.485 0.0985663 0.00175659
287.858 0.105772 0.00182364
288.231 0.106841 0.00183641
288.605 0.109186 0.00185985
288.978 0.108186 0.00184428
289.351 0.105668 0.00183094
289.724 0.10339 0.00181807
290.097 0.0962068 0.00175088
290.47 0.0907424 0.0017055
290.843 0.0821221 0.00162103
291.217 0.0748827 0.00155299
291.59 0.0685885 0.00149535
291.963 0.0641044 0.00144226
292.336 0.0624151 0.00142693
292.708 0.0570694 0.00136356
293.081 0.0589807 0.00138882
293.454 0.0605797 0.00140959
293.827 0.0638722 0.00145203
294.2 0.0680195 0.00150556
294.573 0.0750195 0.00157642
294.945 0.0812612 0.00165125
295.318 0.0864446 0.00169491
295.691 0.0947655 0.00178423
296.064 0.0975821 0.00181236
296.436 0.103614 0.0018698
296.809 0.105923 0.00189132
297.181 0.108535 0.00192027
297.554 0.109125 0.00193072
297.926 0.10709 0.00191248
298.299 0.10408 0.00188665
298.671 0.101082 0.00185194
299.044 0.0935497 0.00179111
299.416 0.0885687 0.0017397
299.788 0.082756 0.00168393
300.161 0.0765397 0.0016213
300.533 0.0718796 0.00157208
300.905 0.0659821 0.00149892
301.278 0.0633767 0.00147135
301.65 0.0634363 0.00147141
302.022 0.0654448 0.00150101
302.394 0.0654957 0.00150438
302.766 0.0716127 0.00156958
303.138 0.0790581 0.00165562
303.51 0.084635 0.00170128
303.882 0.0951279 0.00181203
304.254 0.104021 0.0018895
304.626 0.111009 0.0019499
304.998 0.122373 0.00204553
305.37 0.130788 0.00212718
305.742 0.135695 0.00215902
306.114 0.147506 0.00225347
306.485 0.150577 0.00227222
306.857 0.149093 0.00225943
307.229 0.150487 0.00227478
307.601 0.149619 0.00227332
307.972 0.146493 0.00224708
308.344 0.139894 0.00219707
308.716 0.13535 0.002173
309.087 0.129723 0.00211718
309.459 0.122902 0.00206588
309.83 0.117573 0.00201925
310.202 0.111759 0.00196375
310.573 0.111421 0.00196079
310.945 0.113541 0.00198785
311.316 0.115278 0.00200585
311.687 0.123811 0.00206989
312.059 0.132349 0.00214473
312.43 0.146681 0.00226063
312.801 0.162582 0.00237351
313.172 0.177644 0.00249138
313.544 0.196142 0.00261739
313.915 0.214743 0.00273546
314.286 0.230358 0.00283406
314.657 0.244728 0.00291569
315.028 0.25979 0.00301086
315.399 0.270973 0.00307655
315.77 0.285348 0.00315653
316.141 0.285541 0.00315947
316.512 0.290393 0.00318785
316.883 0.29234 0.00321435
317.254 0.291248 0.00320556
317.625 0.28331 0.0031677
317.996 0.279396 0.00313855
318.366 0.270335 0.00309298
318.737 0.264983 0.00305936
319.108 0.256245 0.00301273
319.478 0.257093 0.00302806
319.849 0.256942 0.00301775
320.22 0.263231 0.00306345
320.59 0.268303 0.00309135
320.961 0.281481 0.00317472
321.331 0.29887 0.00326373
321.702 0.317463 0.00339265
322.072 0.336039 0.00348576
322.443 0.356326 0.00359385
322.813 0.379547 0.00370043
323.184 0.401342 0.00382292
323.554 0.421589 0.00391838
323.924 0.439554 0.00399239
324.295 0.461785 0.00411385
324.665 0.472964 0.0041681
325.035 0.487222 0.00421972
325.405 0.495263 0.00426839
325.775 0.508845 0.00435333
326.145 0.5038 0.00432878
326.515 0.510803 0.00438619
326.886 0.508502 0.00437647
327.256 0.497635 0.00433024
327.626 0.500504 0.00437646
327.995 0.489842 0.00434537
328.365 0.485484 0.00433113
328.735 0.482259 0.00433471
329.105 0.478919 0.00435483
329.475 0.4847 0.00442089
329.845 0.490606 0.00446278
330.215 0.499251 0.00449173
330.584 0.507758 0.00447955
330.954 0.517097 0.00446296
331.324 0.526154 0.00439872
331.693 0.538529 0.00438057
332.063 0.553634 0.0044148
332.432 0.573973 0.00446605
332.802 0.598471 0.00455961
333.171 0.618985 0.00468038
333.541 0.644075 0.00485804
333.91 0.659978 0.00495493
334.28 0.673673 0.00504387
334.649 0.685802 0.0051019
335.018 0.695446 0.00515049
335.388 0.698939 0.00517573
335.757 0.699586 0.00517457
336.126 0.699676 0.00519484
336.495 0.701653 0.00520506
336.865 0.693619 0.00518304
337.234 0.696068 0.00522683
337.603 0.693075 0.00520088
337.972 0.688745 0.00520082
338.341 0.682806 0.00516347
338.71 0.682694 0.00517581
339.079 0.675752 0.0051561
339.448 0.674795 0.00513323
339.817 0.675184 0.00514503
340.186 0.681181 0.00517759
340.554 0.690126 0.00522644
340.923 0.686782 0.00520407
341.292 0.699892 0.00528187
341.661 0.708653 0.00530028
342.029 0.71296 0.00531054
342.398 0.737757 0.00542597
342.767 0.745271 0.0054735
343.135 0.757815 0.005486
343.504 0.772092 0.00557563
343.872 0.778339 0.00556648
344.241 0.785823 0.00559548
344.609 0.790155 0.00562885
344.978 0.80397 0.0056845
345.346 0.807611 0.00568127
345.715 0.81875 0.00574253
346.083 0.814572 0.00572619
346.451 0.818332 0.00575864
346.82 0.817431 0.00575035
347.188 0.814214 0.00573309
347.556 0.811516 0.00574231
347.924 0.805366 0.00569179
348.292 0.815057 0.00580111
348.66 0.810188 0.00576861
349.028 0.797058 0.00570524
349.396 0.792992 0.00570071
349.764 0.78622 0.00567241
350.132 0.790524 0.00571903
350.5 0.776854 0.00564779
350.868 0.788768 0.00573001
351.236 0.789311 0.00571925
351.604 0.784137 0.00571947
351.972 0.799268 0.00578281
352.34 0.790196 0.00574876
352.707 0.801344 0.00579126
353.075 0.799841 0.00577268
353.443 0.811219 0.00583337
353.81 0.820594 0.00589067
354.178 0.828692 0.00592079
354.545 0.831617 0.00590897
354.913 0.846337 0.00598104
355.28 0.845582 0.0059678
355.648 0.847864 0.00598889
356.015 0.869923 0.00608674
356.383 0.867175 0.00606664
356.75 0.869199 0.00609474
357.117 0.864524 0.00607608
357.485 0.88151 0.00615731
357.852 0.874565 0.00612749
358.219 0.873925 0.00613203
358.586 0.864247 0.00609237
358.954 0.868676 0.00611783
359.321 0.859601 0.00609014
359.688 0.86332 0.00612322
360.055 0.853148 0.00607594
360.422 0.847775 0.00604984
360.789 0.848214 0.00607977
361.156 0.839707 0.0060477
361.523 0.835355 0.00605547
361.89 0.83511 0.0060551
362.256 0.82359 0.00597467
362.623 0.827365 0.00603714
362.99 0.83025 0.00607191
363.357 0.823363 0.00603924
363.724 0.824078 0.0060333
364.09 0.82231 0.00603641
364.457 0.833786 0.00610575
364.823 0.835332 0.00607025
365.19 0.83263 0.00605581
365.557 0.842045 0.00611505
365.923 0.849572 0.00614313
366.29 0.849678 0.00615118
366.656 0.86192 0.00620309
367.022 0.86346 0.00617657
367.389 0.868657 0.00623578
367.755 0.871769 0.00623483
368.121 0.873557 0.00627636
368.488 0.881822 0.00629738
368.854 0.87662 0.00628123
369.22 0.885076 0.00635848
369.586 0.887341 0.00638181
369.952 0.877314 0.0063556
370.318 0.88069 0.00638774
370.684 0.884159 0.00641964
371.051 0.87573 0.00637735
371.416 0.876207 0.00641224
371.782 0.868281 0.00636272
372.148 0.862917 0.00635589
372.514 0.855212 0.00635395
372.88 0.85618 0.00634992
373.246 0.851273 0.00635113
373.612 0.840955 0.00629947
373.977 0.832364 0.00624447
374.343 0.831374 0.00623634
374.709 0.823742 0.00618753
375.074 0.822987 0.00620777
375.44 0.815075 0.00619265
375.806 0.818155 0.00623521
376.171 0.81579 0.00622076
376.537 0.810348 0.00617864
376.902 0.820137 0.00624333
377.268 0.822391 0.00622722
377.633 0.821559 0.00621073
377.998 0.82259 0.00617037
378.364 0.826877 0.0061643
378.729 0.827293 0.00615474
379.094 0.840763 0.00622603
379.459 0.844143 0.00631452
379.825 0.845725 0.00632042
380.19 0.844261 0.00631811
380.555 0.84948 0.00639424
380.92 0.855951 0.00646789
381.285 0.863547 0.00652528
381.65 0.861736 0.00648042
382.015 0.86544 0.00646847
382.38 0.865425 0.00649828
382.745 0.869522 0.00656608
383.11 0.860849 0.00652148
383.474 0.864049 0.00653609
383.839 0.855252 0.00650152
384.204 0.857817 0.00654152
384.569 0.849071 0.00650454
384.933 0.852327 0.00653005
385.298 0.843914 0.00654245
385.663 0.8481 0.00657246
386.027 0.83041 0.00646176
386.392 0.82112 0.00640447
386.756 0.819104 0.0063555
387.121 0.815969 0.00635014
387.485 0.807506 0.0062658
387.849 0.793488 0.00617158
388.214 0.800735 0.00628684
388.578 0.779511 0.0062026
388.942 0.791612 0.00632409
389.307 0.774519 0.00622566
389.671 0.773244 0.00625634
390.035 0.769152 0.00620578
390.399 0.770483 0.0062132
390.763 0.776034 0.00620347
391.127 0.768463 0.00612655
391.492 0.775163 0.00608839
391.856 0.773414 0.00602866
392.219 0.780634 0.00597627
392.583 0.79444 0.00607097
392.947 0.801666 0.00618993
393.311 0.798639 0.00625749
393.675 0.798759 0.00628565
394.039 0.79941 0.00630454
394.403 0.812272 0.00637888
394.766 0.816836 0.00643829
395.13 0.815735 0.00643875
395.494 0.819298 0.00644391
395.857 0.816941 0.00643071
396.221 0.821937 0.00641897
396.584 0.817719 0.00636166
396.948 0.818264 0.00629676
397.311 0.806685 0.00615691
397.675 0.815345 0.00615281
398.038 0.805934 0.00609846
398.401 0.81555 0.00621803
398.765 0.808382 0.00628328
399.128 0.811013 0.0063865
399.491 0.800315 0.00638694
399.854 0.784375 0.00634785
400.218 0.77096 0.00628065
400.581 0.780006 0.00638352
400.944 0.763972 0.00630919
401.307 0.75753 0.00638816
401.67 0.749839 0.00633898
402.033 0.737314 0.00629081
402.396 0.728961 0.00626018
402.759 0.719699 0.00621786
403.122 0.716569 0.00619801
403.485 0.711135 0.00616478
403.847 0.713332 0.00613696
404.21 0.709093 0.00608966
404.573 0.707684 0.00605891
404.936 0.703316 0.00598571
405.298 0.70895 0.00608675
405.661 0.712898 0.00619397
406.023 0.710806 0.0062561
406.386 0.709068 0.00626315
406.749 0.716555 0.00635212
407.111 0.725159 0.0064218
407.473 0.725153 0.00633279
407.836 0.732998 0.00631388
408.198 0.738828 0.00632416
408.561 0.746349 0.00635784
408.923 0.748761 0.00634542
409.285 0.741786 0.00630718
409.647 0.758786 0.00647296
410.009 0.765857 0.00656287
410.372 0.761135 0.00654192
410.734 0.7617 0.00657728
411.096 0.762273 0.00657572
411.458 0.769302 0.00660858
411.82 0.768091 0.0065583
412.182 0.763402 0.00647263
412.544 0.758297 0.00647658
412.906 0.766458 0.00651049
413.267 0.757527 0.00645927
413.629 0.757903 0.00652744
413.991 0.743244 0.00649888
414.353 0.744519 0.00651328
414.714 0.741574 0.00658499
415.076 0.723995 0.00648564
415.438 0.72309 0.00647505
415.799 0.709715 0.00637799
416.161 0.700566 0.00639784
416.522 0.693846 0.0064068
416.884 0.684023 0.00636322
417.245 0.677058 0.00634208
417.607 0.666051 0.00628004
417.968 0.665788 0.00630235
418.329 0.657238 0.0062166
418.691 0.654757 0.0062108
419.052 0.647024 0.00616455
419.413 0.646933 0.00615065
419.774 0.639166 0.0060729
420.135 0.64422 0.0059796
420.497 0.642818 0.00587715
420.858 0.650908 0.00583186
421.219 0.655175 0.00583564
421.58 0.660708 0.00590833
421.941 0.668191 0.00601438
422.302 0.672921 0.00616019
422.662 0.676887 0.00621098
423.023 0.680047 0.00625904
423.384 0.684013 0.00630216
423.745 0.688099 0.0062994
424.106 0.697592 0.00634324
424.466 0.707386 0.00633519
424.827 0.713169 0.00641243
425.187 0.725091 0.00659149
425.548 0.726623 0.00668014
425.909 0.715557 0.00665045
426.269 0.719246 0.00662323
426.63 0.724963 0.0066247
426.99 0.730762 0.00657276
427.35 0.725683 0.0065777
427.711 0.725237 0.00657135
428.071 0.725476 0.0065109
428.431 0.725041 0.00640449
428.792 0.717235 0.00616917
429.152 0.71736 0.00598721
429.512 0.720353 0.00596389
429.872 0.714836 0.00595457
430.232 0.702443 0.00596253
430.592 0.71504 0.00619199
430.952 0.700808 0.00631273
431.312 0.694959 0.00642539
431.672 0.684485 0.00650692
432.032 0.684005 0.00651088
432.392 0.668542 0.00638963
432.752 0.651034 0.00602123
433.111 0.648436 0.00583157
433.471 0.649575 0.00586771
433.831 0.656145 0.00613529
434.19 0.63852 0.00607442
434.55 0.632209 0.00603369
434.91 0.630867 0.0061084
435.269 0.629874 0.00605063
435.629 0.629152 0.00601818
435.988 0.638529 0.00604157
436.348 0.631952 0.0060468
436.707 0.641664 0.00620377
437.066 0.635196 0.00617975
437.426 0.644622 0.00619346
437.785 0.653553 0.0061964
438.144 0.657588 0.00620445
438.503 0.66963 0.00632035
438.862 0.67485 0.00636659
439.222 0.678815 0.00641619
439.581 0.684148 0.00650029
439.94 0.699673 0.00655014
440.299 0.696432 0.00630865
440.658 0.699236 0.00610611
441.017 0.711066 0.00613284
441.376 0.721561 0.00623103
441.734 0.730747 0.00635495
442.093 0.728468 0.00636333
442.452 0.726265 0.00631333
442.811 0.732732 0.00629117
443.169 0.745611 0.0063652
443.528 0.748945 0.0064738
443.887 0.740861 0.00646515
444.245 0.748858 0.00650161
444.604 0.749134 0.00658908
444.962 0.753957 0.00665509
445.321 0.73517 0.00656061
445.679 0.743392 0.00656942
446.038 0.745879 0.00655078
446.396 0.739746 0.00658773
446.754 0.737347 0.00667652
447.112 0.733513 0.0066781
447.471 0.734549 0.00674509
447.829 0.72299 0.00672042
448.187 0.724164 0.0067015
448.545 0.713837 0.00664377
448.903 0.707572 0.00662791
449.261 0.703299 0.00662631
449.619 0.698973 0.00665642
449.977 0.692657 0.0066408
450.335 0.690874 0.00670272
450.693 0.685287 0.00670668
451.051 0.68405 0.00672172
451.409 0.682838 0.00669383
451.766 0.68366 0.00674856
452.124 0.670384 0.00675752
452.482 0.673215 0.00682202
452.839 0.669677 0.0068483
453.197 0.667377 0.0069193
453.555 0.678496 0.00698821
453.912 0.684913 0.00706142
454.27 0.664981 0.00680558
454.627 0.68559 0.0068554
454.984 0.680164 0.00679264
455.342 0.69531 0.00696704
455.699 0.689358 0.00699685
456.056 0.704485 0.00708635
456.414 0.707973 0.00701127
456.771 0.721635 0.00700569
457.128 0.726892 0.00698406
457.485 0.722833 0.00689095
457.842 0.729034 0.00696181
458.199 0.744772 0.00705017
458.556 0.74518 0.00698609
458.913 0.759544 0.00707476
459.27 0.769771 0.00706325
459.627 0.767373 0.00711881
459.984 0.760541 0.00705882
460.341 0.778335 0.00715862
460.697 0.783673 0.00725756
461.054 0.790064 0.00746315
461.411 0.793139 0.0076407
461.767 0.787876 0.00770898
462.124 0.788748 0.00775989
462.481 0.789806 0.00764442
462.837 0.783368 0.00750979
463.194 0.791519 0.00738054
463.55 0.794987 0.00743617
463.907 0.788855 0.00723161
464.263 0.791386 0.00714092
464.619 0.792148 0.00703561
464.976 0.785544 0.00687839
465.332 0.791825 0.00688481
465.688 0.7947 0.00702229
466.044 0.793923 0.00730229
466.4 0.79251 0.00746298
466.756 0.789085 0.0075106
467.112 0.769643 0.00739274
467.468 0.772626 0.0074415
467.824 0.756449 0.00735179
468.18 0.773871 0.00756254
468.536 0.771921 0.00759078
468.892 0.760494 0.00761003
469.248 0.750908 0.00759674
469.604 0.750963 0.00766231
469.959 0.753507 0.0077091
470.315 0.739951 0.00760069
470.671 0.73534 0.0075863
471.026 0.733648 0.00751866
471.382 0.725946 0.00741955
471.737 0.731738 0.00737501
472.093 0.723888 0.00723668
472.448 0.725082 0.00713653
472.804 0.72329 0.00700647
473.159 0.728092 0.00699971
473.514 0.741276 0.00706971
473.87 0.727253 0.00693325
474.225 0.72627 0.0067406
474.58 0.742145 0.006664
474.935 0.751248 0.00671176
475.29 0.752126 0.00680289
475.645 0.756332 0.00686662
476 0.759372 0.00688164
476.355 0.769024 0.00699204
476.71 0.764543 0.00699094
477.065 0.767893 0.00686766
477.42 0.769435 0.006719
477.775 0.782359 0.0067867
478.13 0.787202 0.0068133
478.485 0.804173 0.00688135
478.839 0.79304 0.00679306
479.194 0.800307 0.00665354
479.549 0.801245 0.0065163
479.903 0.818689 0.00659714
480.258 0.818956 0.00669927
480.612 0.807361 0.00654176
480.967 0.823396 0.00647535
481.321 0.827742 0.00645466
481.675 0.833098 0.00659171
482.03 0.835628 0.00673755
482.384 0.829959 0.0067455
482.738 0.830874 0.00671258
483.093 0.833108 0.00669563
483.447 0.824486 0.00649579
483.801 0.82469 0.00633101
484.155 0.837928 0.00628525
484.509 0.77625 0.00562026
484.863 0.732873 0.00366682
485.217 0.816804 0.0033937
485.571 0.85582 0.0034365
485.925 0.930431 0.0043652
486.279 0.895652 0.00510339
486.632 0.867077 0.005484
486.986 0.863927 0.00594244
487.34 0.845011 0.00631222
487.694 0.840214 0.00651814
488.047 0.830907 0.00655861
488.401 0.826845 0.00653493
488.754 0.823074 0.0065608
489.108 0.818637 0.00663334
489.461 0.819921 0.00670649
489.815 0.814828 0.00676389
490.168 0.803112 0.00663581
490.522 0.801916 0.00660875
490.875 0.801159 0.00661427
491.228 0.79786 0.00663342
491.581 0.788897 0.00655518
491.935 0.793945 0.00659372
492.288 0.784821 0.00657684
492.641 0.78095 0.00652328
492.994 0.776036 0.00648426
493.347 0.784063 0.00647797
493.7 0.777475 0.00641678
494.053 0.776197 0.00643251
494.406 0.789831 0.0065745
494.759 0.789038 0.0067243
495.111 0.769157 0.0064816
495.464 0.76483 0.00618826
495.817 0.765131 0.00601171
496.169 0.802779 0.00632633
496.522 0.803506 0.00657628
496.875 0.796481 0.00679402
497.227 0.785902 0.00679848
497.58 0.789222 0.00685594
497.932 0.796766 0.00682924
498.285 0.801243 0.00680032
498.637 0.80026 0.00663886
498.989 0.80233 0.0065516
499.342 0.807584 0.00657619
499.694 0.823109 0.00677264
500.046 0.819093 0.00687684
500.398 0.817082 0.00670476
500.751 0.822656 0.00661153
501.103 0.825173 0.00663857
501.455 0.834101 0.00666121
501.807 0.839161 0.00669293
502.159 0.84388 0.00671247
502.511 0.841828 0.00671516
502.862 0.851866 0.00677004
503.214 0.856309 0.00687437
503.566 0.86444 0.00703233
503.918 0.858364 0.00709995
504.27 0.852367 0.0070554
504.621 0.861809 0.00709982
504.973 0.862107 0.00717042
505.324 0.864681 0.00715648
505.676 0.856636 0.00699772
506.027 0.867745 0.00701046
506.379 0.887999 0.0073157
506.73 0.871199 0.00740487
507.082 0.867553 0.00732365
507.433 0.865033 0.00720583
507.784 0.868047 0.00716881
508.136 0.879104 0.00730674
508.487 0.874482 0.00731961
508.838 0.870038 0.00740317
509.189 0.865371 0.00738799
509.54 0.855858 0.00726346
509.891 0.869248 0.00739618
510.242 0.8596 0.00733069
510.593 0.869184 0.00742081
510.944 0.860689 0.00743817
511.295 0.864406 0.00756572
511.646 0.868084 0.00771311
511.996 0.859059 0.00763246
512.347 0.851463 0.00754195
512.698 0.853698 0.0075349
513.049 0.847314 0.00752125
513.399 0.852205 0.00764762
513.75 0.838542 0.00755125
514.1 0.84062 0.00762837
514.451 0.84939 0.0078648
514.801 0.845805 0.0079066
515.152 0.840739 0.00778216
515.502 0.822029 0.00755499
515.852 0.829166 0.00752037
516.202 0.826523 0.00750465
516.553 0.835858 0.00763129
516.903 0.827096 0.00770397
517.253 0.831204 0.00785195
517.603 0.834412 0.00791946
517.953 0.806508 0.00769985
518.303 0.810547 0.00759333
518.653 0.812087 0.00748586
519.003 0.825611 0.00761512
519.353 0.832928 0.00789618
519.703 0.834429 0.00813653
520.052 0.824996 0.00810311
520.402 0.816873 0.00804295
520.752 0.819727 0.00796889
521.102 0.81852 0.00799187
521.451 0.826598 0.00815446
521.801 0.822366 0.0081115
522.15 0.823717 0.00806558
522.5 0.831273 0.0080039
522.849 0.826837 0.00800379
523.199 0.820641 0.0078695
523.548 0.848807 0.00798343
523.897 0.832836 0.00789278
524.246 0.844106 0.00810761
524.596 0.85029 0.00827098
524.945 0.839454 0.00816125
525.294 0.850962 0.00820898
525.643 0.851048 0.0082178
525.992 0.845391 0.00817228
526.341 0.852023 0.00814024
526.69 0.873 0.00832329
527.039 0.867434 0.00837026
527.388 0.863851 0.00840208
527.737 0.851622 0.00812116
528.086 0.860724 0.00790843
528.434 0.875312 0.00780967
528.783 0.883099 0.00794455
529.132 0.882432 0.00810633
529.48 0.883774 0.00824676
529.829 0.894157 0.00838351
530.177 0.88506 0.00839345
530.526 0.892007 0.00848241
530.874 0.886089 0.008367
531.223 0.883177 0.00833536
531.571 0.877613 0.0083054
531.919 0.889217 0.00838252
532.268 0.877443 0.00811102
532.616 0.88215 0.00786091
532.964 0.885949 0.00772639
533.312 0.899685 0.00780623
533.66 0.8967 0.00779137
534.008 0.894119 0.0077534
534.356 0.887767 0.00771361
534.704 0.898188 0.00783613
535.052 0.894776 0.00789252
535.4 0.903004 0.00809593
535.748 0.897906 0.00829032
536.095 0.902461 0.00852353
536.443 0.88832 0.00849569
536.791 0.880228 0.00832033
537.139 0.863924 0.00803818
537.486 0.873271 0.00791727
537.834 0.884859 0.00788553
538.181 0.881143 0.00783817
538.529 0.878462 0.00782774
538.876 0.888823 0.00788923
539.223 0.882516 0.00794514
539.571 0.881393 0.00810856
539.918 0.873065 0.00806514
540.265 0.859482 0.00786488
540.613 0.867175 0.00778512
540.96 0.877024 0.00788266
541.307 0.869299 0.00787441
541.654 0.858689 0.00787513
542.001 0.854592 0.00780118
542.348 0.858572 0.00783389
542.695 0.857216 0.00783702
543.042 0.843796 0.00766341
543.388 0.849867 0.00760892
543.735 0.842542 0.00754257
544.082 0.849562 0.00757446
544.429 0.849404 0.0075814
544.775 0.856393 0.00776893
545.122 0.855038 0.00798867
545.469 0.851826 0.0081359
545.815 0.83795 0.00805964
546.162 0.836737 0.00799512
546.508 0.82605 0.0077776
546.854 0.833807 0.00760425
547.201 0.814537 0.00718167
547.547 0.836543 0.00720325
547.893 0.838191 0.00732137
548.24 0.850601 0.00769946
548.586 0.864269 0.00818899
548.932 0.852067 0.0082486
549.278 0.847526 0.00831867
549.624 0.834633 0.00814563
549.97 0.855249 0.00833551
550.316 0.862887 0.00855809
550.662 0.851142 0.00855956
551.008 0.832651 0.00818697
551.353 0.838615 0.0077541
551.699 0.841204 0.00747486
552.045 0.864482 0.00773711
552.391 0.860221 0.00792226
552.736 0.853979 0.00793748
553.082 0.861418 0.00800312
553.427 0.871572 0.00813991
553.773 0.874693 0.00843631
554.118 0.864743 0.00847766
554.464 0.858024 0.00821896
554.809 0.859266 0.00793185
555.154 0.864925 0.00776902
555.5 0.880206 0.0078909
555.845 0.89381 0.00817762
556.19 0.881042 0.00830602
556.535 0.8918 0.00859196
556.88 0.882296 0.00847899
557.225 0.896029 0.00848644
557.57 0.885729 0.00853467
557.915 0.911097 0.00891813
558.26 0.884751 0.00888238
558.605 0.895179 0.0089649
558.95 0.890557 0.00879745
559.295 0.867109 0.00825703
559.639 0.882872 0.007983
559.984 0.890535 0.00773883
560.329 0.904016 0.00770892
560.673 0.905999 0.00773639
561.018 0.918882 0.00798063
561.362 0.917302 0.00815917
561.707 0.908588 0.00833418
562.051 0.901557 0.00823233
562.395 0.896589 0.00817819
562.74 0.902418 0.00801912
563.084 0.900343 0.00788481
563.428 0.893192 0.00767666
563.772 0.909025 0.00777686
564.117 0.898447 0.00767751
564.461 0.902809 0.00765971
564.805 0.914456 0.00779156
565.149 0.907639 0.00773292
565.493 0.902961 0.00769013
565.836 0.897485 0.00755778
566.18 0.891227 0.00744429
566.524 0.87471 0.00692914
566.868 0.891942 0.00675731
567.212 0.900258 0.0066604
567.555 0.888888 0.00653748
567.899 0.885481 0.00626708
568.242 0.880517 0.00598384
568.586 0.872346 0.00560857
568.929 0.862901 0.00521867
569.273 0.870514 0.00493447
569.616 0.884222 0.00491103
569.96 0.879054 0.00483369
570.303 0.872309 0.00467061
570.646 0.880984 0.00462224
570.989 0.872094 0.00447298
571.333 0.886787 0.00450738
571.676 0.898879 0.00466952
572.019 0.910404 0.00509237
572.362 0.861817 0.00481212
572.705 0.848366 0.00443065
573.048 0.857 0.00420725
573.391 0.855182 0.00406689
573.733 0.859241 0.00398573
574.076 0.86282 0.00394989
574.419 0.874328 0.00403631
574.762 0.87714 0.00425636
575.104 0.890399 0.00456906
575.447 0.852904 0.00454313
575.789 0.837944 0.00426642
576.132 0.837581 0.00398201
576.474 0.849473 0.00398511
576.817 0.827475 0.00366233
577.159 0.836168 0.00347329
577.501 0.862478 0.00348344
577.844 0.88438 0.00372042
578.186 0.894454 0.00417105
578.528 0.871772 0.00437389
578.87 0.861451 0.00437194
579.212 0.840234 0.00423061
579.554 0.844105 0.00406666
579.896 0.847434 0.00410498
580.238 0.837548 0.00393823
580.58 0.815364 0.00341005
580.922 0.876525 0.00340097
581.264 0.904084 0.00345393
581.606 0.888018 0.00344481
581.947 0.885662 0.0036383
582.289 0.904635 0.00404206
582.631 0.904713 0.00449318
582.972 0.888537 0.00479369
583.314 0.863079 0.00474475
583.655 0.850856 0.00461295
583.997 0.833459 0.00420791
584.338 0.838184 0.00388623
584.679 0.850021 0.00373434
585.021 0.877435 0.00382213
585.362 0.893508 0.00412802
585.703 0.904407 0.00446316
586.044 0.873896 0.00450815
586.385 0.860225 0.00425495
586.726 0.860479 0.0040468
587.067 0.898218 0.00421161
587.408 0.904519 0.0044741
587.749 0.904042 0.00468373
588.09 0.909207 0.00490362
588.431 0.909856 0.00515735
588.772 0.903598 0.0054093
589.113 0.882368 0.00529013
589.453 0.894855 0.00530243
589.794 0.908434 0.00545348
590.134 0.914226 0.00574444
590.475 0.90571 0.00590246
590.815 0.891669 0.00584443
591.156 0.905347 0.00587796
591.496 0.885886 0.00575977
591.837 0.849079 0.00489114
592.177 0.87146 0.00447775
592.517 0.894636 0.00425459
592.857 0.925392 0.00449262
593.198 0.93407 0.00477869
593.538 0.951306 0.00528877
593.878 0.934237 0.00551966
594.218 0.9007 0.00531218
594.558 0.901574 0.00508389
594.898 0.91412 0.00518814
595.237 0.923644 0.00548876
595.577 0.927939 0.00587476
595.917 0.932508 0.00623035
596.257 0.905044 0.00600211
596.596 0.892665 0.00579754
596.936 0.910499 0.00567252
597.276 0.919751 0.00591486
597.615 0.904421 0.00586431
597.955 0.860782 0.00513866
598.294 0.884158 0.00477935
598.633 0.911802 0.0048
598.973 0.929941 0.00503227
599.312 0.905743 0.00499255
599.651 0.916825 0.00501324
599.991 0.926113 0.00517144
600.33 0.919191 0.00520722
600.669 0.926449 0.00538455
601.008 0.929316 0.00555412
601.347 0.920545 0.00576041
601.686 0.898026 0.00558228
602.025 0.90921 0.00561597
602.364 0.880273 0.00530372
602.702 0.894084 0.00524494
603.041 0.898945 0.00523344
603.38 0.914135 0.00547204
603.719 0.921802 0.00577094
604.057 0.913146 0.00594924
604.396 0.895743 0.00589736
604.734 0.874756 0.00568895
605.073 0.86366 0.00516272
605.411 0.893206 0.00525287
605.75 0.900202 0.00537879
606.088 0.901235 0.00571938
606.426 0.88106 0.00558876
606.764 0.883144 0.00550121
607.103 0.888354 0.00558582
607.441 0.893038 0.00584939
607.779 0.892937 0.00601702
608.117 0.870234 0.00591095
608.455 0.890312 0.00615259
608.793 0.877071 0.00627377
609.131 0.846619 0.00583214
609.469 0.855448 0.00564801
609.806 0.871019 0.00567833
610.144 0.895116 0.00617732
610.482 0.866047 0.00625452
610.819 0.868736 0.00622758
611.157 0.864511 0.00623383
611.495 0.876687 0.00648059
611.832 0.864965 0.00651298
612.17 0.855917 0.00643244
612.507 0.854615 0.00634253
612.844 0.861547 0.00641879
613.182 0.857208 0.00643676
613.519 0.850552 0.00637525
613.856 0.846071 0.00631761
614.193 0.844783 0.00629123
614.53 0.84829 0.00615505
614.867 0.844618 0.00605767
615.205 0.878143 0.00649232
615.541 0.875954 0.00668733
615.878 0.864762 0.006962
616.215 0.86126 0.00695614
616.552 0.872313 0.00703629
616.889 0.84767 0.00683331
617.226 0.854453 0.00673572
617.562 0.870205 0.00691785
617.899 0.882341 0.00738629
618.235 0.888651 0.00782687
618.572 0.875855 0.00810879
618.908 0.861015 0.00789194
619.245 0.849589 0.00749482
619.581 0.851789 0.00730529
619.918 0.901074 0.0079241
620.254 0.919669 0.00903277
620.59 0.883396 0.00925208
620.926 0.847608 0.00857705
621.262 0.853814 0.00813625
621.599 0.881469 0.00811533
621.935 0.870132 0.00809931
622.271 0.860989 0.00776229
622.606 0.868396 0.00756365
622.942 0.898705 0.00778846
623.278 0.892249 0.0080623
623.614 0.858791 0.00760731
623.95 0.873977 0.00755159
624.285 0.885824 0.00769061
624.621 0.916473 0.00823539
624.957 0.898781 0.00845764
625.292 0.901271 0.00865829
625.628 0.916531 0.00906941
625.963 0.902729 0.00911763
626.299 0.880201 0.0088431
626.634 0.885546 0.00871566
626.969 0.910668 0.00894084
627.304 0.939439 0.0096708
627.64 0.919025 0.0103268
627.975 0.89892 0.0102607
628.31 0.874105 0.00964432
628.645 0.897632 0.00938713
628.98 0.915872 0.00964274
629.315 0.905511 0.00971141
629.65 0.893073 0.00973872
629.985 0.891682 0.00974067
630.319 0.922495 0.0103047
630.654 0.907154 0.0104007
630.989 0.896191 0.0102719
631.323 0.911239 0.0105594
631.658 0.925621 0.0109515
631.993 0.929477 0.0114839
632.327 0.904403 0.0114292
632.662 0.908658 0.0114325
632.996 0.903869 0.0112488
633.33 0.913789 0.0112061
633.665 0.930986 0.0115072
633.999 0.921219 0.0117616
634.333 0.93183 0.0119837
634.667 0.90691 0.0118304
635.001 0.893198 0.0114092
635.335 0.885023 0.0110107
635.669 0.888904 0.010588
636.003 0.91052 0.0107211
636.337 0.915781 0.0111754
636.671 0.920462 0.0117534
637.005 0.905587 0.0121474
637.339 0.902865 0.0121699
637.672 0.897436 0.0118195
638.006 0.912123 0.0116095
638.339 0.911813 0.0115847
638.673 0.932623 0.0121232
639.006 0.914364 0.0122905
639.34 0.901043 0.0123277
639.673 0.911105 0.012518
640.007 0.898993 0.0124518
640.34 0.898429 0.0125657
640.673 0.915828 0.0129607
641.006 0.931075 0.0132062
641.34 0.912588 0.0131764
641.673 0.912356 0.0134938
642.006 0.894183 0.0136083
642.339 0.881083 0.0133523
642.672 0.888291 0.0132874
643.004 0.896017 0.0134022
643.337 0.907725 0.0137783
643.67 0.89117 0.0137816
644.003 0.87136 0.0133958
644.336 0.888415 0.0136076
644.668 0.889052 0.0136512
645.001 0.907265 0.0139593
645.333 0.903712 0.0141393
645.666 0.90466 0.0145485
645.998 0.902393 0.0148938
646.331 0.877738 0.0146954
646.663 0.880715 0.0146993
646.995 0.848961 0.0137204
647.327 0.855948 0.01288
647.66 0.846079 0.011891
647.992 0.847578 0.011591
648.324 0.842873 0.0114554
648.656 0.859023 0.0117107
648.988 0.888778 0.0122952
649.32 0.887696 0.0129817
649.652 0.890428 0.0137781
649.983 0.870694 0.0139866
650.315 0.875098 0.0142278
650.647 0.863208 0.0138956
650.979 0.843268 0.013157
651.31 0.843902 0.0126755
651.642 0.833476 0.0121372
651.973 0.846694 0.012191
652.305 0.855466 0.0122453
652.636 0.849055 0.012257
652.967 0.879438 0.0128226
653.299 0.851617 0.0128415
653.63 0.852092 0.0129066
653.961 0.824971 0.0120915
654.292 0.765152 0.00973339
654.623 0.55537 0.00344042
654.955 0.897323 0.00342811
655.286 0.897268 0.0034279
655.616 0.897212 0.00342768
655.947 0.897156 0.00342747
656.278 0.897098 0.00342725
656.609 0.89704 0.00342703
656.94 1.00536 0.00456269
657.27 1.00209 0.00539746
657.601 1.03171 0.00627584
657.932 1.04027 0.00749503
658.262 1.01788 0.00905073
658.593 0.982429 0.0108536
658.923 0.944898 0.0127248
659.254 0.896567 0.0138071
659.584 0.906779 0.0149165
659.914 0.86703 0.0152606
660.244 0.883883 0.0159333
660.575 0.871913 0.0159231
660.905 0.867695 0.0158869
661.235 0.867371 0.0156748
661.565 0.871707 0.0155283
661.895 0.874619 0.0155143
662.225 0.881644 0.0158003
662.555 0.882975 0.0159511
662.884 0.863839 0.0157656
663.214 0.867003 0.0154944
663.544 0.887828 0.0154689
663.873 0.871622 0.0153051
664.203 0.864398 0.0147814
664.533 0.888522 0.014868
664.862 0.88041 0.0145851
665.192 0.899988 0.0150084
665.521 0.888355 0.0155675
665.85 0.894703 0.0163051
666.18 0.912485 0.0170773
666.509 0.888905 0.0167903
666.838 0.896482 0.0167891
667.167 0.890577 0.0164564
667.496 0.905039 0.0166784
667.825 0.859726 0.016171
668.154 0.85914 0.0162153
668.483 0.883126 0.0164677
668.812 0.894555 0.0162155
669.141 0.898716 0.0161106
669.47 0.873757 0.015503
669.798 0.898971 0.0158402
670.127 0.931371 0.0165039
670.456 0.862197 0.0152428
670.784 0.870466 0.0138006
671.113 0.859623 0.0125066
671.441 0.868642 0.0117274
671.77 0.903291 0.0120203
672.098 0.913595 0.0125244
672.426 0.952122 0.0140005
672.755 0.929381 0.0148187
673.083 0.924674 0.0152412
673.411 0.912567 0.0152645
673.739 0.923121 0.0154517
674.067 0.898949 0.0157307
674.395 0.908558 0.0162101
674.723 0.873099 0.0154461
675.051 0.900621 0.0155152
675.379 0.913599 0.015683
675.706 0.93211 0.0158211
676.034 0.925754 0.0160844
676.362 0.919276 0.016312
676.689 0.874096 0.0151011
677.017 0.865002 0.0139107
677.344 0.867493 0.0133312
677.672 0.916418 0.0137264
677.999 0.913608 0.0141212
678.327 0.910829 0.0138738
678.654 0.87712 0.0128969
678.981 0.886354 0.0126025
679.308 0.895361 0.0125989
679.636 0.922494 0.0132617
679.963 0.937471 0.0140256
680.29 0.919892 0.0143102
680.617 0.910478 0.0139846
680.944 0.894521 0.0135923
681.271 0.914526 0.0138028
681.597 0.921059 0.0146588
681.924 0.922986 0.015686
682.251 0.909901 0.0159827
682.578 0.872727 0.0149549
682.904 0.860465 0.0139093
683.231 0.88795 0.0134857
683.557 0.886165 0.0131033
683.884 0.872783 0.0127147
684.21 0.874217 0.0123269
684.536 0.863949 0.0118308
684.863 0.896328 0.0119041
685.189 0.89817 0.0119527
685.515 0.91124 0.0125655
685.841 0.909971 0.0130737
686.167 0.90029 0.0132001
686.493 0.883578 0.0127791
686.819 0.881144 0.0128307
687.145 0.907613 0.0134737
687.471 0.906093 0.0144186
687.797 0.909368 0.0151764
688.123 0.860237 0.0146288
688.448 0.868805 0.0144742
688.774 0.877023 0.0139723
689.1 0.883626 0.0141715
689.425 0.900365 0.0148132
689.751 0.88743 0.0150063
690.076 0.865753 0.0143124
690.402 0.830525 0.0130523
690.727 0.862305 0.012827
691.052 0.879946 0.0131043
691.377 0.895635 0.0137061
691.703 0.874057 0.0138162
692.028 0.877102 0.014061
692.353 0.874527 0.0136367
692.678 0.881152 0.0136807
693.003 0.865279 0.0137521
693.328 0.894198 0.0151621
693.652 0.886539 0.0160097
693.977 0.843681 0.0154757
694.302 0.837508 0.0146641
694.627 0.839837 0.0141465
694.951 0.882746 0.0149621
695.276 0.896946 0.0162808
695.6 0.864572 0.0167366
695.925 0.8023 0.014668
696.249 0.816118 0.0129495
696.574 0.827321 0.0120189
696.898 0.868915 0.0125918
697.222 0.867661 0.013278
697.546 0.861155 0.013813
697.871 0.848608 0.0141495
698.195 0.863698 0.0144361
698.519 0.846309 0.0145654
698.843 0.864669 0.0150704
699.167 0.87113 0.015695
699.491 0.860465 0.016152
699.814 0.865947 0.0165946
700.138 0.839307 0.0162981
700.462 0.846203 0.0165094
700.786 0.855986 0.0166289
701.109 0.843488 0.0161397
701.433 0.820329 0.0152531
701.756 0.830303 0.014858
702.08 0.837854 0.0148302
702.403 0.838076 0.0149631
702.726 0.851876 0.0157031
703.05 0.849953 0.0162129
703.373 0.875887 0.0167884
703.696 0.854802 0.0165612
704.019 0.859748 0.0171205
704.342 0.875481 0.0178084
704.665 0.877928 0.0184959
704.988 0.858447 0.0185021
705.311 0.823801 0.0172919
705.634 0.827215 0.0158299
705.957 0.812579 0.0140258
706.28 0.823621 0.0130163
706.602 0.844267 0.0127604
706.925 0.846473 0.0128968
707.247 0.872922 0.013592
707.57 0.878155 0.0142786
707.892 0.853216 0.0144187
708.215 0.873771 0.0152556
708.537 0.859046 0.0157474
708.859 0.878401 0.0162329
709.182 0.888957 0.0162404
709.504 0.851779 0.0153232
709.826 0.861857 0.0150955
710.148 0.864833 0.0152271
710.47 0.881227 0.0157583
710.792 0.876757 0.0161965
711.114 0.867541 0.0165966
711.436 0.885089 0.0173465
711.758 0.852041 0.0168078
712.079 0.845978 0.016538
712.401 0.864782 0.0161814
712.723 0.859868 0.0153427
713.044 0.843108 0.0144729
713.366 0.854028 0.0141777
713.687 0.864581 0.014215
714.009 0.889261 0.0149202
714.33 0.877986 0.0150862
714.652 0.876145 0.0155226
714.973 0.905555 0.0162878
715.294 0.883104 0.0168149
715.615 0.903516 0.0180514
715.936 0.892657 0.0184101
716.257 0.89189 0.0187211
716.578 0.90076 0.0189281
716.899 0.882799 0.0184852
717.22 0.863216 0.0170557
717.541 0.862713 0.0165999
717.862 0.85463 0.0161429
718.182 0.876718 0.0166025
718.503 0.853813 0.0159501
718.824 0.901067 0.016599
719.144 0.907694 0.0168583
719.465 0.889333 0.0171453
719.785 0.891279 0.0170267
720.105 0.870522 0.0163551
720.426 0.880266 0.0162996
720.746 0.893851 0.0166597
721.066 0.885652 0.0166603
721.386 0.898777 0.0169801
721.706 0.914302 0.0175907
722.026 0.897316 0.0176329
722.346 0.901676 0.0179988
722.666 0.885666 0.0177046
722.986 0.883699 0.0173138
723.306 0.90796 0.0176093
723.626 0.898431 0.017844
723.946 0.873314 0.0176158
724.265 0.853845 0.0167006
724.585 0.865225 0.0159491
724.904 0.864513 0.015492
725.224 0.911066 0.0160438
725.543 0.894119 0.0158711
725.863 0.885605 0.0158172
726.182 0.880161 0.0161658
726.501 0.902414 0.0170237
726.82 0.899883 0.0171413
727.14 0.867207 0.0162112
727.459 0.887272 0.0160344
727.778 0.893128 0.0158358
728.097 0.902799 0.0161398
728.416 0.88828 0.0158029
728.734 0.873443 0.015301
729.053 0.893002 0.015222
729.372 0.902687 0.0152941
729.691 0.874828 0.0147541
730.009 0.868507 0.0139029
730.328 0.858758 0.013389
730.647 0.892238 0.013594
730.965 0.904273 0.0140187
731.283 0.924192 0.0147319
731.602 0.911838 0.015013
731.92 0.896968 0.0147769
732.238 0.877137 0.0142243
732.557 0.869456 0.0137987
732.875 0.898294 0.0139669
733.193 0.860899 0.0129395
733.511 0.86987 0.0125107
733.829 0.888432 0.0127558
734.147 0.917572 0.0137678
734.465 0.896731 0.0144119
734.782 0.877803 0.0142514
735.1 0.880449 0.0140911
735.418 0.872315 0.0138849
735.735 0.856483 0.0136686
736.053 0.885599 0.0139835
736.371 0.858735 0.0137207
736.688 0.879435 0.0142789
737.005 0.896751 0.0152811
737.323 0.907009 0.0161319
737.64 0.881905 0.0161337
737.957 0.870835 0.015498
738.274 0.823191 0.0137246
738.592 0.840279 0.0132536
738.909 0.863289 0.0135927
739.226 0.89543 0.0150042
739.543 0.913074 0.0163564
739.86 0.886724 0.0168923
740.176 0.895574 0.0176875
740.493 0.897684 0.0185138
740.81 0.889962 0.0187104
741.127 0.856422 0.0179394
741.443 0.855704 0.0173644
741.76 0.851116 0.0164983
742.076 0.83737 0.0162757
742.393 0.841864 0.0168906
742.709 0.865209 0.0181323
743.025 0.871919 0.0189469
743.342 0.848229 0.0184855
743.658 0.858539 0.018314
743.974 0.828242 0.0176189
744.29 0.831148 0.017324
744.606 0.875791 0.0181199
744.922 0.849487 0.018001
745.238 0.856313 0.018094
745.554 0.846331 0.0182882
745.87 0.837624 0.0183612
746.186 0.809169 0.0176134
746.501 0.838156 0.0172779
746.817 0.861516 0.0173779
747.132 0.860981 0.0184103
747.448 0.870698 0.0194883
747.763 0.846253 0.019319
748.079 0.827179 0.0184298
748.394 0.807461 0.016918
748.71 0.807561 0.0157953
749.025 0.796055 0.0146061
749.34 0.819348 0.0145014
749.655 0.820913 0.0146083
749.97 0.833586 0.0153047
750.285 0.825586 0.015448
750.6 0.805056 0.0150944
750.915 0.806007 0.0145385
751.23 0.837083 0.0149531
751.545 0.823822 0.0152688
751.859 0.843739 0.01621
752.174 0.834493 0.0167112
752.489 0.820145 0.0157153
752.803 0.816507 0.0148114
753.118 0.821799 0.0145448
753.432 0.823956 0.0148729
753.747 0.848829 0.015771
754.061 0.816443 0.0151808
754.375 0.799836 0.0143659
754.689 0.787134 0.0138379
755.004 0.815975 0.0138434
755.318 0.809453 0.0136147
755.632 0.793431 0.0129345
755.946 0.81271 0.0127494
756.26 0.801079 0.012222
756.573 0.783245 0.0114032
756.887 0.795741 0.0111552
757.201 0.810963 0.0112952
757.515 0.854222 0.0125348
757.828 0.870789 0.0136514
758.142 0.823066 0.0134321
758.455 0.788036 0.0123458
758.769 0.787123 0.0116519
759.082 0.814414 0.0116327
759.396 0.814249 0.011367
759.709 0.819811 0.0113002
760.022 0.822423 0.0112559
760.335 0.84842 0.0119403
760.648 0.844257 0.0126739
760.962 0.852434 0.0137038
761.275 0.854221 0.0145575
761.587 0.843503 0.0148164
761.9 0.862074 0.0150854
762.213 0.826524 0.0143237
762.526 0.830518 0.0138321
762.839 0.829534 0.0137628
763.151 0.81223 0.0132813
763.464 0.792647 0.0124512
763.776 0.798218 0.0116839
764.089 0.801259 0.0112131
764.401 0.839394 0.0117846
764.714 0.838468 0.0123864
765.026 0.852751 0.0133068
765.338 0.858813 0.0141871
765.65 0.903423 0.0157497
765.962 0.87403 0.0163168
766.275 0.872997 0.0169965
766.587 0.856729 0.0170604
766.898 0.835093 0.016391
767.21 0.840926 0.0157471
767.522 0.830716 0.0144189
767.834 0.828028 0.0136928
768.146 0.848271 0.0138989
768.457 0.867086 0.0145964
768.769 0.872184 0.0154458
769.08 0.851842 0.01565
769.392 0.83196 0.0150027
769.703 0.821815 0.0141324
770.015 0.821144 0.0135497
770.326 0.855632 0.0137312
770.637 0.875688 0.01432
770.948 0.901567 0.0155214
771.26 0.899495 0.0165901
771.571 0.858607 0.0164873
771.882 0.872099 0.0165905
772.193 0.859517 0.0160844
772.504 0.866041 0.0163858
772.814 0.887547 0.0172492
773.125 0.868497 0.0173232
773.436 0.858525 0.0176173
773.747 0.868599 0.0183129
774.057 0.870239 0.0188292
774.368 0.889314 0.0191035
774.678 0.897572 0.0196544
774.989 0.8738 0.019942
775.299 0.888083 0.0206518
775.609 0.871421 0.0204689
775.919 0.854977 0.0200549
776.23 0.844657 0.0197014
776.54 0.871645 0.0203278
776.85 0.867313 0.0201053
777.16 0.863884 0.0199366
777.47 0.842908 0.0188271
777.78 0.841063 0.0177214
778.089 0.839251 0.0167215
778.399 0.869852 0.0169779
778.709 0.859129 0.017216
779.019 0.875224 0.0183713
779.328 0.905931 0.0198931
779.638 0.875627 0.0196425
779.947 0.843104 0.0180624
780.257 0.818829 0.0160377
780.566 0.847082 0.0155453
780.875 0.862344 0.0157297
781.185 0.892043 0.0168133
781.494 0.875735 0.0172901
781.803 0.855967 0.0172042
782.112 0.859063 0.0177006
782.421 0.863449 0.0176201
782.73 0.854077 0.0171681
783.039 0.878649 0.0174454
783.348 0.886667 0.0183929
783.656 0.901393 0.0201641
783.965 0.858531 0.0199556
784.274 0.881672 0.0197891
784.582 0.858974 0.0188999
784.891 0.855759 0.0185087
785.199 0.859417 0.0186704
785.508 0.889697 0.0197439
785.816 0.899899 0.0202011
786.124 0.911325 0.0203074
786.432 0.838262 0.0182659
786.741 0.842524 0.0176355
787.049 0.868281 0.0176862
787.357 0.854707 0.0175084
787.665 0.828988 0.0171597
787.973 0.874718 0.0177989
788.281 0.904233 0.0186708
788.588 0.88082 0.0191756
788.896 0.868413 0.0201913
789.204 0.874277 0.0208957
789.511 0.873751 0.021252
789.819 0.846103 0.0210108
790.126 0.839556 0.0210894
790.434 0.86287 0.0215388
790.741 0.860052 0.0216771
791.049 0.86836 0.0215007
791.356 0.856376 0.0219219
791.663 0.896304 0.0235703
791.97 0.81685 0.0220477
792.277 0.916518 0.0241159
792.584 0.843313 0.0215049
792.891 0.780369 0.0181826
793.198 0.81456 0.0170958
793.505 0.833377 0.016833
793.812 0.850509 0.0171945
794.119 0.839538 0.0175901
794.425 0.826919 0.0177883
794.732 0.864661 0.0189843
795.038 0.92556 0.0217606
795.345 0.878533 0.0228047
795.651 0.905633 0.024444
795.958 0.859261 0.0241168
796.264 0.842088 0.022979
796.57 0.849425 0.0217839
796.876 0.836004 0.021056
797.183 0.875143 0.0220653
797.489 0.863462 0.0227729
797.795 0.870644 0.0230795
798.101 0.868007 0.0233145
798.406 0.831284 0.022604
798.712 0.850973 0.0231443
799.018 0.865375 0.0241658
799.324 0.853453 0.0241958
799.629 0.852079 0.0244116
799.935 0.868949 0.0246964
800.24 0.834212 0.0243707
800.546 0.796054 0.0236039
800.851 0.8597 0.0255797
801.157 0.840271 0.0256352
801.462 0.847788 0.0261398
801.767 0.791306 0.025531
802.072 0.79551 0.0246404
802.377 0.796182 0.0238207
802.682 0.818363 0.023549
802.987 0.804862 0.0234627
803.292 0.858931 0.0256079
803.597 0.838456 0.0257148
803.902 0.821715 0.0255488
804.207 0.782048 0.0242168
804.511 0.791224 0.023939
804.816 0.81218 0.0235192
805.12 0.786353 0.021512
805.425 0.766458 0.0199369
805.729 0.805972 0.0203212
806.034 0.825988 0.0212062
806.338 0.829574 0.022056
806.642 0.808782 0.02268
806.946 0.811867 0.0226666
807.251 0.792251 0.0224001
807.555 0.800856 0.0224379
807.859 0.804895 0.0223164
808.162 0.802958 0.0223935
808.466 0.829058 0.0236433
808.77 0.819758 0.0240292
809.074 0.790866 0.0241532
809.378 0.798743 0.0247806
809.681 0.841333 0.0259199
809.985 0.820162 0.0254521
810.288 0.769437 0.0242967
810.592 0.815377 0.0258637
810.895 0.818589 0.0260619
811.198 0.786963 0.0260249
811.502 0.832808 0.0285168
811.805 0.822454 0.0278777
812.108 0.826811 0.0286162
812.411 0.83189 0.0273175
812.714 0.739393 0.0233348
813.017 0.741681 0.0221178
813.32 0.793493 0.022828
813.623 0.773502 0.0227892
813.926 0.848711 0.0261403
814.228 0.832102 0.0269423
814.531 0.843504 0.0279292
814.833 0.798898 0.0274742
815.136 0.816844 0.0278415
815.438 0.866984 0.0293112
815.741 0.874959 0.0290788
816.043 0.836386 0.0280159
816.345 0.819435 0.0266904
816.648 0.795404 0.026501
816.95 0.845331 0.0277
817.252 0.862387 0.0286431
817.554 0.774964 0.0272207
817.856 0.767739 0.0277007
818.158 0.849709 0.0298878
818.46 0.882242 0.0311632
818.761 0.831709 0.0296831
819.063 0.844341 0.0298664
819.365 0.81105 0.0288835
819.666 0.826279 0.0274781
819.968 0.828912 0.0266274
820.269 0.821656 0.0254227
820.571 0.838276 0.0263816
820.872 0.817245 0.0269599
821.173 0.84524 0.0285761
821.475 0.85093 0.0292635
821.776 0.83226 0.029223
822.077 0.821475 0.0291816
822.378 0.813823 0.0285261
822.679 0.826851 0.0295204
822.98 0.848548 0.0304268
823.281 0.859703 0.0312147
823.581 0.802197 0.0299532
823.882 0.872963 0.0318869
824.183 0.819161 0.030104
824.483 0.804656 0.029227
824.784 0.780337 0.0271644
825.084 0.832665 0.0283529
825.385 0.791866 0.0272141
825.685 0.809984 0.0285505
825.985 0.808945 0.0293391
826.286 0.835684 0.0296758
826.586 0.834032 0.0286347
826.886 0.843131 0.0286344
827.186 0.806733 0.0276423
827.486 0.833678 0.0291915
827.786 0.892478 0.0312721
828.086 0.862232 0.0311101
828.386 0.820146 0.0292915
828.685 0.830845 0.0294724
828.985 0.926761 0.0321955
829.285 0.855983 0.0310451
829.584 0.828352 0.0306768
829.884 0.834528 0.0317545
830.183 0.834873 0.0319912
830.482 0.862819 0.0337859
830.782 0.885011 0.0345352
831.081 0.959765 0.0380473
831.38 0.899932 0.0360626
831.679 0.833686 0.0323103
831.978 0.811047 0.0318555
832.277 0.84426 0.0318907
832.576 0.850886 0.0323636
832.875 0.896717 0.0334824
833.174 0.887703 0.0325855
833.472 0.874455 0.0334802
833.771 0.887033 0.0329782
834.07 0.835424 0.03133
834.368 0.843202 0.0316595
834.667 0.838291 0.032216
834.965 0.908089 0.0341914
835.263 0.898536 0.0342885
835.562 0.855677 0.0331486
835.86 0.846211 0.0330211
836.158 0.850766 0.0341233
836.456 0.956434 0.037949
836.754 0.785356 0.0325239
837.052 0.81745 0.0340856
837.35 0.758621 0.0323415
837.648 0.886783 0.0366352
837.946 0.768307 0.0329245
838.243 0.858599 0.0357313
838.541 0.868665 0.0357146
838.839 0.835937 0.0336206
839.136 0.930563 0.0361725
839.434 0.886739 0.0352467
839.731 0.829358 0.0330398
840.028 0.905657 0.0368321
840.326 0.884946 0.0348801
840.623 0.939703 0.0369087
840.92 0.868456 0.0356888
841.217 0.953196 0.0389853
841.514 0.889422 0.0366558
841.811 0.819049 0.0345985
842.108 0.801951 0.0344201
842.405 0.819609 0.0351599
842.701 0.763958 0.0328582
842.998 0.914389 0.0373096
843.295 0.8194 0.0347188
843.591 0.861165 0.0364143
843.888 0.812599 0.035304
844.184 0.882865 0.0373132
844.481 0.826785 0.0352114
844.777 0.888599 0.0381591
845.073 0.872665 0.0372421
845.369 0.832835 0.0355423
845.665 0.875735 0.0373921
845.962 0.921161 0.0380554
846.258 0.84118 0.0370445
846.553 0.881703 0.0385756
846.849 0.892336 0.0375239
847.145 0.844866 0.0359075
847.441 0.876516 0.0371012
847.737 0.972625 0.0402206
848.032 0.809757 0.0351992
848.328 0.847174 0.0360428
848.623 0.936716 0.041527
848.919 0.932232 0.039221
849.214 0.862362 0.037013
849.509 0.904851 0.0388166
849.805 0.824021 0.03615
850.1 0.870196 0.0378264
850.395 0.881389 0.0390742
850.69 0.828894 0.0376833
850.985 0.837003 0.0360566
851.28 0.83778 0.036794
851.575 0.827539 0.0358952
851.869 0.826472 0.0360225
852.164 0.840802 0.0357898
852.459 0.85577 0.0346574
852.753 0.849587 0.0337849
853.048 0.88983 0.0338312
853.342 0.794135 0.0307253
853.637 0.870402 0.0328648
853.931 0.890893 0.0332388
854.225 0.861465 0.0329691
854.52 0.868762 0.0331797
854.814 0.898427 0.0346431
855.108 0.909585 0.0364163
855.402 0.88341 0.0350361
855.696 0.920445 0.03657
855.99 0.911803 0.0361622
856.283 0.867299 0.0351079
856.577 0.861107 0.0347928
856.871 0.864539 0.0345658
857.164 0.874317 0.0357421
857.458 0.902528 0.0372139
857.751 0.812667 0.0344159
858.045 0.906133 0.038123
858.338 0.841605 0.0351969
858.632 0.898327 0.038005
858.925 0.879294 0.0374861
859.218 0.852067 0.0370783
859.511 0.907315 0.0378888
859.804 0.873479 0.038092
860.097 0.833077 0.0359255
860.39 0.891423 0.0382205
860.683 0.827686 0.0363506
860.976 0.970397 0.0405832
861.268 0.977938 0.0403233
861.561 0.840574 0.0373271
861.854 0.867964 0.0380777
862.146 0.859295 0.0383088
862.439 0.860038 0.0374653
862.731 0.835722 0.0371326
863.023 0.825046 0.0360575
863.316 0.888233 0.0380243
863.608 0.778162 0.0337534
863.9 0.918607 0.0401464
864.192 0.934873 0.0390205
864.484 0.896217 0.0389575
864.776 0.855609 0.0366087
865.068 0.916265 0.0396384
865.36 0.862306 0.0379124
865.651 0.923123 0.0392939
865.943 0.901796 0.03978
866.235 0.838663 0.0376446
866.526 0.901204 0.0398198
866.818 0.910737 0.0396953
867.109 0.947274 0.0407857
867.4 0.861719 0.0376401
867.692 0.813713 0.0367564
867.983 0.825496 0.0369062
868.274 0.885371 0.0378623
868.565 0.866027 0.0378691
868.856 0.900883 0.0393294
869.147 0.870979 0.0381894
869.438 0.970369 0.0423859
869.729 0.9281 0.0412836
870.02 0.899593 0.0401736
870.31 0.851019 0.0389871
870.601 0.835168 0.0372124
870.892 0.817441 0.0377194
871.182 0.89918 0.0401096
871.473 0.858914 0.0380143
871.763 0.921297 0.0403515
872.053 0.910571 0.0396028
872.343 0.900313 0.038825
872.634 0.96791 0.0420739
872.924 1.07347 0.045484
873.214 0.880974 0.0393421
873.504 0.914745 0.0404853
873.794 0.827854 0.0379942
874.084 0.874613 0.0386664
874.373 0.926235 0.0411084
874.663 0.858613 0.0381711
874.953 0.804487 0.0385461
875.242 0.863851 0.0393649
875.532 0.798746 0.0367462
875.821 0.945527 0.0414804
876.111 0.901042 0.0393149
876.4 0.825605 0.0368901
876.689 0.869625 0.0379854
876.978 0.933452 0.0403178
877.268 0.851754 0.0384305
877.557 0.867671 0.0387481
877.846 0.833936 0.0382045
878.134 0.997741 0.0428685
878.423 0.997924 0.0428764
878.712 0.998108 0.0428843
