178.41 0.605898 0.121228
178.791 0.609734 0.121996
179.172 0.613543 0.122758
179.553 0.643185 0.643185
179.934 0.426252 0.426252
180.316 0.28656 0.28656
180.697 1.01662 1.01662
181.078 1.03548 1.03548
181.459 0.682369 0.682369
181.84 0.689975 0.689975
182.221 3.08357 3.08357
182.602 -0.724822 -0.724822
182.983 0.350553 0.0755144
183.364 4.15882 0.668694
183.744 0.572128 0.0808303
184.125 0.622795 0.0712709
184.506 0.612823 0.0626211
184.887 1.30112 0.105258
185.268 0.807584 0.072942
185.648 0.518853 0.0423713
186.029 0.567287 0.04267
186.41 0.597517 0.0412533
186.791 0.539911 0.0364913
187.171 0.542386 0.0336801
187.552 0.499785 0.0273058
187.932 0.422389 0.0229414
188.313 0.521537 0.0257915
188.694 0.454292 0.0225286
189.074 0.484867 0.0233384
189.455 0.444368 0.0217498
189.835 0.479645 0.0224607
190.216 0.448952 0.0210627
190.596 0.465718 0.021123
190.977 0.444718 0.0201352
191.357 0.444286 0.0204024
191.737 0.437699 0.0199927
192.118 0.499708 0.0216985
192.498 0.466698 0.0202005
192.878 0.430041 0.0188764
193.258 0.446791 0.0194633
193.639 0.457977 0.0197289
194.019 0.450107 0.0192287
194.399 0.449009 0.0191324
194.779 0.440611 0.0189015
195.159 0.406512 0.0176423
195.54 0.423247 0.0178249
195.92 0.381705 0.0166819
196.3 0.384426 0.0167918
196.68 0.397213 0.017388
197.06 0.401784 0.0171732
197.44 0.382803 0.016508
197.82 0.383355 0.016411
198.2 0.408053 0.0168171
198.58 0.380739 0.0157141
198.959 0.358257 0.0152107
199.339 0.333402 0.0145238
199.719 0.371477 0.015772
200.099 0.339692 0.0144892
200.479 0.365256 0.0149388
200.858 0.330037 0.0140413
201.238 0.359956 0.0148421
201.618 0.335028 0.0140742
201.998 0.321222 0.0135829
202.377 0.317865 0.0133868
202.757 0.317929 0.0131599
203.136 0.322746 0.0133984
203.516 0.298937 0.0127116
203.896 0.28447 0.0120166
204.275 0.258973 0.0115914
204.655 0.291794 0.0120665
205.034 0.272604 0.0116037
205.414 0.273407 0.0113061
205.793 0.288195 0.0115225
206.172 0.254136 0.0106654
206.552 0.265355 0.0109466
206.931 0.252968 0.0105068
207.31 0.260368 0.0105249
207.69 0.242126 0.00991222
208.069 0.257204 0.0102882
208.448 0.240365 0.00975709
208.827 0.248871 0.00984833
209.207 0.22935 0.00925401
209.586 0.229468 0.00912506
209.965 0.226708 0.00909303
210.344 0.216888 0.00870315
210.723 0.209702 0.00841863
211.102 0.21656 0.00841803
211.481 0.207618 0.00820855
211.86 0.201111 0.00801546
212.239 0.211938 0.00805782
212.618 0.20148 0.00777556
212.997 0.203647 0.00780996
213.376 0.199405 0.00752617
213.755 0.193845 0.0073104
214.134 0.181715 0.00704555
214.513 0.1928 0.00719893
214.891 0.174969 0.00669624
215.27 0.181323 0.00676777
215.649 0.172981 0.00646913
216.028 0.176126 0.00648001
216.406 0.181387 0.00647358
216.785 0.171178 0.00624327
217.164 0.174899 0.00618443
217.542 0.162334 0.00585931
217.921 0.159639 0.00574095
218.3 0.175259 0.00601713
218.678 0.161455 0.00565342
219.057 0.158218 0.00553817
219.435 0.158829 0.00545849
219.814 0.164847 0.00548547
220.192 0.152387 0.00519061
220.57 0.14478 0.00498565
220.949 0.153251 0.00509479
221.327 0.144188 0.00483133
221.705 0.147922 0.0048457
222.084 0.146805 0.00474634
222.462 0.148508 0.00474581
222.84 0.14756 0.00465822
223.218 0.146297 0.00457363
223.597 0.145974 0.00447928
223.975 0.144024 0.00437219
224.353 0.141917 0.00427402
224.731 0.14847 0.00429941
225.109 0.144642 0.00421445
225.487 0.146633 0.00419033
225.865 0.142615 0.00406713
226.243 0.148205 0.00408974
226.621 0.148293 0.00402735
226.999 0.144732 0.00391367
227.377 0.149525 0.00392829
227.755 0.143878 0.00378505
228.133 0.141882 0.00371247
228.511 0.142605 0.00371011
228.889 0.145843 0.00368111
229.266 0.150226 0.00371011
229.644 0.146099 0.00358264
230.022 0.142095 0.00349504
230.4 0.147109 0.00351822
230.777 0.149331 0.00350981
231.155 0.145703 0.00342664
231.533 0.147492 0.00338778
231.91 0.14739 0.00334299
232.288 0.151025 0.00336627
232.665 0.151012 0.00332583
233.043 0.150786 0.00328522
233.42 0.153401 0.00329608
233.798 0.150048 0.0032158
234.175 0.152029 0.00320604
234.553 0.153815 0.00320797
234.93 0.153842 0.0031665
235.307 0.153449 0.00314226
235.685 0.154526 0.00311071
236.062 0.157084 0.0031148
236.439 0.156198 0.00308289
236.816 0.157927 0.00306131
237.194 0.155812 0.0030116
237.571 0.159133 0.00302608
237.948 0.160551 0.00302312
238.325 0.159289 0.00298746
238.702 0.158801 0.00295666
239.079 0.164114 0.00297971
239.456 0.161745 0.00293617
239.833 0.162105 0.00291596
240.21 0.162759 0.00290565
240.587 0.16441 0.00289747
240.964 0.164733 0.00288242
241.341 0.165545 0.00287032
241.718 0.170887 0.00289056
242.095 0.166895 0.00284488
242.472 0.167079 0.00282087
242.849 0.166404 0.00281123
243.225 0.167231 0.00278163
243.602 0.168616 0.00279354
243.979 0.170116 0.00280027
244.356 0.173012 0.00279572
244.732 0.166585 0.00271723
245.109 0.170651 0.00274475
245.486 0.173302 0.00274329
245.862 0.175044 0.00275408
246.239 0.171867 0.00271156
246.615 0.172395 0.00269833
246.992 0.173473 0.00269193
247.368 0.169754 0.00265103
247.745 0.175805 0.0026841
248.121 0.17129 0.00262278
248.497 0.177049 0.00267382
248.874 0.174413 0.00263987
249.25 0.176579 0.00262932
249.626 0.172785 0.00259178
250.003 0.173904 0.0025884
250.379 0.178323 0.0026045
250.755 0.177772 0.00258963
251.131 0.175538 0.00255899
251.507 0.176487 0.0025718
251.884 0.176079 0.00254175
252.26 0.177399 0.0025507
252.636 0.179438 0.00254512
253.012 0.179291 0.00253485
253.388 0.176431 0.00250355
253.764 0.178857 0.00251277
254.14 0.180118 0.00251657
254.516 0.180096 0.00250867
254.892 0.179161 0.0024998
255.268 0.179758 0.00249299
255.643 0.180366 0.00249019
256.019 0.178982 0.00246557
256.395 0.179579 0.00247166
256.771 0.180638 0.00246513
257.147 0.180312 0.00245739
257.522 0.181774 0.00246987
257.898 0.182156 0.00245996
258.274 0.178169 0.0024312
258.649 0.181861 0.00245015
259.025 0.178647 0.00241694
259.4 0.178078 0.00240783
259.776 0.183656 0.00244452
260.151 0.183942 0.00244914
260.527 0.182673 0.00243661
260.902 0.181179 0.00241326
261.278 0.179082 0.00239473
261.653 0.179045 0.00239572
262.028 0.181331 0.0024112
262.404 0.184292 0.00242863
262.779 0.180338 0.00239316
263.154 0.181943 0.00239735
263.53 0.180543 0.0023789
263.905 0.179366 0.0023777
264.28 0.183495 0.00240717
264.655 0.181719 0.00238911
265.03 0.181824 0.0023991
265.405 0.18403 0.00240486
265.781 0.182449 0.00238615
266.156 0.182666 0.00239783
266.531 0.181527 0.00237614
266.906 0.183744 0.00239269
267.281 0.180301 0.00235945
267.655 0.18226 0.00238998
268.03 0.181601 0.00237722
268.405 0.181462 0.00238071
268.78 0.181438 0.00238345
269.155 0.1833 0.00238401
269.53 0.180162 0.00236474
269.904 0.178338 0.00235191
270.279 0.180056 0.00237193
270.654 0.181053 0.00236682
271.029 0.179581 0.00236382
271.403 0.183991 0.00239246
271.778 0.181181 0.00237162
272.152 0.181906 0.00237981
272.527 0.179737 0.00236339
272.901 0.179861 0.00235982
273.276 0.182174 0.00237054
273.65 0.179786 0.00234909
274.025 0.183044 0.00238561
274.399 0.182459 0.00238347
274.774 0.181417 0.00236696
275.148 0.182526 0.0023698
275.522 0.181884 0.00235936
275.897 0.1807 0.00236167
276.271 0.178872 0.00235092
276.645 0.180708 0.00235591
277.019 0.179959 0.00235263
277.393 0.183029 0.00236588
277.768 0.179795 0.002354
278.142 0.178139 0.00233371
278.516 0.179507 0.00236068
278.89 0.179091 0.00234682
279.264 0.178319 0.00234916
279.638 0.178132 0.00233713
280.012 0.177006 0.00232694
280.386 0.177911 0.00234737
280.76 0.177498 0.00233587
281.133 0.176503 0.0023317
281.507 0.175849 0.00232392
281.881 0.178778 0.00234059
282.255 0.177227 0.00233564
282.629 0.174694 0.00232392
283.002 0.171455 0.0023013
283.376 0.17433 0.00231919
283.75 0.175587 0.00233382
284.123 0.175017 0.00232603
284.497 0.174101 0.00232349
284.87 0.172911 0.00231684
285.244 0.172636 0.00230744
285.618 0.171737 0.0023063
285.991 0.172454 0.0023214
286.364 0.173016 0.00232897
286.738 0.171364 0.00231321
287.111 0.171131 0.00230259
287.485 0.170164 0.00230803
287.858 0.170254 0.00231367
288.231 0.171812 0.00232877
288.605 0.170632 0.00232501
288.978 0.166435 0.00228751
289.351 0.168758 0.00231385
289.724 0.167823 0.00231631
290.097 0.166998 0.0023068
290.47 0.166504 0.00231025
290.843 0.163761 0.00228911
291.217 0.166143 0.00231323
291.59 0.164947 0.00231893
291.963 0.164211 0.00230835
292.336 0.164147 0.00231407
292.708 0.162098 0.00229805
293.081 0.160098 0.00228814
293.454 0.160957 0.00229765
293.827 0.162079 0.00231305
294.2 0.162856 0.00232961
294.573 0.159718 0.00230018
294.945 0.15906 0.00231021
295.318 0.158605 0.00229582
295.691 0.157712 0.00230175
296.064 0.157466 0.00230225
296.436 0.154071 0.00228006
296.809 0.155511 0.00229166
297.181 0.154219 0.00228901
297.554 0.156328 0.00231086
297.926 0.155643 0.00230562
298.299 0.152953 0.0022871
298.671 0.153557 0.00228257
299.044 0.15032 0.00227044
299.416 0.151559 0.00227575
299.788 0.149829 0.00226581
300.161 0.151117 0.00227813
300.533 0.14914 0.00226448
300.905 0.149134 0.00225348
301.278 0.148074 0.002249
301.65 0.150046 0.00226296
302.022 0.147524 0.0022536
302.394 0.145533 0.0022425
302.766 0.148904 0.0022633
303.138 0.1497 0.00227824
303.51 0.14697 0.0022419
303.882 0.149139 0.00226885
304.254 0.148188 0.00225524
304.626 0.150911 0.0022735
304.998 0.150341 0.00226727
305.37 0.149453 0.00227391
305.742 0.147148 0.00224828
306.114 0.151668 0.00228504
306.485 0.153147 0.00229153
306.857 0.153488 0.00229248
307.229 0.153176 0.00229501
307.601 0.151837 0.00229011
307.972 0.153321 0.00229885
308.344 0.152575 0.00229449
308.716 0.1546 0.0023224
309.087 0.150404 0.00227971
309.459 0.152687 0.00230265
309.83 0.151623 0.00229308
310.202 0.15157 0.00228691
310.573 0.152372 0.00229298
310.945 0.152557 0.00230422
311.316 0.151712 0.0023011
311.687 0.150549 0.00228247
312.059 0.153362 0.00230872
312.43 0.152721 0.0023067
312.801 0.157063 0.00233288
313.172 0.159206 0.00235855
313.544 0.162284 0.00238079
313.915 0.168811 0.00242533
314.286 0.173424 0.00245902
314.657 0.179659 0.00249818
315.028 0.186418 0.00255049
315.399 0.192718 0.00259455
315.77 0.203605 0.00266635
316.141 0.208094 0.00269718
316.512 0.217038 0.00275595
316.883 0.224888 0.00281924
317.254 0.233075 0.00286761
317.625 0.239814 0.00291441
317.996 0.246609 0.00294866
318.366 0.251091 0.00298087
318.737 0.258965 0.00302442
319.108 0.264285 0.00305962
319.478 0.26722 0.00308713
319.849 0.269704 0.00309179
320.22 0.273394 0.00312203
320.59 0.272429 0.00311503
320.961 0.277864 0.00315426
321.331 0.275889 0.00313574
321.702 0.277915 0.0031743
322.072 0.274068 0.00314797
322.443 0.274194 0.00315257
322.813 0.270861 0.00312603
323.184 0.27221 0.0031484
323.554 0.268986 0.00312987
323.924 0.268892 0.0031226
324.295 0.270302 0.00314741
324.665 0.267057 0.00313204
325.035 0.268131 0.00313036
325.405 0.266472 0.00313092
325.775 0.269316 0.00316709
326.145 0.269089 0.00316362
326.515 0.27227 0.00320229
326.886 0.2702 0.00319022
327.256 0.267415 0.00317431
327.626 0.269542 0.00321168
327.995 0.272621 0.00324174
328.365 0.269762 0.00322852
328.735 0.269316 0.00323929
329.105 0.269931 0.00326939
329.475 0.27355 0.00332117
329.845 0.289063 0.00342559
330.215 0.296515 0.00346161
330.584 0.304782 0.00347057
330.954 0.312417 0.003469
331.324 0.307345 0.00336189
331.693 0.300726 0.00327349
332.063 0.298916 0.00324395
332.432 0.291168 0.0031809
332.802 0.283505 0.00313824
333.171 0.282001 0.00315913
333.541 0.283893 0.0032253
333.91 0.27888 0.00322093
334.28 0.279792 0.00325055
334.649 0.275904 0.00323602
335.018 0.275528 0.0032419
335.388 0.275259 0.00324805
335.757 0.271251 0.00322211
336.126 0.264823 0.00319596
336.495 0.265502 0.00320183
336.865 0.260242 0.00317477
337.234 0.259905 0.00319389
337.603 0.258504 0.00317629
337.972 0.255053 0.00316488
338.341 0.251612 0.00313443
338.71 0.252153 0.00314555
339.079 0.249422 0.00313253
339.448 0.247441 0.00310843
339.817 0.248188 0.00311937
340.186 0.251433 0.00314563
340.554 0.248991 0.00313931
340.923 0.249608 0.00313734
341.292 0.251174 0.00316417
341.661 0.252145 0.0031616
342.029 0.252575 0.00316083
342.398 0.256139 0.00319711
342.767 0.262619 0.00324916
343.135 0.262655 0.00322973
343.504 0.266608 0.00327639
343.872 0.270012 0.0032786
344.241 0.272517 0.00329513
344.609 0.272833 0.00330759
344.978 0.28396 0.00337832
345.346 0.287678 0.00339076
345.715 0.292447 0.00343203
346.083 0.296636 0.00345552
346.451 0.301447 0.00349511
346.82 0.307098 0.00352458
347.188 0.313704 0.0035586
347.556 0.319526 0.00360322
347.924 0.319632 0.00358573
348.292 0.336235 0.00372597
348.66 0.336566 0.00371804
349.028 0.337178 0.00371072
349.396 0.345781 0.00376439
349.764 0.355765 0.00381573
350.132 0.357849 0.00384782
350.5 0.360457 0.00384712
350.868 0.366562 0.0039062
351.236 0.37242 0.00392854
351.604 0.377227 0.00396699
351.972 0.387096 0.00402441
352.34 0.386772 0.00402193
352.707 0.391636 0.0040486
353.075 0.391892 0.00404073
353.443 0.399238 0.00409229
353.81 0.406853 0.00414781
354.178 0.408482 0.0041569
354.545 0.413406 0.00416618
354.913 0.420016 0.00421345
355.28 0.426393 0.00423781
355.648 0.431219 0.00427103
356.015 0.437849 0.00431824
356.383 0.442577 0.004334
356.75 0.448132 0.00437622
357.117 0.448584 0.00437681
357.485 0.458332 0.00443984
357.852 0.461617 0.00445171
358.219 0.469972 0.0044968
358.586 0.472599 0.0045052
358.954 0.476426 0.00453071
359.321 0.481028 0.00455579
359.688 0.486443 0.00459632
360.055 0.49121 0.00461036
360.422 0.496955 0.00463193
360.789 0.496613 0.00465204
361.156 0.499147 0.00466273
361.523 0.506616 0.00471576
361.89 0.508593 0.00472536
362.256 0.511284 0.00470749
362.623 0.515952 0.00476746
362.99 0.524657 0.00482679
363.357 0.519269 0.00479604
363.724 0.523738 0.00480981
364.09 0.528271 0.00483826
364.457 0.534506 0.00488864
364.823 0.534035 0.00485357
365.19 0.537245 0.00486443
365.557 0.544079 0.00491545
365.923 0.543191 0.00491208
366.29 0.547041 0.00493561
366.656 0.550594 0.00495781
367.022 0.550733 0.00493284
367.389 0.5546 0.0049826
367.755 0.557866 0.00498757
368.121 0.562009 0.00503424
368.488 0.565751 0.00504408
368.854 0.565062 0.00504298
369.22 0.56523 0.00508131
369.586 0.566522 0.00509926
369.952 0.570433 0.00512485
370.318 0.566559 0.0051234
370.684 0.571703 0.00516215
371.051 0.575946 0.00517185
371.416 0.581522 0.00522384
371.782 0.578084 0.00519168
372.148 0.581632 0.00521814
372.514 0.583946 0.00525041
372.88 0.582758 0.00523877
373.246 0.589898 0.00528695
373.612 0.59017 0.00527723
373.977 0.587664 0.00524691
374.343 0.588953 0.00524895
374.709 0.593371 0.00525152
375.074 0.595854 0.00528213
375.44 0.597313 0.00530126
375.806 0.604181 0.00535817
376.171 0.602125 0.00534438
376.537 0.601945 0.00532519
376.902 0.603143 0.00535406
377.268 0.606096 0.00534596
377.633 0.60619 0.00533491
377.998 0.59996 0.00526964
378.364 0.605526 0.00527508
378.729 0.6056 0.00526591
379.094 0.610707 0.00530629
379.459 0.616026 0.00539427
379.825 0.608502 0.00536121
380.19 0.614218 0.00538903
380.555 0.619246 0.00545939
380.92 0.618654 0.00549872
381.285 0.621116 0.00553405
381.65 0.616835 0.00548277
382.015 0.620637 0.00547775
382.38 0.623068 0.0055138
382.745 0.62491 0.00556641
383.11 0.619974 0.00553438
383.474 0.624554 0.00555691
383.839 0.625466 0.00555994
384.204 0.633826 0.00562298
384.569 0.621097 0.0055632
384.933 0.624621 0.00559013
385.298 0.631483 0.00565943
385.663 0.637556 0.00569854
386.027 0.630628 0.00563107
386.392 0.625498 0.00558975
386.756 0.628256 0.00556607
387.121 0.636116 0.0056068
387.485 0.628263 0.0055268
387.849 0.632402 0.00550964
388.214 0.641607 0.00562759
388.578 0.635557 0.00560067
388.942 0.638912 0.00568149
389.307 0.629693 0.0056135
389.671 0.637168 0.00567922
390.035 0.636973 0.00564743
390.399 0.639435 0.0056602
390.763 0.638759 0.00562812
391.127 0.636858 0.00557732
391.492 0.639732 0.00553102
391.856 0.635865 0.00546634
392.219 0.641084 0.00541582
392.583 0.650182 0.00549219
392.947 0.6588 0.00561132
393.311 0.656511 0.00567343
393.675 0.653181 0.00568407
394.039 0.648192 0.00567702
394.403 0.652181 0.00571581
394.766 0.660751 0.00579058
395.13 0.657269 0.00577961
395.494 0.658109 0.00577534
395.857 0.658398 0.00577308
396.221 0.652236 0.00571806
396.584 0.655597 0.00569623
396.948 0.654029 0.00562949
397.311 0.657324 0.00555777
397.675 0.663325 0.00554966
398.038 0.665508 0.00554175
398.401 0.668555 0.00562985
398.765 0.678703 0.00575729
399.128 0.681617 0.0058549
399.491 0.673935 0.005861
399.854 0.671297 0.00587248
400.218 0.667131 0.00584244
400.581 0.678994 0.00595586
400.944 0.676016 0.0059349
401.307 0.686347 0.00608062
401.67 0.676067 0.00601908
402.033 0.682354 0.00605181
402.396 0.679167 0.00604259
402.759 0.680044 0.00604413
403.122 0.683542 0.00605349
403.485 0.686692 0.00605791
403.847 0.680801 0.00599539
404.21 0.682604 0.00597484
404.573 0.688239 0.00597509
404.936 0.688804 0.00592364
405.298 0.701017 0.0060526
405.661 0.699338 0.00613478
406.023 0.701256 0.00621393
406.386 0.687966 0.00616925
406.749 0.697619 0.00626763
407.111 0.700306 0.0063108
407.473 0.688808 0.00617205
407.836 0.690239 0.00612696
408.198 0.702533 0.00616687
408.561 0.701629 0.00616442
408.923 0.700124 0.00613587
409.285 0.6973 0.00611513
409.647 0.717233 0.00629322
410.009 0.714717 0.00633997
410.372 0.706984 0.00630492
410.734 0.708399 0.00634298
411.096 0.70513 0.00632445
411.458 0.715005 0.00637109
411.82 0.71328 0.00631997
412.182 0.705021 0.00622021
412.544 0.70991 0.00626653
412.906 0.715062 0.00628842
413.267 0.71517 0.00627609
413.629 0.722215 0.00637191
413.991 0.719168 0.00639275
414.353 0.71771 0.00639494
414.714 0.724412 0.00650834
415.076 0.714217 0.0064417
415.438 0.715553 0.00644122
415.799 0.718058 0.00641537
416.161 0.716369 0.0064696
416.522 0.724945 0.0065488
416.884 0.719743 0.00652725
417.245 0.730713 0.00658859
417.607 0.719518 0.00652724
417.968 0.72068 0.006557
418.329 0.714658 0.00648248
418.691 0.717185 0.00650014
419.052 0.714928 0.00647996
419.413 0.719947 0.00648846
419.774 0.719519 0.00644333
420.135 0.715423 0.00630139
420.497 0.720025 0.00622009
420.858 0.71947 0.00613132
421.219 0.728969 0.00615552
421.58 0.738265 0.00624549
421.941 0.735309 0.00630922
422.302 0.741658 0.00646716
422.662 0.737386 0.0064826
423.023 0.723637 0.00645653
423.384 0.729913 0.00651018
423.745 0.726975 0.00647491
424.106 0.724775 0.00646564
424.466 0.720409 0.00639324
424.827 0.735344 0.00651136
425.187 0.742193 0.00666878
425.548 0.741977 0.00675035
425.909 0.729909 0.00671682
426.269 0.720603 0.00662947
426.63 0.72215 0.00661183
426.99 0.7268 0.00655491
427.35 0.726736 0.00658247
427.711 0.727609 0.00658209
428.071 0.715138 0.00646434
428.431 0.710499 0.00633994
428.792 0.709337 0.00613511
429.152 0.716711 0.00598451
429.512 0.733469 0.00601794
429.872 0.736524 0.00604422
430.232 0.740629 0.00612246
430.592 0.757709 0.00637406
430.952 0.749108 0.00652665
431.312 0.751511 0.00668171
431.672 0.737652 0.0067549
432.032 0.733368 0.00674172
432.392 0.725361 0.00665562
432.752 0.699088 0.00623949
433.111 0.719385 0.00614232
433.471 0.742959 0.00627533
433.831 0.771802 0.00665408
434.19 0.730557 0.00649748
434.55 0.729322 0.00648056
434.91 0.736311 0.00659917
435.269 0.732366 0.00652435
435.629 0.730725 0.00648582
435.988 0.734567 0.00648
436.348 0.74658 0.00657237
436.707 0.741445 0.0066687
437.066 0.73205 0.00663418
437.426 0.726801 0.0065764
437.785 0.727857 0.00653916
438.144 0.735619 0.00656225
438.503 0.743683 0.00666066
438.862 0.741144 0.00667198
439.222 0.739409 0.00669643
439.581 0.737136 0.00674732
439.94 0.731877 0.00669918
440.299 0.710317 0.00637123
440.658 0.710632 0.00615567
441.017 0.728416 0.00620721
441.376 0.746105 0.00633612
441.734 0.745792 0.00642004
442.093 0.732318 0.00638012
442.452 0.721611 0.00629307
442.811 0.727591 0.00626906
443.169 0.735162 0.00632044
443.528 0.735332 0.00641469
443.887 0.733185 0.00643157
444.245 0.734297 0.00643809
444.604 0.738122 0.00654047
444.962 0.734866 0.00657029
445.321 0.730541 0.00653992
445.679 0.730396 0.00651175
446.038 0.73249 0.00649172
446.396 0.734607 0.00656481
446.754 0.73567 0.00666892
447.112 0.739466 0.00670514
447.471 0.737835 0.00676016
447.829 0.735822 0.00677979
448.187 0.72385 0.00670005
448.545 0.731573 0.0067258
448.903 0.727877 0.00672234
449.261 0.733083 0.00676517
449.619 0.739913 0.00684859
449.977 0.739874 0.00686341
450.335 0.738882 0.00693169
450.693 0.732037 0.00693167
451.051 0.739537 0.00698902
451.409 0.726155 0.00690288
451.766 0.743683 0.00703857
452.124 0.74631 0.00712993
452.482 0.741429 0.00715931
452.839 0.724654 0.00712387
453.197 0.737948 0.00727595
453.555 0.736746 0.00728201
453.912 0.735731 0.0073187
454.27 0.713477 0.00704938
454.627 0.728243 0.00706543
454.984 0.73062 0.00704007
455.342 0.746617 0.00721952
455.699 0.737589 0.00723748
456.056 0.730473 0.00721587
456.414 0.716518 0.00705346
456.771 0.723263 0.00701359
457.128 0.726243 0.00698095
457.485 0.722767 0.00689063
457.842 0.730757 0.00697003
458.199 0.729247 0.0069763
458.556 0.726673 0.00689879
458.913 0.730339 0.00693741
459.27 0.732535 0.0068903
459.627 0.735071 0.00696737
459.984 0.720574 0.00687084
460.341 0.729502 0.00693041
460.697 0.735445 0.0070307
461.054 0.756962 0.00730513
461.411 0.74626 0.00741145
461.767 0.729594 0.00741838
462.124 0.732688 0.00747904
462.481 0.722082 0.00730933
462.837 0.724453 0.00722187
463.194 0.726459 0.00707071
463.55 0.728385 0.00711786
463.907 0.716938 0.00689409
464.263 0.720863 0.00681533
464.619 0.716636 0.00669187
464.976 0.730522 0.00663312
465.332 0.731365 0.00661674
465.688 0.745399 0.00680098
466.044 0.755832 0.00712497
466.4 0.753161 0.00727535
466.756 0.736962 0.0072583
467.112 0.723602 0.00716821
467.468 0.73884 0.00727698
467.824 0.731959 0.0072318
468.18 0.74406 0.00741545
468.536 0.734179 0.00740289
468.892 0.731466 0.00746338
469.248 0.726382 0.00747165
469.604 0.735588 0.00758347
469.959 0.741842 0.00764919
470.315 0.723979 0.00751821
470.671 0.725965 0.00753778
471.026 0.717694 0.00743646
471.382 0.721704 0.00739784
471.737 0.72214 0.00732648
472.093 0.721001 0.00722224
472.448 0.720744 0.00711515
472.804 0.719625 0.00698869
473.159 0.723813 0.00697911
473.514 0.737507 0.00705171
473.87 0.708969 0.00684554
474.225 0.701321 0.00662381
474.58 0.709051 0.00651373
474.935 0.729096 0.00661207
475.29 0.74039 0.0067496
475.645 0.731989 0.00675522
476 0.720322 0.00670237
476.355 0.734866 0.00683499
476.71 0.720574 0.00678694
477.065 0.711054 0.0066086
477.42 0.70555 0.00643402
477.775 0.731968 0.0065645
478.13 0.731575 0.00656816
478.485 0.725646 0.00653674
478.839 0.719565 0.00647073
479.194 0.711796 0.00627483
479.549 0.707606 0.0061237
479.903 0.727742 0.00621992
480.258 0.744827 0.00638888
480.612 0.708409 0.00612777
480.967 0.709011 0.00600877
481.321 0.722338 0.0060297
481.675 0.737687 0.00620278
482.03 0.737054 0.00632769
482.384 0.715301 0.00626224
482.738 0.717627 0.00623837
483.093 0.715252 0.00620398
483.447 0.707406 0.00601692
483.801 0.704314 0.00585074
484.155 0.719226 0.00582307
484.509 0.640375 0.00510473
484.863 0.508047 0.003053
485.217 0.651056 0.00302987
485.571 0.753144 0.00322377
485.925 0.958144 0.00442973
486.279 0.875945 0.00504693
486.632 0.755739 0.00511982
486.986 0.749632 0.00553542
487.34 0.754348 0.00596399
487.694 0.745654 0.00614041
488.047 0.716539 0.00609054
488.401 0.718461 0.00609159
488.754 0.718163 0.00612842
489.108 0.730012 0.006264
489.461 0.728676 0.00632232
489.815 0.730025 0.00640225
490.168 0.706031 0.00622183
490.522 0.712517 0.00622949
490.875 0.721153 0.00627533
491.228 0.724791 0.00632238
491.581 0.711159 0.00622383
491.935 0.723793 0.00629567
492.288 0.710948 0.00625966
492.641 0.716947 0.00625026
492.994 0.715411 0.00622584
493.347 0.717154 0.00619541
493.7 0.716904 0.00616176
494.053 0.721821 0.0062031
494.406 0.737185 0.00635161
494.759 0.729937 0.00646756
495.111 0.692651 0.00615081
495.464 0.677975 0.0058263
495.817 0.697214 0.00573869
496.169 0.747413 0.00610428
496.522 0.753963 0.00637031
496.875 0.746522 0.0065775
497.227 0.714448 0.00648205
497.58 0.708516 0.00649594
497.932 0.708884 0.00644162
498.285 0.715204 0.00642484
498.637 0.696625 0.00619408
498.989 0.710893 0.00616698
499.342 0.726931 0.00623917
499.694 0.740157 0.00642231
500.046 0.721267 0.00645313
500.398 0.69548 0.00618575
500.751 0.704151 0.00611681
501.103 0.706795 0.00614397
501.455 0.716807 0.00617511
501.807 0.718084 0.00619129
502.159 0.717038 0.00618747
502.511 0.713777 0.00618338
502.862 0.723632 0.00623971
503.214 0.72973 0.00634599
503.566 0.732965 0.0064755
503.918 0.720427 0.00650451
504.27 0.713122 0.00645343
504.621 0.712269 0.00645451
504.973 0.71602 0.00653471
505.324 0.707915 0.00647533
505.676 0.707666 0.00636023
506.027 0.712162 0.00635096
506.379 0.740686 0.00668139
506.73 0.729261 0.00677485
507.082 0.704262 0.00659853
507.433 0.690643 0.00643865
507.784 0.718721 0.00652312
508.136 0.716979 0.00659868
508.487 0.722628 0.00665381
508.838 0.716306 0.00671734
509.189 0.710982 0.0066966
509.54 0.700949 0.00657334
509.891 0.712892 0.00669803
510.242 0.709136 0.00665827
510.593 0.71587 0.00673461
510.944 0.718268 0.00679495
511.295 0.718656 0.00689846
511.646 0.72318 0.00703999
511.996 0.714195 0.00695924
512.347 0.705756 0.00686639
512.698 0.718235 0.00691128
513.049 0.702771 0.00684975
513.399 0.718988 0.0070245
513.75 0.703732 0.00691768
514.1 0.717251 0.00704641
514.451 0.732916 0.00730569
514.801 0.725181 0.00732113
515.152 0.707911 0.007141
515.502 0.702018 0.00698175
515.852 0.712352 0.00697053
516.202 0.714426 0.00697721
516.553 0.724699 0.00710576
516.903 0.720369 0.00718976
517.253 0.726347 0.00733999
517.603 0.720173 0.00735739
517.953 0.700302 0.00717498
518.303 0.703633 0.00707484
518.653 0.707822 0.0069888
519.003 0.730299 0.00716208
519.353 0.736484 0.00742497
519.703 0.737638 0.00765008
520.052 0.707074 0.00750167
520.402 0.703542 0.0074642
520.752 0.715422 0.00744465
521.102 0.719251 0.00749159
521.451 0.717872 0.00759927
521.801 0.7113 0.00754389
522.15 0.698164 0.00742549
522.5 0.704003 0.00736575
522.849 0.7082 0.00740736
523.199 0.705955 0.00729892
523.548 0.718441 0.00734481
523.897 0.715645 0.00731642
524.246 0.722885 0.00750289
524.596 0.728409 0.00765528
524.945 0.70343 0.00747083
525.294 0.707981 0.00748764
525.643 0.707835 0.00749453
525.992 0.713621 0.00750842
526.341 0.708454 0.00742279
526.69 0.719649 0.00755699
527.039 0.723096 0.00764221
527.388 0.710321 0.00761894
527.737 0.681468 0.0072647
528.086 0.692857 0.00709545
528.434 0.699601 0.00698194
528.783 0.73264 0.00723619
529.132 0.726254 0.00735407
529.48 0.72095 0.00744845
529.829 0.716225 0.00750315
530.177 0.717511 0.00755733
530.526 0.719109 0.0076161
530.874 0.7061 0.00746903
531.223 0.708474 0.00746556
531.571 0.712225 0.007482
531.919 0.708306 0.00748137
532.268 0.692302 0.00720466
532.616 0.691023 0.00695742
532.964 0.706129 0.00689786
533.312 0.719871 0.0069827
533.66 0.716623 0.00696523
534.008 0.702966 0.00687482
534.356 0.709969 0.00689807
534.704 0.718071 0.0070065
535.052 0.717761 0.00706884
535.4 0.722572 0.00724207
535.748 0.723924 0.00744393
536.095 0.715236 0.00758804
536.443 0.705772 0.00757262
536.791 0.69774 0.00740781
537.139 0.688486 0.00717576
537.486 0.699525 0.00708603
537.834 0.715262 0.00708968
538.181 0.713951 0.00705547
538.529 0.706313 0.00701897
538.876 0.70655 0.00703394
539.223 0.717843 0.00716564
539.571 0.722538 0.00734157
539.918 0.705468 0.00724982
540.265 0.682431 0.00700815
540.613 0.700375 0.00699644
540.96 0.720259 0.00714351
541.307 0.705657 0.00709464
541.654 0.704666 0.00713398
542.001 0.705315 0.00708717
542.348 0.713798 0.00714294
542.695 0.701705 0.0070906
543.042 0.695634 0.00695814
543.388 0.690283 0.00685742
543.735 0.703983 0.00689453
544.082 0.706734 0.00690847
544.429 0.711369 0.00693808
544.775 0.724254 0.00714447
545.122 0.731555 0.00738934
545.469 0.714505 0.00745132
545.815 0.700728 0.00737023
546.162 0.702474 0.00732564
546.508 0.693513 0.00712639
546.854 0.687641 0.00690565
547.201 0.679009 0.00655704
547.547 0.705327 0.00661424
547.893 0.723388 0.00680152
548.24 0.740051 0.00718171
548.586 0.726529 0.00750814
548.932 0.705336 0.00750484
549.278 0.697455 0.00754632
549.624 0.698878 0.0074538
549.97 0.723759 0.00766802
550.316 0.719943 0.00781716
550.662 0.708133 0.00780742
551.008 0.667725 0.00733146
551.353 0.674213 0.00695262
551.699 0.69477 0.00679318
552.045 0.73192 0.00711922
552.391 0.719704 0.00724638
552.736 0.704529 0.00720956
553.082 0.696296 0.00719531
553.427 0.720464 0.00740072
553.773 0.725981 0.00768577
554.118 0.699622 0.00762543
554.464 0.677717 0.00730451
554.809 0.675006 0.00703015
555.154 0.695369 0.00696602
555.5 0.720312 0.0071383
555.845 0.734314 0.00741217
556.19 0.715649 0.00748592
556.535 0.706196 0.00764576
556.88 0.686846 0.00748113
557.225 0.710216 0.00755544
557.57 0.714261 0.00766417
557.915 0.71871 0.00792078
558.26 0.707924 0.00794533
558.605 0.69114 0.00787723
558.95 0.692545 0.007758
559.295 0.667894 0.00724671
559.639 0.674628 0.00697829
559.984 0.690997 0.00681691
560.329 0.705868 0.00681188
560.673 0.713688 0.0068664
561.018 0.723465 0.00708135
561.362 0.710462 0.0071806
561.707 0.707401 0.00735381
562.051 0.689449 0.00719909
562.395 0.695924 0.00720513
562.74 0.696068 0.00704286
563.084 0.688923 0.00689719
563.428 0.688489 0.00673982
563.772 0.714339 0.00689396
564.117 0.692507 0.00674041
564.461 0.701719 0.00675299
564.805 0.700004 0.00681701
565.149 0.6922 0.00675309
565.493 0.701452 0.00677795
565.836 0.686184 0.00660847
566.18 0.691264 0.00655619
566.524 0.654602 0.00599427
566.868 0.685007 0.00592179
567.212 0.699565 0.00587125
567.555 0.69554 0.00578293
567.899 0.673714 0.00546655
568.242 0.680092 0.0052589
568.586 0.666174 0.00490119
568.929 0.668252 0.0045925
569.273 0.677976 0.00435471
569.616 0.708115 0.00439485
569.96 0.687463 0.0042746
570.303 0.679715 0.00412289
570.646 0.691029 0.00409371
570.989 0.681453 0.00395397
571.333 0.707219 0.00402524
571.676 0.711972 0.00415578
572.019 0.733481 0.00457086
572.362 0.647111 0.00416983
572.705 0.649733 0.00387743
573.048 0.676589 0.00373826
573.391 0.68768 0.00364692
573.733 0.69218 0.00357734
574.076 0.687682 0.0035263
574.419 0.714354 0.00364842
574.762 0.709527 0.00382814
575.104 0.719847 0.00410823
575.447 0.663562 0.00400724
575.789 0.652908 0.00376601
576.132 0.669706 0.00356066
576.474 0.696655 0.00360889
576.817 0.660676 0.00327246
577.159 0.684784 0.0031432
577.501 0.730688 0.00320627
577.844 0.752928 0.00343281
578.186 0.745283 0.00380739
578.528 0.674892 0.00384843
578.87 0.670904 0.00385824
579.212 0.656032 0.00373822
579.554 0.681645 0.00365442
579.896 0.694486 0.00371612
580.238 0.665107 0.00350948
580.58 0.643477 0.00302936
580.922 0.738267 0.00312124
581.264 0.815104 0.00327957
581.606 0.76493 0.00319717
581.947 0.731899 0.00330742
582.289 0.734093 0.00364117
582.631 0.707351 0.00397298
582.972 0.678806 0.00418992
583.314 0.656721 0.00413884
583.655 0.664502 0.00407661
583.997 0.643517 0.00369747
584.338 0.672103 0.00347998
584.679 0.684054 0.00335
585.021 0.723851 0.00347154
585.362 0.724865 0.0037181
585.703 0.717713 0.0039759
586.044 0.66324 0.00392739
586.385 0.648752 0.00369511
586.726 0.66921 0.00356881
587.067 0.726785 0.00378844
587.408 0.714144 0.00397548
587.749 0.699024 0.00411854
588.09 0.695318 0.00428822
588.431 0.706215 0.00454369
588.772 0.689285 0.00472447
589.113 0.658904 0.00457143
589.453 0.682493 0.0046307
589.794 0.707107 0.00481138
590.134 0.709478 0.00506046
590.475 0.684028 0.0051295
590.815 0.669265 0.00506336
591.156 0.687865 0.00512354
591.496 0.666507 0.00499596
591.837 0.611131 0.00414957
592.177 0.659308 0.00389476
592.517 0.695201 0.0037505
592.857 0.732581 0.00399728
593.198 0.715 0.00418093
593.538 0.721401 0.00460556
593.878 0.672687 0.00468371
594.218 0.65164 0.00451842
594.558 0.66397 0.00436285
594.898 0.706077 0.0045597
595.237 0.717093 0.00483626
595.577 0.699293 0.00509988
595.917 0.693062 0.00537121
596.257 0.647645 0.00507735
596.596 0.66615 0.00500824
596.936 0.68871 0.0049335
597.276 0.709033 0.00519328
597.615 0.670769 0.00505031
597.955 0.617923 0.00435382
598.294 0.677483 0.00418362
598.633 0.703299 0.00421561
598.973 0.717812 0.00442122
599.312 0.670576 0.0042958
599.651 0.68951 0.00434756
599.991 0.699627 0.00449482
600.33 0.687828 0.00450446
600.669 0.694564 0.00466224
601.008 0.696106 0.00480697
601.347 0.69574 0.00500789
601.686 0.659832 0.00478502
602.025 0.694981 0.00490997
602.364 0.654052 0.0045717
602.702 0.688473 0.00460251
603.041 0.692401 0.00459304
603.38 0.706811 0.00481167
603.719 0.699289 0.00502639
604.057 0.683571 0.00514735
604.396 0.670727 0.00510316
604.734 0.656315 0.0049277
605.073 0.653136 0.00448961
605.411 0.711781 0.00468915
605.75 0.70554 0.00476185
606.088 0.701829 0.00504714
606.426 0.660316 0.00483825
606.764 0.676268 0.00481395
607.103 0.698741 0.00495396
607.441 0.691889 0.00514866
607.779 0.688805 0.00528469
608.117 0.67991 0.00522474
608.455 0.713398 0.00550748
608.793 0.673209 0.0054965
609.131 0.645394 0.00509209
609.469 0.678181 0.00502888
609.806 0.703483 0.00510309
610.144 0.722984 0.00555169
610.482 0.672428 0.0055112
610.819 0.674785 0.00548855
611.157 0.68271 0.00553972
611.495 0.696154 0.0057749
611.832 0.678365 0.00576783
612.17 0.669531 0.00568912
612.507 0.683724 0.00567306
612.844 0.689788 0.00574343
613.182 0.688553 0.00576889
613.519 0.677449 0.00568964
613.856 0.681801 0.00567125
614.193 0.668075 0.00559468
614.53 0.672423 0.00548
614.867 0.678192 0.00542815
615.205 0.717634 0.00586906
615.541 0.694085 0.00595276
615.878 0.676946 0.00615975
616.215 0.669449 0.00613282
616.552 0.687634 0.00624722
616.889 0.666831 0.00606075
617.226 0.682648 0.00602059
617.562 0.698539 0.00619805
617.899 0.711404 0.00663234
618.235 0.691081 0.00690219
618.572 0.670397 0.00709424
618.908 0.659275 0.00690576
619.245 0.666001 0.00663581
619.581 0.680913 0.00653157
619.918 0.740205 0.007182
620.254 0.734943 0.0080748
620.59 0.65121 0.00794368
620.926 0.63428 0.00741961
621.262 0.678401 0.00725246
621.599 0.709959 0.00728316
621.935 0.694865 0.00723779
622.271 0.67615 0.00687879
622.606 0.69333 0.00675838
622.942 0.715042 0.00694719
623.278 0.702639 0.00715455
623.614 0.64448 0.0065901
623.95 0.685876 0.00668977
624.285 0.689757 0.00678634
624.621 0.719219 0.0072955
624.957 0.687085 0.00739482
625.292 0.690132 0.00757654
625.628 0.706016 0.00796
625.963 0.672601 0.00787012
626.299 0.666268 0.00769375
626.634 0.684154 0.00766075
626.969 0.706261 0.00787374
627.304 0.73925 0.00857874
627.64 0.692137 0.00896186
627.975 0.648986 0.00871835
628.31 0.654876 0.00834774
628.645 0.6917 0.00824029
628.98 0.706771 0.00847077
629.315 0.692826 0.00849469
629.65 0.672495 0.0084509
629.985 0.680444 0.00850903
630.319 0.707321 0.00902325
630.654 0.684177 0.00903248
630.989 0.681559 0.00895778
631.323 0.698148 0.00924264
631.658 0.71081 0.00959697
631.993 0.692023 0.009909
632.327 0.672338 0.0098544
632.662 0.681012 0.00989731
632.996 0.686548 0.00980369
633.33 0.708102 0.00986461
633.665 0.711624 0.0100605
633.999 0.688909 0.010171
634.333 0.693923 0.0103414
634.667 0.677391 0.0102244
635.001 0.680978 0.00996206
635.335 0.674661 0.00961345
635.669 0.676117 0.00923419
636.003 0.699707 0.00939836
636.337 0.709621 0.0098374
636.671 0.694982 0.0102129
637.005 0.687677 0.0105855
637.339 0.665951 0.0104519
637.672 0.657894 0.0101199
638.006 0.689187 0.0100914
638.339 0.704595 0.0101836
638.673 0.706766 0.0105536
639.006 0.693195 0.0107013
639.34 0.682059 0.0107255
639.673 0.689269 0.0108879
640.007 0.688479 0.0108968
640.34 0.692432 0.0110315
640.673 0.696757 0.0113047
641.006 0.689058 0.0113609
641.34 0.702126 0.0115576
641.673 0.703935 0.0118527
642.006 0.693535 0.0119847
642.339 0.683803 0.0117629
642.672 0.709836 0.011878
643.004 0.70314 0.0118724
643.337 0.7063 0.0121538
643.67 0.686911 0.0120995
644.003 0.663632 0.0116905
644.336 0.705822 0.0121289
644.668 0.708351 0.0121852
645.001 0.703286 0.0122903
645.333 0.716995 0.0125942
645.666 0.708321 0.0128733
645.998 0.693716 0.0130586
646.331 0.683906 0.0129717
646.663 0.677095 0.0128885
646.995 0.660848 0.0121052
647.327 0.657185 0.0112859
647.66 0.686135 0.0107082
647.992 0.692516 0.0104772
648.324 0.703355 0.0104645
648.656 0.691794 0.0105092
648.988 0.708364 0.0109766
649.32 0.711164 0.0116194
649.652 0.672316 0.0119723
649.983 0.665407 0.0122271
650.315 0.679759 0.0125397
650.647 0.670448 0.0122462
650.979 0.660281 0.0116423
651.31 0.674339 0.0113308
651.642 0.675539 0.0109269
651.973 0.694421 0.0110404
652.305 0.681933 0.010933
652.636 0.682736 0.0109912
652.967 0.68938 0.0113528
653.299 0.661237 0.0113155
653.63 0.654348 0.0113103
653.961 0.639011 0.0106418
654.292 0.5701 0.00840167
654.623 0.308374 0.00256365
654.955 0.900939 0.00343501
655.286 0.900884 0.00343479
655.616 0.900828 0.00343458
655.947 0.900771 0.00343436
656.278 0.900713 0.00343414
656.609 0.691541 0.00300899
656.94 0.454999 0.00306949
657.27 0.403986 0.00342705
657.601 0.435395 0.00407694
657.932 0.503421 0.00521395
658.262 0.569454 0.00676963
658.593 0.636996 0.00873956
658.923 0.677845 0.0107776
659.254 0.682284 0.0120446
659.584 0.695705 0.0130656
659.914 0.675131 0.0134663
660.244 0.692102 0.0140992
660.575 0.687683 0.0141412
660.905 0.696411 0.0142327
661.235 0.705585 0.0141375
661.565 0.702301 0.013938
661.895 0.703408 0.0139132
662.225 0.723929 0.0143175
662.555 0.703758 0.0142406
662.884 0.700332 0.0141954
663.214 0.677036 0.0136921
663.544 0.697518 0.0137111
663.873 0.714784 0.0138599
664.203 0.679656 0.013107
664.533 0.713186 0.0133205
664.862 0.706965 0.0130697
665.192 0.725305 0.0134734
665.521 0.724815 0.0140617
665.85 0.691685 0.0143363
666.18 0.711579 0.0150806
666.509 0.677092 0.0146539
666.838 0.685052 0.0146763
667.167 0.704317 0.0146347
667.496 0.701846 0.0146873
667.825 0.696929 0.0145597
668.154 0.692587 0.014559
668.483 0.689977 0.0145559
668.812 0.713156 0.0144783
669.141 0.704529 0.0142643
669.47 0.697763 0.013854
669.798 0.704012 0.0140177
670.127 0.722802 0.014539
670.456 0.665284 0.0133895
670.784 0.65076 0.0119325
671.113 0.680433 0.011127
671.441 0.691293 0.0104619
671.77 0.722376 0.0107494
672.098 0.720167 0.0111198
672.426 0.742866 0.0123667
672.755 0.671476 0.0125959
673.083 0.657216 0.0128493
673.411 0.67811 0.0131583
673.739 0.69359 0.0133936
674.067 0.686424 0.013746
674.395 0.682993 0.0140546
674.723 0.676431 0.0135957
675.051 0.688932 0.0135698
675.379 0.710093 0.0138264
675.706 0.722215 0.0139263
676.034 0.700407 0.0139904
676.362 0.696186 0.0141954
676.689 0.652442 0.0130467
677.017 0.66291 0.0121778
677.344 0.684934 0.0118457
677.672 0.73482 0.0122913
677.999 0.713386 0.0124783
678.327 0.68065 0.0119933
678.654 0.663601 0.0112179
678.981 0.672511 0.0109775
679.308 0.692417 0.0110794
679.636 0.713453 0.0116627
679.963 0.715191 0.0122505
680.29 0.688851 0.0123834
680.617 0.680194 0.0120874
680.944 0.68227 0.0118706
681.271 0.707185 0.0121377
681.597 0.712438 0.0128922
681.924 0.698144 0.0136423
682.251 0.666704 0.013681
682.578 0.659824 0.0130035
682.904 0.667742 0.012253
683.231 0.687326 0.0118648
683.557 0.688051 0.0115461
683.884 0.690749 0.0113113
684.21 0.674063 0.0108242
684.536 0.65858 0.0103294
684.863 0.693954 0.0104744
685.189 0.690813 0.0104825
685.515 0.716088 0.011139
685.841 0.685848 0.0113501
686.167 0.653721 0.0112481
686.493 0.662177 0.0110628
686.819 0.677213 0.0112483
687.145 0.712488 0.0119378
687.471 0.702303 0.012694
687.797 0.691631 0.0132353
688.123 0.660278 0.0128163
688.448 0.660341 0.0126188
688.774 0.670131 0.0122136
689.1 0.700548 0.0126183
689.425 0.711478 0.013168
689.751 0.681192 0.0131474
690.076 0.65458 0.012445
690.402 0.652487 0.011569
690.727 0.704386 0.0115931
691.052 0.716287 0.011823
691.377 0.717168 0.0122647
691.703 0.700776 0.0123711
692.028 0.695535 0.0125213
692.353 0.674287 0.0119741
692.678 0.690748 0.0121128
693.003 0.696554 0.0123387
693.328 0.714921 0.0135573
693.652 0.696342 0.0141888
693.977 0.645391 0.0135355
694.302 0.640116 0.0128201
694.627 0.677178 0.0127029
694.951 0.738813 0.0136881
695.276 0.751603 0.0149035
695.6 0.679841 0.0148413
695.925 0.605227 0.0127398
696.249 0.664383 0.0116839
696.574 0.686877 0.0109513
696.898 0.748876 0.0116897
697.222 0.714499 0.0120492
697.546 0.681223 0.0122855
697.871 0.67267 0.0125976
698.195 0.700693 0.0130027
698.519 0.686605 0.0131193
698.843 0.688898 0.0134517
699.167 0.694203 0.0140108
699.491 0.687472 0.0144373
699.814 0.684933 0.0147586
700.138 0.692531 0.0148046
700.462 0.693022 0.0149406
700.786 0.690217 0.0149322
701.109 0.65247 0.014195
701.433 0.666624 0.01375
701.756 0.674606 0.0133927
702.08 0.714934 0.0136992
702.403 0.694485 0.013621
702.726 0.697664 0.0142108
703.05 0.69369 0.0146469
703.373 0.703961 0.0150508
703.696 0.683423 0.0148083
704.019 0.709508 0.0155528
704.342 0.695077 0.0158678
704.665 0.686486 0.0163554
704.988 0.684524 0.0165219
705.311 0.666351 0.0155519
705.634 0.660177 0.0141416
705.957 0.670696 0.0127426
706.28 0.691675 0.0119282
706.602 0.721953 0.0118
706.925 0.707098 0.0117873
707.247 0.717507 0.0123228
707.57 0.6909 0.012665
707.892 0.662163 0.0127022
708.215 0.696088 0.0136164
708.537 0.681541 0.0140264
708.859 0.690501 0.0143924
709.182 0.682103 0.0142259
709.504 0.664854 0.0135379
709.826 0.684268 0.0134506
710.148 0.702719 0.0137259
710.47 0.713887 0.0141834
710.792 0.698962 0.0144613
711.114 0.686132 0.0147597
711.436 0.697318 0.0153969
711.758 0.687067 0.0150932
712.079 0.687721 0.0149111
712.401 0.674289 0.0142885
712.723 0.679337 0.0136374
713.044 0.673098 0.0129316
713.366 0.68892 0.0127337
713.687 0.699619 0.0127872
714.009 0.708664 0.0133193
714.33 0.696159 0.0134335
714.652 0.691553 0.0137908
714.973 0.693617 0.0142549
715.294 0.706448 0.0150394
715.615 0.708475 0.0159848
715.936 0.689018 0.0161744
716.257 0.669284 0.0162174
716.578 0.68564 0.0165139
716.899 0.693998 0.0163898
717.22 0.662184 0.0149382
717.541 0.689888 0.0148443
717.862 0.699826 0.0146079
718.182 0.695819 0.0147908
718.503 0.685348 0.0142902
718.824 0.707216 0.0147055
719.144 0.702486 0.0148307
719.465 0.71999 0.0154268
719.785 0.672777 0.0147931
720.105 0.675438 0.0144064
720.426 0.678491 0.0143101
720.746 0.714713 0.0148971
721.066 0.68231 0.0146232
721.386 0.686305 0.0148379
721.706 0.699817 0.0153897
722.026 0.684143 0.0153966
722.346 0.6904 0.0157496
722.666 0.692686 0.0156574
722.986 0.679947 0.0151872
723.306 0.691206 0.0153643
723.626 0.714721 0.0159154
723.946 0.687158 0.0156259
724.265 0.651856 0.0145921
724.585 0.678997 0.0141289
724.904 0.700085 0.0139411
725.224 0.713572 0.0141988
725.543 0.686634 0.0139082
725.863 0.688375 0.0139451
726.182 0.708892 0.0145079
726.501 0.707182 0.0150702
726.82 0.691288 0.0150238
727.14 0.672022 0.0142707
727.459 0.681731 0.014055
727.778 0.689613 0.0139151
728.097 0.69416 0.0141524
728.416 0.67419 0.0137675
728.734 0.676838 0.0134693
729.053 0.695405 0.0134328
729.372 0.693759 0.0134079
729.691 0.646581 0.0126842
730.009 0.660706 0.0121261
730.328 0.678976 0.0119053
730.647 0.696869 0.0120139
730.965 0.687487 0.0122233
731.283 0.699347 0.0128152
731.602 0.680022 0.0129649
731.92 0.655646 0.0126336
732.238 0.666183 0.0123963
732.557 0.664915 0.012067
732.875 0.683274 0.0121812
733.193 0.654889 0.0112856
733.511 0.694564 0.0111792
733.829 0.68785 0.0112238
734.147 0.713108 0.0121373
734.465 0.693985 0.0126784
734.782 0.645445 0.0122205
735.1 0.670505 0.0122969
735.418 0.686184 0.0123148
735.735 0.657055 0.011972
736.053 0.685645 0.012304
736.371 0.672957 0.0121462
736.688 0.678979 0.0125464
737.005 0.699317 0.0134945
737.323 0.686461 0.0140342
737.64 0.670549 0.0140682
737.957 0.65729 0.0134643
738.274 0.640723 0.0121084
738.592 0.685083 0.0119672
738.909 0.704778 0.0122816
739.226 0.735074 0.0135945
739.543 0.698579 0.0143068
739.86 0.664881 0.0146274
740.176 0.694185 0.0155723
740.493 0.684178 0.0161629
740.81 0.676988 0.0163187
741.127 0.669353 0.0158596
741.443 0.665735 0.0153161
741.76 0.68242 0.0147731
742.076 0.696086 0.0148393
742.393 0.712401 0.0155377
742.709 0.696362 0.0162671
743.025 0.702607 0.0170081
743.342 0.648565 0.0161641
743.658 0.659923 0.0160565
743.974 0.689546 0.0160762
744.29 0.677594 0.015642
744.606 0.694105 0.0161313
744.922 0.707725 0.0164305
745.238 0.692528 0.0162718
745.554 0.696433 0.0165897
745.87 0.672478 0.0164519
746.186 0.665395 0.0159722
746.501 0.671532 0.0154655
746.817 0.689572 0.0155473
747.132 0.724907 0.0168929
747.448 0.697123 0.0174379
747.763 0.666136 0.0171402
748.079 0.630771 0.0160937
748.394 0.66615 0.0153665
748.71 0.676549 0.0144574
749.025 0.661623 0.0133159
749.34 0.665505 0.0130693
749.655 0.671334 0.0132105
749.97 0.695576 0.0139804
750.285 0.666299 0.0138779
750.6 0.649074 0.0135534
750.915 0.645536 0.013011
751.23 0.668592 0.0133638
751.545 0.659686 0.0136633
751.859 0.679224 0.0145441
752.174 0.65088 0.0147586
752.489 0.609623 0.013549
752.803 0.634343 0.013055
753.118 0.677005 0.0132014
753.432 0.666783 0.0133794
753.747 0.688089 0.0141995
754.061 0.639716 0.0134377
754.375 0.635156 0.0128018
754.689 0.650376 0.0125785
755.004 0.653227 0.0123861
755.318 0.644344 0.012147
755.632 0.639402 0.0116113
755.946 0.64681 0.0113739
756.26 0.637276 0.0109011
756.573 0.629215 0.0102206
756.887 0.631722 0.00993929
757.201 0.661999 0.0102052
757.515 0.688622 0.0112544
757.828 0.652141 0.0118138
758.142 0.607404 0.0115389
758.455 0.580153 0.010593
758.769 0.611018 0.010266
759.082 0.637237 0.0102899
759.396 0.645235 0.0101187
759.709 0.644137 0.0100165
760.022 0.643577 0.00995714
760.335 0.664894 0.0105703
760.648 0.654277 0.0111572
760.962 0.649192 0.0119591
761.275 0.611103 0.0123129
761.587 0.593425 0.0124274
761.9 0.624419 0.0128387
762.213 0.603364 0.0122382
762.526 0.62883 0.012036
762.839 0.645645 0.0121419
763.151 0.620391 0.0116073
763.464 0.611543 0.0109367
763.776 0.623633 0.0103274
764.089 0.64945 0.0100952
764.401 0.653012 0.0103942
764.714 0.656772 0.0109625
765.026 0.63934 0.011522
765.338 0.621651 0.0120703
765.65 0.628047 0.0131318
765.962 0.6077 0.0136056
766.275 0.61377 0.0142514
766.587 0.597759 0.0142505
766.898 0.597977 0.0138701
767.21 0.620226 0.0135238
767.522 0.613439 0.0123906
767.834 0.642744 0.0120639
768.146 0.640928 0.0120814
768.457 0.655145 0.0126877
768.769 0.640064 0.0132318
769.08 0.617352 0.013323
769.392 0.601145 0.0127528
769.703 0.625209 0.0123266
770.015 0.631465 0.0118822
770.326 0.641727 0.0118916
770.637 0.641006 0.0122518
770.948 0.659556 0.0132757
771.26 0.628805 0.013871
771.571 0.59709 0.013749
771.882 0.629472 0.014095
772.193 0.635424 0.0138296
772.504 0.615397 0.0138126
772.814 0.637654 0.0146206
773.125 0.644547 0.0149235
773.436 0.614709 0.0149072
773.747 0.644653 0.0157765
774.057 0.63927 0.0161382
774.368 0.644604 0.0162642
774.678 0.653656 0.0167725
774.989 0.658122 0.0173068
775.299 0.641434 0.0175512
775.609 0.625446 0.017341
775.919 0.648882 0.0174713
776.23 0.629225 0.0170043
776.54 0.67118 0.0178377
776.85 0.648622 0.0173868
777.16 0.619423 0.0168817
777.47 0.642447 0.0164366
777.78 0.641163 0.0154728
778.089 0.617027 0.0143378
778.399 0.65318 0.0147122
778.709 0.659088 0.015079
779.019 0.67872 0.016178
779.328 0.61185 0.0163485
779.638 0.583085 0.0160289
779.947 0.583173 0.0150222
780.257 0.579827 0.0134957
780.566 0.636266 0.0134727
780.875 0.639286 0.0135434
781.185 0.636265 0.0141997
781.494 0.618902 0.0145352
781.803 0.599548 0.0143985
782.112 0.613232 0.014955
782.421 0.601971 0.0147122
782.73 0.606248 0.0144644
783.039 0.626442 0.0147304
783.348 0.6477 0.0157202
783.656 0.646962 0.0170829
783.965 0.606264 0.0167694
784.274 0.588268 0.0161644
784.582 0.613213 0.0159689
784.891 0.622324 0.0157837
785.199 0.626917 0.0159461
785.508 0.632112 0.0166421
785.816 0.631867 0.0169274
786.124 0.654612 0.0172111
786.432 0.579116 0.0151822
786.741 0.612638 0.0150383
787.049 0.630453 0.0150706
787.357 0.611645 0.0148111
787.665 0.583155 0.0143922
787.973 0.608356 0.0148436
788.281 0.637669 0.0156791
788.588 0.630761 0.016227
788.896 0.599118 0.016771
789.204 0.59668 0.0172625
789.511 0.622223 0.0179341
789.819 0.614857 0.017911
790.126 0.607621 0.0179414
790.434 0.622407 0.018293
790.741 0.662577 0.0190264
791.049 0.610303 0.018025
791.356 0.656259 0.0191903
791.663 0.687228 0.020639
791.97 0.623958 0.0192694
792.277 0.670332 0.0206242
792.584 0.606778 0.0182414
792.891 0.561339 0.0154212
793.198 0.588471 0.0145309
793.505 0.630066 0.0146364
793.812 0.623069 0.014717
794.119 0.588391 0.0147258
794.425 0.58695 0.0149866
794.732 0.592694 0.0157176
795.038 0.656347 0.0183246
795.345 0.61501 0.0190804
795.651 0.600305 0.0199013
795.958 0.584176 0.0198851
796.264 0.582212 0.019107
796.57 0.586069 0.0180945
796.876 0.631223 0.0182963
797.183 0.646237 0.0189612
797.489 0.633801 0.0195107
797.795 0.618049 0.0194454
798.101 0.660827 0.0203427
798.406 0.619534 0.0195139
798.712 0.645465 0.0201568
799.018 0.631524 0.020644
799.324 0.639227 0.0209401
799.629 0.627271 0.0209451
799.935 0.67505 0.0217673
800.24 0.639368 0.0213356
800.546 0.637993 0.021131
800.851 0.639679 0.022065
801.157 0.628154 0.0221646
801.462 0.65052 0.0228975
801.767 0.636483 0.0228976
802.072 0.624214 0.0218268
802.377 0.631566 0.0212157
802.682 0.636817 0.0207733
802.987 0.60959 0.0204191
803.292 0.653299 0.0223332
803.597 0.650804 0.0226552
803.902 0.651482 0.0227489
804.207 0.634064 0.0218055
804.511 0.629997 0.0213612
804.816 0.62891 0.0206962
805.12 0.580913 0.0184896
805.425 0.604433 0.0177047
805.729 0.665369 0.0184638
806.034 0.629051 0.0185063
806.338 0.6099 0.0189116
806.642 0.634253 0.0200844
806.946 0.576156 0.0190948
807.251 0.588759 0.0193102
807.555 0.598934 0.0194041
807.859 0.603099 0.0193174
808.162 0.605564 0.0194471
808.466 0.638975 0.0207567
808.77 0.626968 0.0210145
809.074 0.594128 0.0209346
809.378 0.607064 0.0216036
809.681 0.648596 0.0227582
809.985 0.640643 0.0224948
810.288 0.670366 0.0226786
810.592 0.670051 0.0234459
810.895 0.637372 0.0229969
811.198 0.625575 0.0232034
811.502 0.671095 0.0255989
811.805 0.626965 0.0243401
812.108 0.651537 0.0254026
812.411 0.643922 0.024034
812.714 0.61104 0.021213
813.017 0.585988 0.0196597
813.32 0.649017 0.0206455
813.623 0.624546 0.0204777
813.926 0.662116 0.0230886
814.228 0.59757 0.0228318
814.531 0.659106 0.0246884
814.833 0.640808 0.0246061
815.136 0.64253 0.0246928
815.438 0.662558 0.0256236
815.741 0.639036 0.0248511
816.043 0.67522 0.0251723
816.345 0.605843 0.0229498
816.648 0.649285 0.0239434
816.95 0.670031 0.0246612
817.252 0.64684 0.0248066
817.554 0.663077 0.0251791
817.856 0.670501 0.0258871
818.158 0.693961 0.0270102
818.46 0.705437 0.0278661
818.761 0.684309 0.0269246
819.063 0.680022 0.0268031
819.365 0.65395 0.0259357
819.666 0.649222 0.0243568
819.968 0.660423 0.0237676
820.269 0.61578 0.0220084
820.571 0.657005 0.0233557
820.872 0.640429 0.0238659
821.173 0.669447 0.0254315
821.475 0.625573 0.0250911
821.776 0.631442 0.0254543
822.077 0.697785 0.026895
822.378 0.650411 0.0255018
822.679 0.694528 0.0270554
822.98 0.6924 0.027485
823.281 0.744292 0.029044
823.581 0.667338 0.0273196
823.882 0.727312 0.0291055
824.183 0.693328 0.0276955
824.483 0.685142 0.0269693
824.784 0.623146 0.0242747
825.084 0.631834 0.0246982
825.385 0.656017 0.02477
825.685 0.646069 0.0254985
825.985 0.704814 0.0273857
826.286 0.69265 0.0270171
826.586 0.626694 0.0248215
826.886 0.645795 0.0250604
827.186 0.619861 0.0242301
827.486 0.670685 0.0261829
827.786 0.641405 0.0265109
828.086 0.703457 0.0281001
828.386 0.596941 0.0249897
828.685 0.683026 0.0267223
828.985 0.677511 0.0275277
829.285 0.660349 0.0272676
829.584 0.683662 0.0278691
829.884 0.644259 0.0279007
830.183 0.691852 0.0291224
830.482 0.763159 0.0317749
830.782 0.732309 0.0314148
831.081 0.80678 0.0348834
831.38 0.773817 0.0334403
831.679 0.686138 0.029312
831.978 0.729545 0.0302126
832.277 0.716727 0.0293834
832.576 0.743559 0.0302537
832.875 0.73109 0.0302326
833.174 0.704909 0.0290374
833.472 0.769215 0.031401
833.771 0.726014 0.0298352
834.07 0.699731 0.0286729
834.368 0.639207 0.0275651
834.667 0.660144 0.0285887
834.965 0.715626 0.0303526
835.263 0.725125 0.0308026
835.562 0.681801 0.0295896
835.86 0.705319 0.0301471
836.158 0.692495 0.0307861
836.456 0.745618 0.0335066
836.754 0.678439 0.0302291
837.052 0.757017 0.0328014
837.35 0.723435 0.0315826
837.648 0.814711 0.0351149
837.946 0.704279 0.0315228
838.243 0.739715 0.0331654
838.541 0.761283 0.0334343
838.839 0.750114 0.031848
839.136 0.736959 0.0321905
839.434 0.772431 0.0328965
839.731 0.668212 0.0296567
840.028 0.819077 0.0350273
840.326 0.734598 0.0317793
840.623 0.738431 0.0327182
840.92 0.747885 0.0331189
841.217 0.86011 0.0370328
841.514 0.814914 0.0350868
841.811 0.726213 0.0325787
842.108 0.763408 0.0335828
842.405 0.797377 0.0346797
842.701 0.676577 0.030922
842.998 0.808252 0.0350775
843.295 0.764353 0.0335323
843.591 0.765099 0.0343232
843.888 0.809991 0.0352473
844.184 0.847997 0.0365689
844.481 0.723014 0.0329276
844.777 0.787281 0.0359178
845.073 0.789733 0.0354283
845.369 0.744223 0.0335983
845.665 0.764342 0.0349332
845.962 0.81776 0.035856
846.258 0.751372 0.0350112
846.553 0.843409 0.0377286
846.849 0.772429 0.0349119
847.145 0.713285 0.0329931
847.441 0.792813 0.0352853
847.737 0.89249 0.0385281
848.032 0.751599 0.0339116
848.328 0.831533 0.0357085
848.623 0.949253 0.0418039
848.919 0.819925 0.0367828
849.214 0.761422 0.0347794
849.509 0.838744 0.0373718
849.805 0.747533 0.0344313
850.1 0.840353 0.0371721
850.395 0.866647 0.038746
850.69 0.778339 0.036516
850.985 0.732143 0.0337225
851.28 0.800194 0.0359591
851.575 0.725058 0.0335992
851.869 0.74453 0.0341902
852.164 0.782911 0.0345357
852.459 0.729281 0.0319937
852.753 0.705685 0.030791
853.048 0.697497 0.0299526
853.342 0.665522 0.0281275
853.637 0.652497 0.0284551
853.931 0.649974 0.028391
854.225 0.679923 0.0292899
854.52 0.686439 0.0294932
854.814 0.688781 0.0303331
855.108 0.744309 0.0329421
855.402 0.710163 0.0314133
855.696 0.759879 0.0332275
855.99 0.774465 0.0333277
856.283 0.715833 0.0318952
856.577 0.7663 0.0328217
856.871 0.723561 0.0316222
857.164 0.692039 0.0317988
857.458 0.765072 0.0342631
857.751 0.704375 0.0320409
858.045 0.827012 0.0364206
858.338 0.713042 0.0323973
858.632 0.804412 0.0359636
858.925 0.835793 0.036547
859.218 0.793498 0.0357813
859.511 0.682911 0.032871
859.804 0.881967 0.0382767
860.097 0.803208 0.0352756
860.39 0.863548 0.0376182
860.683 0.78059 0.0353013
860.976 0.834686 0.0376386
861.268 0.786534 0.0361626
861.561 0.856553 0.0376803
861.854 0.830996 0.037258
862.146 0.82343 0.0375008
862.439 0.763729 0.0353053
862.731 0.765504 0.0355384
863.023 0.757995 0.0345612
863.316 0.740479 0.034718
863.608 0.710887 0.0322614
863.9 0.856882 0.0387741
864.192 0.829612 0.0367582
864.484 0.811664 0.0370742
864.776 0.742769 0.0341093
865.068 0.845256 0.0380715
865.36 0.775295 0.0359488
865.651 0.850081 0.0377073
865.943 0.856014 0.0387571
866.235 0.733157 0.0351971
866.526 0.830334 0.0382221
866.818 0.888176 0.0392006
867.109 0.861613 0.0388979
867.4 0.824414 0.0368163
867.692 0.753393 0.0353678
867.983 0.797413 0.036273
868.274 0.794439 0.0358653
868.565 0.75985 0.0354718
868.856 0.875557 0.0387726
869.147 0.828246 0.0372408
869.438 0.93571 0.0416221
869.729 0.868712 0.0399409
870.02 0.829355 0.0385734
870.31 0.853037 0.0390333
870.601 0.751419 0.0352973
870.892 0.815457 0.0376736
871.182 0.858566 0.0391933
871.473 0.77681 0.0361518
871.763 0.828035 0.0382547
872.053 0.790364 0.0368963
872.343 0.776834 0.0360644
872.634 0.894242 0.0404411
872.924 0.982758 0.0435198
873.214 0.853074 0.0387141
873.504 0.864932 0.0393676
873.794 0.808063 0.0375373
874.084 0.789261 0.0367313
874.373 0.856886 0.0395395
874.663 0.833583 0.0376106
874.953 0.810785 0.0386966
875.242 0.854702 0.0391559
875.532 0.776685 0.0362352
875.821 0.88047 0.040028
876.111 0.809558 0.0372657
876.4 0.79099 0.0361085
876.689 0.762307 0.0355644
876.978 0.879137 0.0391273
877.268 0.806498 0.0373956
877.557 0.833305 0.037973
877.846 0.847832 0.0385215
878.134 0.930881 0.0414072
878.423 0.931052 0.0414149
878.712 0.931223 0.0414225
