178.41 0.522473 0.105405
178.791 0.525781 0.106072
179.172 0.529065 0.106735
179.553 0.716573 0.716573
179.934 0.145104 0.145104
180.316 0.768739 0.768739
180.697 0.605162 0.605162
181.078 0.479567 0.479567
181.459 0.396514 0.396514
181.84 0.293593 0.293593
182.221 0.667511 0.667511
182.602 0.687845 0.687845
182.983 0.755407 0.141352
183.364 0.203124 0.0548584
183.744 0.689625 0.0890525
184.125 0.623682 0.0687777
184.506 0.444365 0.0519734
184.887 0.411069 0.0396766
185.268 0.495818 0.048774
185.648 0.596192 0.0484773
186.029 0.558099 0.0433077
186.41 0.589237 0.0409449
186.791 0.642318 0.0419502
187.171 0.626784 0.0381633
187.552 0.560506 0.0318274
187.932 0.664654 0.0345341
188.313 0.534851 0.0282713
188.694 0.630347 0.0308468
189.074 0.545364 0.0279113
189.455 0.623736 0.03042
189.835 0.657036 0.0299355
190.216 0.608484 0.0289243
190.596 0.639247 0.0287219
190.977 0.629435 0.0285104
191.357 0.654736 0.0295535
191.737 0.612073 0.0284802
192.118 0.68021 0.0285997
192.498 0.650019 0.0279243
192.878 0.641619 0.02819
193.258 0.605935 0.0272408
193.639 0.634388 0.0276166
194.019 0.599349 0.0266707
194.399 0.649597 0.0277469
194.779 0.699816 0.029048
195.159 0.662718 0.0286502
195.54 0.619695 0.0269336
195.92 0.712064 0.0300142
196.3 0.679306 0.029352
196.68 0.694804 0.0298015
197.06 0.725703 0.02979
197.44 0.75893 0.0307888
197.82 0.737822 0.0301869
198.2 0.694586 0.0282443
198.58 0.700206 0.0284463
198.959 0.7163 0.0296455
199.339 0.762367 0.0314304
199.719 0.7286 0.029995
200.099 0.707924 0.02975
200.479 0.656174 0.0275065
200.858 0.727812 0.0301807
201.238 0.654294 0.0277758
201.618 0.692332 0.0291532
201.998 0.719098 0.029951
202.377 0.739327 0.0302914
202.757 0.718302 0.0293883
203.136 0.739013 0.0299389
203.516 0.779015 0.0315303
203.896 0.780941 0.0314049
204.275 0.856642 0.0348996
204.655 0.747009 0.030151
205.034 0.815603 0.0324733
205.414 0.769751 0.0306888
205.793 0.727295 0.0288796
206.172 0.804841 0.0319304
206.552 0.783162 0.0310011
206.931 0.79096 0.0314076
207.31 0.804061 0.0308584
207.69 0.791594 0.0310469
208.069 0.741082 0.0293877
208.448 0.805247 0.0311252
208.827 0.771638 0.0297383
209.207 0.803468 0.0309779
209.586 0.792137 0.0303501
209.965 0.833874 0.0314441
210.344 0.813678 0.0311109
210.723 0.865543 0.0321381
211.102 0.826614 0.0304444
211.481 0.856374 0.0315527
211.86 0.873491 0.0321587
212.239 0.80086 0.0294059
212.618 0.804857 0.0299549
212.997 0.802729 0.0297593
213.376 0.787595 0.0290408
213.755 0.799456 0.0292651
214.134 0.892285 0.0318189
214.513 0.832763 0.0296325
214.891 0.907936 0.0317449
215.27 0.878425 0.0304823
215.649 0.86858 0.0304002
216.028 0.891208 0.0303237
216.406 0.85555 0.0288478
216.785 0.8791 0.0299118
217.164 0.825662 0.0281303
217.542 0.877688 0.0296324
217.921 0.905417 0.0300138
218.3 0.828763 0.0274387
218.678 0.8705 0.0287054
219.057 0.870351 0.0287182
219.435 0.895124 0.0286193
219.814 0.837238 0.0268226
220.192 0.875161 0.0280945
220.57 0.943848 0.0295212
220.949 0.936442 0.0284112
221.327 0.946891 0.028818
221.705 0.978757 0.0286672
222.084 0.944755 0.0278193
222.462 0.990661 0.0281794
222.84 0.943588 0.0271887
223.218 0.96355 0.0272295
223.597 0.970958 0.0268496
223.975 0.974173 0.0266263
224.353 0.997174 0.0267446
224.731 0.949332 0.0251098
225.109 0.990016 0.0258192
225.487 0.973996 0.025135
225.865 0.981487 0.0251972
226.243 0.956203 0.0240822
226.621 0.950426 0.0236451
226.999 0.979068 0.0239114
227.377 0.989444 0.0233698
227.755 0.968721 0.0231704
228.133 1.03909 0.0238836
228.511 1.04463 0.0238261
228.889 1.00212 0.0226542
229.266 0.972376 0.0218486
229.644 1.01074 0.0221316
230.022 1.03845 0.0225148
230.4 1.00142 0.0215108
230.777 0.994839 0.021083
231.155 1.05255 0.0217121
231.533 1.02764 0.0209653
231.91 1.03735 0.0208121
232.288 1.02681 0.02036
232.665 1.0247 0.0201077
233.043 1.05954 0.0202385
233.42 1.02748 0.0196658
233.798 1.05966 0.0199312
234.175 1.04943 0.0195273
234.553 1.06014 0.0194206
234.93 1.05608 0.0191395
235.307 1.06578 0.0191387
235.685 1.06962 0.0188579
236.062 1.07699 0.0186486
236.439 1.07352 0.0185415
236.816 1.09335 0.0183865
237.194 1.10085 0.0184051
237.571 1.09174 0.0180412
237.948 1.08546 0.0178214
238.325 1.10266 0.017899
238.702 1.09688 0.0177305
239.079 1.07572 0.0171304
239.456 1.08488 0.0172079
239.833 1.10499 0.0172165
240.21 1.10008 0.0170562
240.587 1.09973 0.0168418
240.964 1.10534 0.0167713
241.341 1.08371 0.0164626
241.718 1.06966 0.0159626
242.095 1.07947 0.0161664
242.472 1.1007 0.0161756
242.849 1.10103 0.0161946
243.225 1.09328 0.015895
243.602 1.10162 0.0158984
243.979 1.1191 0.0159271
244.356 1.09778 0.0154914
244.732 1.12586 0.0158421
245.109 1.1012 0.015455
245.486 1.1025 0.015225
245.862 1.08665 0.0150292
246.239 1.12327 0.015328
246.615 1.1095 0.0151184
246.992 1.1084 0.0149866
247.368 1.1319 0.0152467
247.745 1.11216 0.0147801
248.121 1.11477 0.0148455
248.497 1.08383 0.0144424
248.874 1.11653 0.014696
249.25 1.10391 0.0143805
249.626 1.13489 0.0146932
250.003 1.12081 0.0144935
250.379 1.10853 0.0141486
250.755 1.10264 0.0140783
251.131 1.1103 0.014142
251.507 1.12295 0.014221
251.884 1.13177 0.0141469
252.26 1.1226 0.014038
252.636 1.09128 0.0136577
253.012 1.08876 0.013602
253.388 1.11798 0.0138378
253.764 1.11721 0.0136995
254.14 1.0935 0.0134827
254.516 1.11538 0.0135796
254.892 1.10723 0.0135562
255.268 1.11229 0.0135088
255.643 1.11292 0.0134556
256.019 1.10634 0.0133894
256.395 1.11761 0.0134495
256.771 1.10273 0.0132498
257.147 1.11528 0.0133106
257.522 1.13739 0.0134049
257.898 1.11375 0.0131874
258.274 1.1349 0.0134542
258.649 1.11929 0.0131955
259.025 1.13467 0.0133447
259.4 1.13103 0.0133188
259.776 1.09657 0.012913
260.151 1.11105 0.0130054
260.527 1.12406 0.013108
260.902 1.12723 0.013111
261.278 1.13692 0.0132223
261.653 1.13483 0.0132214
262.028 1.12412 0.01308
262.404 1.10828 0.0128742
262.779 1.14036 0.0131536
263.154 1.10499 0.0128591
263.53 1.13723 0.0130483
263.905 1.14024 0.0131476
264.28 1.11585 0.0128739
264.655 1.12577 0.0129623
265.03 1.13093 0.0130416
265.405 1.11123 0.012806
265.781 1.11282 0.0128283
266.156 1.12232 0.0129333
266.531 1.1163 0.0128649
266.906 1.10988 0.0127639
267.281 1.12745 0.0129307
267.655 1.12212 0.0129292
268.03 1.12086 0.0129022
268.405 1.10777 0.0128579
268.78 1.13989 0.0130623
269.155 1.10302 0.0127242
269.53 1.13359 0.0130204
269.904 1.13457 0.0130904
270.279 1.14201 0.0131212
270.654 1.11168 0.0128491
271.029 1.12487 0.013017
271.403 1.11416 0.0127999
271.778 1.12518 0.0129511
272.152 1.11495 0.0128873
272.527 1.12844 0.0130333
272.901 1.14032 0.0130752
273.276 1.10735 0.0127812
273.65 1.11904 0.0129036
274.025 1.11694 0.0128611
274.399 1.09541 0.0127681
274.774 1.11305 0.0128569
275.148 1.10549 0.0127526
275.522 1.09044 0.0126563
275.897 1.10106 0.0128157
276.271 1.11061 0.0129456
276.645 1.10437 0.0128071
277.019 1.10575 0.0128525
277.393 1.08238 0.0125751
277.768 1.09564 0.0128167
278.142 1.11069 0.0129141
278.516 1.12117 0.0130268
278.89 1.10904 0.0129118
279.264 1.10342 0.0129496
279.638 1.10816 0.0129263
280.012 1.09265 0.0128626
280.386 1.11475 0.0130413
280.76 1.09461 0.0128914
281.133 1.11271 0.0130492
281.507 1.09699 0.0129632
281.881 1.08336 0.012764
282.255 1.0962 0.0129261
282.629 1.09418 0.0130374
283.002 1.09784 0.0131781
283.376 1.10593 0.0131112
283.75 1.08316 0.0129656
284.123 1.08282 0.012964
284.497 1.09648 0.0131014
284.87 1.08982 0.0131155
285.244 1.08626 0.0130633
285.618 1.08503 0.0131194
285.991 1.08121 0.0131289
286.364 1.07091 0.0130678
286.738 1.07577 0.0131359
287.111 1.06858 0.0130512
287.485 1.08213 0.0132411
287.858 1.0581 0.01312
288.231 1.05594 0.0130741
288.605 1.06921 0.0132272
288.978 1.07364 0.0133713
289.351 1.06943 0.0133146
289.724 1.05548 0.013317
290.097 1.03727 0.013214
290.47 1.04879 0.0133483
290.843 1.06045 0.0135239
291.217 1.0463 0.013382
291.59 1.043 0.0134927
291.963 1.03731 0.0134561
292.336 1.03105 0.0134557
292.708 1.04976 0.0136555
293.081 1.05115 0.0137774
293.454 1.03108 0.0136305
293.827 1.02819 0.0136093
294.2 1.00498 0.0134882
294.573 1.0262 0.0137238
294.945 1.01168 0.013744
295.318 1.01576 0.0137267
295.691 1.00217 0.0137488
296.064 1.00283 0.0137794
296.436 1.00213 0.0139439
296.809 0.995552 0.0138409
297.181 0.990424 0.0139062
297.554 0.975942 0.0137494
297.926 0.971945 0.0137517
298.299 0.97882 0.0139314
298.671 0.969976 0.0137876
299.044 0.965803 0.0139806
299.416 0.949737 0.0137838
299.788 0.940341 0.0138142
300.161 0.928623 0.0136859
300.533 0.921323 0.0137309
300.905 0.921749 0.0136687
301.278 0.907873 0.0136361
301.65 0.900924 0.0134892
302.022 0.901703 0.0136697
302.394 0.874562 0.0135799
302.766 0.866922 0.0133375
303.138 0.852024 0.0132395
303.51 0.845979 0.0132235
303.882 0.813865 0.0129356
304.254 0.810287 0.0129124
304.626 0.787275 0.0125997
304.998 0.780737 0.0125607
305.37 0.773497 0.0126138
305.742 0.755249 0.012517
306.114 0.729102 0.0121273
306.485 0.709111 0.0118783
306.857 0.698591 0.0117688
307.229 0.691271 0.0117441
307.601 0.670741 0.0116457
307.972 0.658518 0.0114714
308.344 0.645445 0.0113911
308.716 0.631216 0.0112528
309.087 0.648042 0.0115048
309.459 0.610311 0.0111089
309.83 0.606339 0.0111044
310.202 0.586542 0.0108965
310.573 0.578194 0.0107906
310.945 0.57548 0.0108053
311.316 0.562039 0.0107238
311.687 0.550903 0.0106129
312.059 0.536874 0.0104034
312.43 0.529305 0.0103646
312.801 0.503689 0.00994321
313.172 0.489588 0.009778
313.544 0.46345 0.00942144
313.915 0.455089 0.00914352
314.286 0.430752 0.00877983
314.657 0.411353 0.00841444
315.028 0.40233 0.00818831
315.399 0.381057 0.00784204
315.77 0.352905 0.00734139
316.141 0.34707 0.00720621
316.512 0.334346 0.00692963
316.883 0.332813 0.00682606
317.254 0.312548 0.00649253
317.625 0.307826 0.00636487
317.996 0.304784 0.00623164
318.366 0.305153 0.00619143
318.737 0.30262 0.00606599
319.108 0.30255 0.00601279
319.478 0.311045 0.00608429
319.849 0.314513 0.00607136
320.22 0.319444 0.00609566
320.59 0.329366 0.00619806
320.961 0.336873 0.00622355
321.331 0.347885 0.00633279
321.702 0.368852 0.0065534
322.072 0.377712 0.00666945
322.443 0.401103 0.00688025
322.813 0.421654 0.00708152
323.184 0.445264 0.00729337
323.554 0.460379 0.00746142
323.924 0.480725 0.00761001
324.295 0.502934 0.00780533
324.665 0.538238 0.00813341
325.035 0.55209 0.00820062
325.405 0.580516 0.00846358
325.775 0.620613 0.00875922
326.145 0.629582 0.00882068
326.515 0.659064 0.00902907
326.886 0.69131 0.00928367
327.256 0.721387 0.0095351
327.626 0.73688 0.0096741
327.995 0.750957 0.00974677
328.365 0.781054 0.0100052
328.735 0.807682 0.0102258
329.105 0.8456 0.0105369
329.475 0.874106 0.0107394
329.845 0.877112 0.0105011
330.215 0.90351 0.0105
330.584 0.914064 0.0103018
330.954 0.921023 0.0100842
331.324 0.941798 0.010046
331.693 0.962697 0.010108
332.063 1.00564 0.0103002
332.432 1.05074 0.0105992
332.802 1.08788 0.0109284
333.171 1.14063 0.0113252
333.541 1.17063 0.0116359
333.91 1.21412 0.0120473
334.28 1.25263 0.0123096
334.649 1.29899 0.0126557
335.018 1.33222 0.0128578
335.388 1.36139 0.0130357
335.757 1.40491 0.0133312
336.126 1.45738 0.0137952
336.495 1.49914 0.0139818
336.865 1.54367 0.0143529
337.234 1.58437 0.0146479
337.603 1.6223 0.014821
337.972 1.66416 0.01516
338.341 1.69681 0.0153686
338.71 1.73292 0.0155535
339.079 1.77296 0.0158392
339.448 1.80441 0.0159836
339.817 1.80927 0.0160138
340.186 1.81357 0.0159597
340.554 1.85178 0.0162531
340.923 1.89549 0.0163936
341.292 1.89573 0.0164323
341.661 1.89028 0.0163329
342.029 1.91697 0.0164165
342.398 1.90979 0.0163439
342.767 1.88481 0.0160945
343.135 1.884 0.0159933
343.504 1.89588 0.0160347
343.872 1.86062 0.0156959
344.241 1.86113 0.0156328
344.609 1.87587 0.0157364
344.978 1.8207 0.0152149
345.346 1.81825 0.015064
345.715 1.80007 0.0149241
346.083 1.77011 0.0146908
346.451 1.76443 0.0145991
346.82 1.73915 0.0143479
347.188 1.70974 0.0140615
347.556 1.69222 0.013907
347.924 1.68536 0.0138073
348.292 1.64493 0.0134748
348.66 1.64133 0.0134186
349.028 1.62873 0.0133169
349.396 1.59056 0.0130185
349.764 1.56654 0.0127289
350.132 1.56889 0.0127711
350.5 1.55548 0.0126224
350.868 1.54051 0.0125423
351.236 1.51345 0.0123064
351.604 1.50346 0.0122282
351.972 1.48397 0.0120105
352.34 1.45996 0.0119158
352.707 1.4709 0.0118904
353.075 1.46204 0.0118239
353.443 1.44036 0.0116672
353.81 1.42539 0.0115439
354.178 1.42205 0.0115097
354.545 1.40295 0.0113214
354.913 1.39082 0.011221
355.28 1.35222 0.0109619
355.648 1.35755 0.0109459
356.015 1.35097 0.010873
356.383 1.32039 0.0106734
356.75 1.31665 0.0106288
357.117 1.31912 0.0106296
357.485 1.30605 0.0105012
357.852 1.28411 0.0103663
358.219 1.27264 0.0102393
358.586 1.25917 0.0101474
358.954 1.2599 0.010126
359.321 1.24314 0.0100175
359.688 1.23439 0.0099591
360.055 1.21734 0.00982421
360.422 1.20678 0.00971392
360.789 1.21344 0.00978995
361.156 1.20608 0.00973319
361.523 1.19416 0.00965098
361.89 1.19049 0.00961844
362.256 1.17603 0.00947383
362.623 1.1734 0.00949736
362.99 1.16634 0.0094278
363.357 1.16981 0.00947929
363.724 1.16594 0.00941006
364.09 1.15905 0.00935701
364.457 1.14942 0.00930556
364.823 1.13984 0.00920864
365.19 1.12308 0.0091067
365.557 1.126 0.00909872
365.923 1.12667 0.00911037
366.29 1.12675 0.00909024
366.656 1.11866 0.00903987
367.022 1.10923 0.00895442
367.389 1.11467 0.00900397
367.755 1.09225 0.00886992
368.121 1.09342 0.00889203
368.488 1.0889 0.00883246
368.854 1.09098 0.00885007
369.22 1.09334 0.00892462
369.586 1.0844 0.00889941
369.952 1.07831 0.0088581
370.318 1.07985 0.00892284
370.684 1.08475 0.00892992
371.051 1.06738 0.0088097
371.416 1.06769 0.00881451
371.782 1.06485 0.00880094
372.148 1.0583 0.00876508
372.514 1.06129 0.00879701
372.88 1.05086 0.0087524
373.246 1.04586 0.00870549
373.612 1.04088 0.00866508
373.977 1.04245 0.00865883
374.343 1.0536 0.00868964
374.709 1.0417 0.00858059
375.074 1.04257 0.00859854
375.44 1.03679 0.00858498
375.806 1.02864 0.00854506
376.171 1.02482 0.00853656
376.537 1.02711 0.00851824
376.902 1.03681 0.00858798
377.268 1.03666 0.00853286
377.633 1.02349 0.00845995
377.998 1.03142 0.00847617
378.364 1.02304 0.00837301
378.729 1.01819 0.00833788
379.094 1.02205 0.00834764
379.459 1.01394 0.00837964
379.825 1.01151 0.00842147
380.19 1.00724 0.00836894
380.555 1.00904 0.00841721
380.92 1.00821 0.00848278
381.285 1.01101 0.00851555
381.65 1.01314 0.00850447
382.015 1.00087 0.00839361
382.38 1.00675 0.00844089
382.745 1.00152 0.00847448
383.11 0.99912 0.00848291
383.474 0.998374 0.00845209
383.839 0.997001 0.0084388
384.204 0.985884 0.00837507
384.569 0.99946 0.00851409
384.933 0.996661 0.00849534
385.298 0.987856 0.00846972
385.663 0.977328 0.00840207
386.027 0.984395 0.00842425
386.392 0.985503 0.00843589
386.756 0.972578 0.00830836
387.121 0.981059 0.00830178
387.485 0.979741 0.00828012
387.849 0.975953 0.00818452
388.214 0.974167 0.00823227
388.578 0.978896 0.0082909
388.942 0.979114 0.00836725
389.307 0.980173 0.00839258
389.671 0.97285 0.0083597
390.035 0.969621 0.00830147
390.399 0.959704 0.00824551
390.763 0.962021 0.00821713
391.127 0.96496 0.00817947
391.492 0.955458 0.00803498
391.856 0.960668 0.00801077
392.219 0.955831 0.00785195
392.583 0.961264 0.0078732
392.947 0.952227 0.00790101
393.311 0.956553 0.00803412
393.675 0.950582 0.00806455
394.039 0.949856 0.00811307
394.403 0.94688 0.00810544
394.766 0.951023 0.0081223
395.13 0.9446 0.00812191
395.494 0.930154 0.00804297
395.857 0.939035 0.00807421
396.221 0.94586 0.00810175
396.584 0.939792 0.00800333
396.948 0.934914 0.00790762
397.311 0.925992 0.00773034
397.675 0.927847 0.00765664
398.038 0.920561 0.00759047
398.401 0.929348 0.00771237
398.765 0.920815 0.00773314
399.128 0.923815 0.00784326
399.491 0.91859 0.00791839
399.854 0.915672 0.00795241
400.218 0.913279 0.00795076
400.581 0.915391 0.00797278
400.944 0.911115 0.00796119
401.307 0.91246 0.00803998
401.67 0.912359 0.00807939
402.033 0.899196 0.00799045
402.396 0.90114 0.00802464
402.759 0.895434 0.00799123
403.122 0.89998 0.00798316
403.485 0.89549 0.00793282
403.847 0.89803 0.00793049
404.21 0.888654 0.00784154
404.573 0.893128 0.0077976
404.936 0.883538 0.00768293
405.298 0.887009 0.00772897
405.661 0.8951 0.00788885
406.023 0.887366 0.00793468
406.386 0.89411 0.00806068
406.749 0.878407 0.00800507
407.111 0.880033 0.0080371
407.473 0.879379 0.00798902
407.836 0.885797 0.00794339
408.198 0.875996 0.00781197
408.561 0.883809 0.00785403
408.923 0.859435 0.00772596
409.285 0.867977 0.0077696
409.647 0.861671 0.00774558
410.009 0.871689 0.00787616
410.372 0.875447 0.00793548
410.734 0.860132 0.00789755
411.096 0.873294 0.00797135
411.458 0.858693 0.0078528
411.82 0.854872 0.00779125
412.182 0.864551 0.00780187
412.544 0.867021 0.00781694
412.906 0.865261 0.00777975
413.267 0.853448 0.00771007
413.629 0.851772 0.0077437
413.991 0.854541 0.0078145
414.353 0.854403 0.00783229
414.714 0.853292 0.00789216
415.076 0.859309 0.00795056
415.438 0.85468 0.00791356
415.799 0.841602 0.00779382
416.161 0.863328 0.0079791
416.522 0.845264 0.00789713
416.884 0.84869 0.00794391
417.245 0.838093 0.00784855
417.607 0.845266 0.00793002
417.968 0.840916 0.00793269
418.329 0.856863 0.00798312
418.691 0.84759 0.00793326
419.052 0.859823 0.00799053
419.413 0.845252 0.00787754
419.774 0.8442 0.00782247
420.135 0.841881 0.00768333
420.497 0.836582 0.00751195
420.858 0.838443 0.00741868
421.219 0.838713 0.00735213
421.58 0.833364 0.00734218
421.941 0.834999 0.00745427
422.302 0.827846 0.00754304
422.662 0.833481 0.00763078
423.023 0.838704 0.00776884
423.384 0.825495 0.00770477
423.745 0.836361 0.00774461
424.106 0.839365 0.00777108
424.466 0.845267 0.00775793
424.827 0.831394 0.00767717
425.187 0.824528 0.00775817
425.548 0.834803 0.00790435
425.909 0.833863 0.00799082
426.269 0.835075 0.00799479
426.63 0.834369 0.00795328
426.99 0.829257 0.00781055
427.35 0.831283 0.00785389
427.711 0.830778 0.00784184
428.071 0.847956 0.00791668
428.431 0.834174 0.00775148
428.792 0.823352 0.00746465
429.152 0.827673 0.00722558
429.512 0.822763 0.00707905
429.872 0.827687 0.00710182
430.232 0.827701 0.00715412
430.592 0.821531 0.00725322
430.952 0.837412 0.00758458
431.312 0.824024 0.00767801
431.672 0.824901 0.00791233
432.032 0.824695 0.0079422
432.392 0.831793 0.00796152
432.752 0.830358 0.0077377
433.111 0.829118 0.00739688
433.471 0.822993 0.00729031
433.831 0.823436 0.00744354
434.19 0.838447 0.00774849
434.55 0.843729 0.00776583
434.91 0.828568 0.00776228
435.269 0.82207 0.00768536
435.629 0.821217 0.0076532
435.988 0.826744 0.00763193
436.348 0.819039 0.0075806
436.707 0.827236 0.00778364
437.066 0.8272 0.00784254
437.426 0.828468 0.00783635
437.785 0.821954 0.00774997
438.144 0.822722 0.00769879
438.503 0.815108 0.00769358
438.862 0.820159 0.00775687
439.222 0.806953 0.00774036
439.581 0.821516 0.00789335
439.94 0.82067 0.00788912
440.299 0.817289 0.00771451
440.658 0.813249 0.00743156
441.017 0.822155 0.00735054
441.376 0.814332 0.00729013
441.734 0.8226 0.00742696
442.093 0.826196 0.00753274
442.452 0.81634 0.00749483
442.811 0.806198 0.00735845
443.169 0.821271 0.00741039
443.528 0.82566 0.00753894
443.887 0.827431 0.00758874
444.245 0.816731 0.00753544
444.604 0.82005 0.00763076
444.962 0.824616 0.00772063
445.321 0.822133 0.0077185
445.679 0.807239 0.00761655
446.038 0.812584 0.00759618
446.396 0.827865 0.00773098
446.754 0.820311 0.00780614
447.112 0.819421 0.00780378
447.471 0.82133 0.00789416
447.829 0.807386 0.00787087
448.187 0.821789 0.00797699
448.545 0.815867 0.00789435
448.903 0.818668 0.00794382
449.261 0.819927 0.00794367
449.619 0.809192 0.00791499
449.977 0.811668 0.00794464
450.335 0.812747 0.00803977
450.693 0.820898 0.00815554
451.051 0.817463 0.00812265
451.409 0.814172 0.00815401
451.766 0.813836 0.00811677
452.124 0.817947 0.00821398
452.482 0.816071 0.00829277
452.839 0.825317 0.00849062
453.197 0.822376 0.00850068
453.555 0.817128 0.00849465
453.912 0.820623 0.00856775
454.27 0.815708 0.0084846
454.627 0.81632 0.0083349
454.984 0.813572 0.0082643
455.342 0.815284 0.00830237
455.699 0.813655 0.00841678
456.056 0.821521 0.00851456
456.414 0.819405 0.0084744
456.771 0.817637 0.0083392
457.128 0.825101 0.00830428
457.485 0.813932 0.00818063
457.842 0.807746 0.00815355
458.199 0.822827 0.00825405
458.556 0.816587 0.00816042
458.913 0.817203 0.00816824
459.27 0.80898 0.00804791
459.627 0.828218 0.00820595
459.984 0.82483 0.00823837
460.341 0.810168 0.00813502
460.697 0.816418 0.00821774
461.054 0.815448 0.00829104
461.411 0.820382 0.00855827
461.767 0.822917 0.00877561
462.124 0.818004 0.00878381
462.481 0.807607 0.00865516
462.837 0.805229 0.00851116
463.194 0.810975 0.00833968
463.55 0.812794 0.00838256
463.907 0.814844 0.00825912
464.263 0.812801 0.00811016
464.619 0.814118 0.00801677
464.976 0.808302 0.00776748
465.332 0.820207 0.00779619
465.688 0.821334 0.00786782
466.044 0.811199 0.00807857
466.4 0.814483 0.0082951
466.756 0.813773 0.0084539
467.112 0.811344 0.00849043
467.468 0.805776 0.0084125
467.824 0.808109 0.00845111
468.18 0.812489 0.00854787
468.536 0.819582 0.00868593
468.892 0.813425 0.00875633
469.248 0.823614 0.00888253
469.604 0.816049 0.00886169
469.959 0.808448 0.00882181
470.315 0.814304 0.00891686
470.671 0.813582 0.00891172
471.026 0.812038 0.00888487
471.382 0.813652 0.00879842
471.737 0.799105 0.00863016
472.093 0.805942 0.00855725
472.448 0.806446 0.00843608
472.804 0.808755 0.00831098
473.159 0.80386 0.00822663
473.514 0.805188 0.00816468
473.87 0.817273 0.00830673
474.225 0.816805 0.00812307
474.58 0.812465 0.00788004
474.935 0.812754 0.00778054
475.29 0.812332 0.00781926
475.645 0.811664 0.00791239
476 0.8204 0.00802051
476.355 0.809612 0.00796451
476.71 0.819099 0.00811254
477.065 0.813416 0.00797735
477.42 0.811945 0.00782015
477.775 0.806118 0.00766315
478.13 0.803402 0.00765863
478.485 0.815846 0.00774356
478.839 0.805654 0.0076817
479.194 0.806483 0.0075343
479.549 0.806666 0.0073972
479.903 0.8085 0.0073138
480.258 0.806058 0.00732902
480.612 0.813 0.00742256
480.967 0.813418 0.00727403
481.321 0.807677 0.0071393
481.675 0.802901 0.00717003
482.03 0.807944 0.00734357
482.384 0.820243 0.0075453
482.738 0.811197 0.00745063
483.093 0.804352 0.00740261
483.447 0.806365 0.007268
483.801 0.812909 0.00712689
484.155 0.801756 0.00689817
484.509 0.810869 0.00683017
484.863 0.80807 0.00513992
485.217 0.806884 0.0039775
485.571 0.799923 0.00364251
485.925 0.793431 0.00391816
486.279 0.823818 0.00497551
486.632 0.832707 0.00588153
486.986 0.820692 0.0063642
487.34 0.806992 0.0067568
487.694 0.798823 0.0070019
488.047 0.814161 0.00729612
488.401 0.812151 0.00726871
488.754 0.817037 0.0073375
489.108 0.806917 0.00733209
489.461 0.812785 0.00744067
489.815 0.811633 0.00751531
490.168 0.815786 0.00757086
490.522 0.814311 0.00750423
490.875 0.811379 0.00745532
491.228 0.811067 0.00747193
491.581 0.81367 0.00750833
491.935 0.812787 0.00745823
492.288 0.814839 0.00755894
492.641 0.807521 0.00745062
492.994 0.806372 0.00743203
493.347 0.80334 0.00736373
493.7 0.801682 0.00731861
494.053 0.814668 0.00737645
494.406 0.812655 0.00738639
494.759 0.812724 0.00759614
495.111 0.811544 0.00760737
495.464 0.814048 0.00737327
495.817 0.808542 0.00703801
496.169 0.805049 0.00696838
496.522 0.809581 0.00722911
496.875 0.800426 0.00749581
497.227 0.816728 0.00779683
497.58 0.816815 0.00787933
497.932 0.80852 0.00776959
498.285 0.804325 0.00766089
498.637 0.812549 0.00762137
498.989 0.8052 0.00740202
499.342 0.799569 0.00729778
499.694 0.796581 0.00736396
500.046 0.820902 0.00770815
500.398 0.810575 0.00761441
500.751 0.809961 0.00743405
501.103 0.815079 0.00746262
501.455 0.813373 0.00738798
501.807 0.802157 0.00734307
502.159 0.811542 0.00739215
502.511 0.814993 0.00743685
502.862 0.805947 0.00736127
503.214 0.799453 0.00739419
503.566 0.810204 0.00756221
503.918 0.806664 0.00771148
504.27 0.803823 0.00771576
504.621 0.812988 0.00777031
504.973 0.810146 0.00781205
505.324 0.81406 0.00784868
505.676 0.802332 0.00765621
506.027 0.810362 0.00763482
506.379 0.809048 0.00771656
506.73 0.804864 0.00792661
507.082 0.809697 0.00801841
507.433 0.809368 0.00797689
507.784 0.803656 0.00773849
508.136 0.813568 0.00789547
508.487 0.805482 0.00785994
508.838 0.804894 0.0080022
509.189 0.81312 0.00807827
509.54 0.815862 0.0080567
509.891 0.817432 0.00807985
510.242 0.800779 0.00799183
510.593 0.81366 0.00807163
510.944 0.799686 0.00804682
511.295 0.807893 0.00820683
511.646 0.80634 0.00831485
511.996 0.807599 0.00832944
512.347 0.806567 0.00831129
512.698 0.810379 0.00823972
513.049 0.817189 0.00838107
513.399 0.813148 0.00838026
513.75 0.822497 0.00848007
514.1 0.802395 0.00837087
514.451 0.805166 0.00850804
514.801 0.800823 0.00859369
515.152 0.802667 0.00859661
515.502 0.806524 0.00849578
515.852 0.80544 0.00835343
516.202 0.810153 0.0083615
516.553 0.803828 0.00836196
516.903 0.818612 0.00858953
517.253 0.805723 0.00862806
517.603 0.803552 0.00871084
517.953 0.808861 0.00876466
518.303 0.799761 0.00855283
518.653 0.797506 0.00838689
519.003 0.800207 0.00834431
519.353 0.807514 0.00861693
519.703 0.8138 0.00889862
520.052 0.817538 0.00912395
520.402 0.803483 0.00904506
520.752 0.797372 0.00883763
521.102 0.801612 0.00886937
521.451 0.813119 0.00907845
521.801 0.807007 0.00906117
522.15 0.812295 0.00911635
522.5 0.816285 0.00898984
522.849 0.804658 0.00892266
523.199 0.805829 0.00882625
523.548 0.805568 0.0087258
523.897 0.797016 0.00867942
524.246 0.807488 0.008869
524.596 0.800508 0.00894143
524.945 0.812326 0.00910211
525.294 0.816114 0.00908487
525.643 0.806064 0.00903873
525.992 0.809427 0.00900059
526.341 0.796739 0.00889211
526.69 0.805354 0.00895989
527.039 0.801526 0.00899608
527.388 0.798289 0.00911133
527.737 0.806754 0.00910322
528.086 0.797681 0.00869548
528.434 0.807426 0.0085253
528.783 0.808839 0.00844448
529.132 0.797868 0.0085984
529.48 0.805307 0.00881341
529.829 0.816749 0.00899977
530.177 0.814032 0.00903324
530.526 0.80307 0.00902169
530.874 0.812763 0.0090645
531.223 0.80633 0.00899392
531.571 0.798596 0.00892296
531.919 0.802624 0.00899398
532.268 0.796415 0.00882703
532.616 0.800802 0.0085632
532.964 0.792026 0.00826246
533.312 0.80481 0.00827021
533.66 0.807332 0.00829973
534.008 0.80553 0.00834169
534.356 0.79333 0.00822419
534.704 0.797248 0.00827947
535.052 0.795264 0.0083462
535.4 0.802239 0.00853085
535.748 0.79402 0.0087072
536.095 0.820626 0.00913274
536.443 0.800283 0.0091211
536.791 0.799344 0.00901991
537.139 0.800418 0.00886067
537.486 0.795109 0.00858312
537.834 0.795964 0.00840307
538.181 0.793829 0.0083666
538.529 0.805611 0.0084755
538.876 0.811826 0.00852341
539.223 0.797562 0.00847099
539.571 0.803346 0.0086538
539.918 0.795701 0.00871072
540.265 0.815547 0.00881251
540.613 0.799143 0.0084858
540.96 0.792554 0.00839025
541.307 0.803051 0.0085615
541.654 0.806539 0.00863987
542.001 0.7969 0.00852399
542.348 0.791133 0.0084583
542.695 0.798461 0.00858061
543.042 0.805273 0.00853008
543.388 0.803516 0.00846264
543.735 0.802408 0.00833722
544.082 0.794402 0.00828006
544.429 0.798178 0.0082811
544.775 0.797362 0.00837155
545.122 0.802039 0.00859728
545.469 0.799647 0.00886313
545.815 0.80242 0.00895465
546.162 0.796577 0.00884605
546.508 0.797753 0.00872315
546.854 0.804367 0.00856048
547.201 0.796042 0.00818901
547.547 0.793686 0.00794049
547.893 0.797194 0.00797907
548.24 0.794216 0.00822
548.586 0.8089 0.0088341
548.932 0.808574 0.00909368
549.278 0.808508 0.00924684
549.624 0.791851 0.00902041
549.97 0.794158 0.00897359
550.316 0.800064 0.00923063
550.662 0.803999 0.00939576
551.008 0.804621 0.00936034
551.353 0.801913 0.00877626
551.699 0.795666 0.00828861
552.045 0.803018 0.00828332
552.391 0.806402 0.00859219
552.736 0.804485 0.00872201
553.082 0.80139 0.00879047
553.427 0.798737 0.00872338
553.773 0.798486 0.0089888
554.118 0.800317 0.00926453
554.464 0.809913 0.00921589
554.809 0.806956 0.00888877
555.154 0.806079 0.0085448
555.5 0.793211 0.00838486
555.845 0.795054 0.00855013
556.19 0.798429 0.00887886
556.535 0.810246 0.00925725
556.88 0.797751 0.00924064
557.225 0.788126 0.0089704
557.57 0.787724 0.00904531
557.915 0.807564 0.00940624
558.26 0.798733 0.00952628
558.605 0.819456 0.00979834
558.95 0.787107 0.00943814
559.295 0.792229 0.0091709
559.639 0.801435 0.00879345
559.984 0.7868 0.00830942
560.329 0.790574 0.0081476
560.673 0.791345 0.00812657
561.018 0.793676 0.00827968
561.362 0.800448 0.00858558
561.707 0.802943 0.00884429
562.051 0.794972 0.00883928
562.395 0.802488 0.00880555
562.74 0.798559 0.00858422
563.084 0.79558 0.00847787
563.428 0.798863 0.00830661
563.772 0.787537 0.00813074
564.117 0.795818 0.00824316
564.461 0.796633 0.0081542
564.805 0.796231 0.00824948
565.149 0.78888 0.00822595
565.493 0.790299 0.00815457
565.836 0.794121 0.00814714
566.18 0.793969 0.00802244
566.524 0.795213 0.00775164
566.868 0.791655 0.00730157
567.212 0.78452 0.00705653
567.555 0.787294 0.00700289
567.899 0.788614 0.00683989
568.242 0.791595 0.00653063
568.586 0.788402 0.00620098
568.929 0.780154 0.00576194
569.273 0.786582 0.00540733
569.616 0.782808 0.0052123
569.96 0.791605 0.0052512
570.303 0.791805 0.00512316
570.646 0.792029 0.00500427
570.989 0.783549 0.00487501
571.333 0.789178 0.00479917
571.676 0.795837 0.0049424
572.019 0.800724 0.00529275
572.362 0.788617 0.00543123
572.705 0.782505 0.0050104
573.048 0.786968 0.00465199
573.391 0.788731 0.00447006
573.733 0.785146 0.0043463
574.076 0.790257 0.00432626
574.419 0.787668 0.00430183
574.762 0.796493 0.00456977
575.104 0.79652 0.00483382
575.447 0.796801 0.00511575
575.789 0.785167 0.00485036
576.132 0.784082 0.00446769
576.474 0.781872 0.00434683
576.817 0.785876 0.0041668
577.159 0.78137 0.00385015
577.501 0.783286 0.00368512
577.844 0.795269 0.00385805
578.186 0.80125 0.00433907
578.528 0.804149 0.00485193
578.87 0.792195 0.00485661
579.212 0.789527 0.00480399
579.554 0.775591 0.00447966
579.896 0.789833 0.00451183
580.238 0.785699 0.0044374
580.58 0.773037 0.00392696
580.922 0.781187 0.00354502
581.264 0.791234 0.00339526
581.606 0.801506 0.0035498
581.947 0.796173 0.00382506
582.289 0.795242 0.0041959
582.631 0.805568 0.00478197
582.972 0.798823 0.00523299
583.314 0.79997 0.00534675
583.655 0.783803 0.00515171
583.997 0.77793 0.00480673
584.338 0.766537 0.00429965
584.679 0.777251 0.00409499
585.021 0.783799 0.00402703
585.362 0.795187 0.00433811
585.703 0.797366 0.00469146
586.044 0.795043 0.00500745
586.385 0.782029 0.00477686
586.726 0.7752 0.00445291
587.067 0.785378 0.00438092
587.408 0.792567 0.00469992
587.749 0.800007 0.00499763
588.09 0.791821 0.00520441
588.431 0.793261 0.00543429
588.772 0.796953 0.00580274
589.113 0.795861 0.00586966
589.453 0.787531 0.00571018
589.794 0.787505 0.0057264
590.134 0.797336 0.00604013
590.475 0.793221 0.00633401
590.815 0.789208 0.00637417
591.156 0.788429 0.00627255
591.496 0.788534 0.00631289
591.837 0.784183 0.00570284
592.177 0.766612 0.00490573
592.517 0.769734 0.00448936
592.857 0.78965 0.0045991
593.198 0.800068 0.00496122
593.538 0.799369 0.0054144
593.878 0.805109 0.00592635
594.218 0.778494 0.00580366
594.558 0.780702 0.00550772
594.898 0.780866 0.00541368
595.237 0.793052 0.00569793
595.577 0.804127 0.00620451
595.917 0.797417 0.00656597
596.257 0.795865 0.00663571
596.596 0.782672 0.00631075
596.936 0.774395 0.00598119
597.276 0.786127 0.00616196
597.615 0.797199 0.00637871
597.955 0.785754 0.0059264
598.294 0.76633 0.00512956
598.633 0.77945 0.00502155
598.973 0.78905 0.00519171
599.312 0.79303 0.0054134
599.651 0.77809 0.00527776
599.991 0.78638 0.0054062
600.33 0.788358 0.00551762
600.669 0.791275 0.0056659
601.008 0.790269 0.00582506
601.347 0.787459 0.00606083
601.686 0.792154 0.00612432
602.025 0.778894 0.00591613
602.364 0.785898 0.00587937
602.702 0.784151 0.00561666
603.041 0.787133 0.00558373
603.38 0.791688 0.00574664
603.719 0.793891 0.00607589
604.057 0.796209 0.00637424
604.396 0.788633 0.00640959
604.734 0.780946 0.00629399
605.073 0.774797 0.00573939
605.411 0.775788 0.00550386
605.75 0.777567 0.00564487
606.088 0.796047 0.00608552
606.426 0.78938 0.00617412
606.764 0.778483 0.00595642
607.103 0.779446 0.00593592
607.441 0.794013 0.006288
607.779 0.787073 0.00645437
608.117 0.775625 0.00641719
608.455 0.775259 0.00644516
608.793 0.790901 0.00688445
609.131 0.780946 0.00661054
609.469 0.778692 0.00620367
609.806 0.776982 0.00606192
610.144 0.785772 0.0064529
610.482 0.79362 0.00692155
610.819 0.786109 0.00683624
611.157 0.782513 0.00680406
611.495 0.786799 0.00697479
611.832 0.797063 0.00719521
612.17 0.783025 0.00712688
612.507 0.771594 0.0069081
612.844 0.779109 0.00696582
613.182 0.780784 0.00701663
613.519 0.779213 0.00702643
613.856 0.776947 0.00694873
614.193 0.780422 0.00701124
614.53 0.776461 0.00680564
614.867 0.78381 0.00671532
615.205 0.781545 0.00685165
615.541 0.791383 0.00723007
615.878 0.788451 0.0076565
616.215 0.777392 0.00765398
616.552 0.787767 0.00764087
616.889 0.775574 0.00758449
617.226 0.776394 0.00736338
617.562 0.782561 0.00743716
617.899 0.787138 0.00783696
618.235 0.803797 0.00848381
618.572 0.800031 0.00896756
618.908 0.777838 0.00875232
619.245 0.770787 0.00828717
619.581 0.773613 0.00799268
619.918 0.784247 0.00813971
620.254 0.801747 0.009319
620.59 0.810228 0.0104006
620.926 0.789734 0.00984639
621.262 0.761715 0.00883717
621.599 0.776 0.00855884
621.935 0.761657 0.00860921
622.271 0.779833 0.00850799
622.606 0.768296 0.00809101
622.942 0.772439 0.00808581
623.278 0.782749 0.00853008
623.614 0.788381 0.00859647
623.95 0.774801 0.00812845
624.285 0.778417 0.00821806
624.621 0.778962 0.00847527
624.957 0.775399 0.00897136
625.292 0.778253 0.00916758
625.628 0.771837 0.00937549
625.963 0.778448 0.00977124
626.299 0.778118 0.0096405
626.634 0.769168 0.00929383
626.969 0.764196 0.0092228
627.304 0.777972 0.00968585
627.64 0.806299 0.0110016
627.975 0.79525 0.0113353
628.31 0.761509 0.0105247
628.645 0.757635 0.00981069
628.98 0.770648 0.00995401
629.315 0.776756 0.0102229
629.65 0.788386 0.0105554
629.985 0.774985 0.0104139
630.319 0.789931 0.0107252
630.654 0.784284 0.0110592
630.989 0.780897 0.0109858
631.323 0.78648 0.011105
631.658 0.774475 0.0112382
631.993 0.811424 0.0121994
632.327 0.78973 0.0123191
632.662 0.774896 0.0120996
632.996 0.76908 0.0118436
633.33 0.765894 0.0115303
633.665 0.787382 0.011864
633.999 0.777738 0.0123135
634.333 0.775827 0.0124138
634.667 0.783768 0.012637
635.001 0.76987 0.0121387
635.335 0.768633 0.011814
635.669 0.765504 0.0113004
636.003 0.781407 0.0112283
636.337 0.781818 0.0115916
636.671 0.794369 0.0123857
637.005 0.795868 0.0129861
637.339 0.79585 0.0132405
637.672 0.79336 0.0129565
638.006 0.759906 0.0120706
638.339 0.778002 0.0120554
638.673 0.789194 0.0125444
639.006 0.79966 0.0130546
639.34 0.783513 0.0131629
639.673 0.783193 0.0132197
640.007 0.786764 0.0132758
640.34 0.783664 0.0133369
640.673 0.766746 0.013435
641.006 0.807073 0.014007
641.34 0.769863 0.0136581
641.673 0.773013 0.0139993
642.006 0.805269 0.0146642
642.339 0.79304 0.0144864
642.672 0.768121 0.0138684
643.004 0.774117 0.0140484
643.337 0.798342 0.0145394
643.67 0.768532 0.0146024
644.003 0.788347 0.0147907
644.336 0.769033 0.0142503
644.668 0.762794 0.0142072
645.001 0.790828 0.0146958
645.333 0.76817 0.014558
645.666 0.787723 0.0152533
645.998 0.789987 0.0158212
646.331 0.802902 0.0160709
646.663 0.80078 0.016107
646.995 0.781128 0.0153086
647.327 0.799795 0.0145223
647.66 0.7488 0.0127698
647.992 0.760195 0.0124729
648.324 0.764924 0.0123037
648.656 0.796787 0.0128216
648.988 0.786315 0.0129921
649.32 0.788523 0.0137179
649.652 0.815002 0.0151999
649.983 0.784531 0.0153883
650.315 0.784955 0.0154525
650.647 0.76938 0.0151475
650.979 0.763012 0.0145614
651.31 0.784613 0.014071
651.642 0.769933 0.0134178
651.973 0.76405 0.0131377
652.305 0.796583 0.0135269
652.636 0.780023 0.0134406
652.967 0.797787 0.0139044
653.299 0.801377 0.0144805
653.63 0.81198 0.0147223
653.961 0.785624 0.0139522
654.292 0.764043 0.0121755
654.623 0.723468 0.00668331
654.955 0.893315 0.00340582
655.286 0.89326 0.00340561
655.616 0.893204 0.0034054
655.947 0.893148 0.00340519
656.278 0.893091 0.00340497
656.609 0.931074 0.00396747
656.94 0.920711 0.00611676
657.27 0.88573 0.00754389
657.601 0.796422 0.00789586
657.932 0.763677 0.00855169
658.262 0.752565 0.00974373
658.593 0.772227 0.0113909
658.923 0.78793 0.0133338
659.254 0.769063 0.0146256
659.584 0.764611 0.0155136
659.914 0.796418 0.0168153
660.244 0.779147 0.0169861
660.575 0.772903 0.0170768
660.905 0.785527 0.0171094
661.235 0.768894 0.0165949
661.565 0.771643 0.016466
661.895 0.777648 0.016474
662.225 0.755381 0.0162342
662.555 0.803644 0.0171316
662.884 0.767303 0.0167677
663.214 0.779574 0.0168625
663.544 0.770654 0.0162955
663.873 0.768596 0.0160525
664.203 0.775988 0.0160412
664.533 0.77838 0.0155594
664.862 0.764401 0.0152615
665.192 0.76512 0.0153418
665.521 0.771954 0.0160935
665.85 0.798257 0.0174836
666.18 0.803853 0.0179391
666.509 0.79298 0.0181946
666.838 0.789963 0.017976
667.167 0.778573 0.017308
667.496 0.800074 0.0176699
667.825 0.776795 0.0173811
668.154 0.779663 0.017521
668.483 0.766015 0.0174285
668.812 0.752036 0.016618
669.141 0.773661 0.016809
669.47 0.77631 0.0165116
669.798 0.760128 0.0163846
670.127 0.769318 0.0166515
670.456 0.784553 0.0168245
670.784 0.772264 0.0152075
671.113 0.732198 0.0132057
671.441 0.743397 0.0123141
671.77 0.747969 0.012145
672.098 0.764876 0.0127434
672.426 0.788682 0.0139512
672.755 0.822197 0.0160507
673.083 0.812859 0.0166332
673.411 0.768956 0.0160561
673.739 0.766277 0.0159502
674.067 0.787846 0.0167716
674.395 0.769539 0.0170325
674.723 0.761865 0.0165527
675.051 0.77952 0.016408
675.379 0.760416 0.0160196
675.706 0.744453 0.0156969
676.034 0.795656 0.0168096
676.362 0.792136 0.0171209
676.689 0.764783 0.0164977
677.017 0.76106 0.0151185
677.344 0.749453 0.014124
677.672 0.750534 0.0136699
677.999 0.756061 0.014347
678.327 0.759136 0.0144816
678.654 0.77075 0.0139987
678.981 0.769505 0.013506
679.308 0.769398 0.0132382
679.636 0.756304 0.0134083
679.963 0.768256 0.01416
680.29 0.785935 0.0150305
680.617 0.76083 0.0146182
680.944 0.757579 0.0142813
681.271 0.759057 0.0141014
681.597 0.76793 0.0149537
681.924 0.788691 0.0163639
682.251 0.78814 0.0171776
682.578 0.751587 0.0161094
682.904 0.740681 0.0148899
683.231 0.742451 0.0140236
683.557 0.763827 0.0138268
683.884 0.741685 0.0132953
684.21 0.752543 0.0131322
684.536 0.764288 0.0129257
684.863 0.744701 0.0122781
685.189 0.76595 0.0125179
685.515 0.769287 0.0128598
685.841 0.764589 0.0136388
686.167 0.778312 0.0143067
686.493 0.764436 0.0137663
686.819 0.769896 0.0137347
687.145 0.754677 0.0137167
687.471 0.766519 0.0149122
687.797 0.781053 0.0159363
688.123 0.760765 0.0159526
688.448 0.761161 0.0157087
688.774 0.737804 0.01475
689.1 0.759637 0.0147906
689.425 0.775989 0.0153599
689.751 0.767812 0.0159326
690.076 0.747298 0.0154829
690.402 0.762154 0.0145816
690.727 0.72877 0.0132351
691.052 0.759431 0.0135491
691.377 0.760815 0.0140504
691.703 0.75562 0.0144536
692.028 0.761515 0.0147963
692.353 0.758512 0.0145663
692.678 0.756537 0.0143646
693.003 0.764747 0.0145886
693.328 0.77329 0.015704
693.652 0.789592 0.0170504
693.977 0.782935 0.0174747
694.302 0.772382 0.0165741
694.627 0.760102 0.0153994
694.951 0.734352 0.0149491
695.276 0.769928 0.016382
695.6 0.77611 0.0181073
695.925 0.781845 0.0175233
696.249 0.712181 0.0139722
696.574 0.730345 0.0128273
696.898 0.73884 0.012631
697.222 0.766733 0.0139006
697.546 0.782116 0.0150135
697.871 0.779599 0.0155649
698.195 0.756793 0.0151951
698.519 0.752427 0.0156003
698.843 0.779362 0.0162245
699.167 0.765172 0.0166158
699.491 0.766333 0.0173017
699.814 0.782684 0.01794
700.138 0.745992 0.0173756
700.462 0.757705 0.0176591
700.786 0.781647 0.017998
701.109 0.784813 0.0181353
701.433 0.733886 0.0166259
701.756 0.75228 0.0162008
702.08 0.727606 0.0153776
702.403 0.748467 0.0159634
702.726 0.764227 0.0167517
703.05 0.767604 0.0174021
703.373 0.732036 0.0172073
703.696 0.773776 0.0179283
704.019 0.757527 0.0179452
704.342 0.797877 0.0191791
704.665 0.769095 0.0196506
704.988 0.772256 0.0199475
705.311 0.759185 0.0191236
705.634 0.736171 0.0172832
705.957 0.722677 0.0151873
706.28 0.723126 0.0137891
706.602 0.725889 0.0130931
706.925 0.759189 0.013656
707.247 0.755259 0.0140321
707.57 0.760277 0.0150262
707.892 0.757734 0.0156973
708.215 0.758271 0.0160119
708.537 0.761603 0.0168822
708.859 0.762988 0.0171127
709.182 0.750804 0.0169849
709.504 0.740641 0.0164693
709.826 0.734689 0.0158342
710.148 0.730764 0.0156911
710.47 0.750388 0.0161725
710.792 0.751558 0.0168539
711.114 0.775325 0.0177974
711.436 0.752526 0.0179965
711.758 0.759757 0.0179896
712.079 0.737746 0.0174958
712.401 0.74082 0.017134
712.723 0.742487 0.0162492
713.044 0.716319 0.0152739
713.366 0.733368 0.0148679
713.687 0.72517 0.0146189
714.009 0.757281 0.0153614
714.33 0.740207 0.015592
714.652 0.751382 0.0162337
714.973 0.771704 0.0169541
715.294 0.773567 0.0175826
715.615 0.757265 0.0184362
715.936 0.757532 0.0191844
716.257 0.784777 0.0201546
716.578 0.763008 0.0197529
716.899 0.76542 0.019398
717.22 0.738957 0.0182057
717.541 0.74686 0.0174566
717.862 0.758997 0.0170709
718.182 0.750286 0.0172836
718.503 0.741259 0.0168507
718.824 0.753862 0.0169459
719.144 0.764615 0.0173269
719.465 0.737995 0.0172757
719.785 0.766227 0.0180639
720.105 0.743913 0.0172647
720.426 0.749162 0.0171316
720.746 0.756953 0.0170178
721.066 0.763347 0.0175714
721.386 0.761396 0.0177024
721.706 0.761379 0.0180055
722.026 0.752558 0.0183186
722.346 0.752744 0.0185705
722.666 0.740767 0.0182533
722.986 0.753169 0.0181867
723.306 0.74734 0.0180284
723.626 0.752163 0.0181183
723.946 0.749032 0.0184632
724.265 0.752166 0.018213
724.585 0.730347 0.016682
724.904 0.725663 0.0159127
725.224 0.724127 0.0158833
725.543 0.748537 0.0164385
725.863 0.737837 0.016322
726.182 0.74502 0.0165689
726.501 0.747957 0.0172862
726.82 0.741091 0.0175476
727.14 0.726959 0.0169811
727.459 0.7322 0.0165452
727.778 0.737366 0.0162498
728.097 0.739538 0.0164425
728.416 0.740459 0.0164788
728.734 0.755359 0.0162192
729.053 0.715649 0.0153235
729.372 0.736189 0.0155494
729.691 0.753604 0.0159687
730.009 0.733306 0.0147367
730.328 0.718493 0.0139357
730.647 0.727041 0.0137826
730.965 0.748924 0.0144262
731.283 0.736384 0.0147427
731.602 0.745168 0.0154296
731.92 0.758229 0.01573
732.238 0.737857 0.0149844
732.557 0.721304 0.0144488
732.875 0.706647 0.0140483
733.193 0.721934 0.0137252
733.511 0.706723 0.0126831
733.829 0.73207 0.0130861
734.147 0.734327 0.0136705
734.465 0.742153 0.0147509
734.782 0.744164 0.0153075
735.1 0.724797 0.0146328
735.418 0.719796 0.0142693
735.735 0.74269 0.0147152
736.053 0.724872 0.0143172
736.371 0.712072 0.0142718
736.688 0.725096 0.0147438
737.005 0.75885 0.0157503
737.323 0.744506 0.016528
737.64 0.725959 0.0167479
737.957 0.718454 0.0162669
738.274 0.730186 0.0151284
738.592 0.699269 0.013684
738.909 0.71156 0.0137699
739.226 0.706595 0.014562
739.543 0.748497 0.0165962
739.86 0.755195 0.0179068
740.176 0.749163 0.0181849
740.493 0.758577 0.0192697
740.81 0.754367 0.0196066
741.127 0.71777 0.0187981
741.443 0.710671 0.0181612
741.76 0.735849 0.0173882
742.076 0.713963 0.0168658
742.393 0.738399 0.017547
742.709 0.76235 0.0190953
743.025 0.780645 0.0200227
743.342 0.775905 0.0205508
743.658 0.758281 0.0198324
743.974 0.724672 0.0185768
744.29 0.708049 0.0181807
744.606 0.752995 0.0188743
744.922 0.741036 0.018703
745.238 0.722717 0.0186924
745.554 0.759425 0.0194249
745.87 0.76045 0.0199619
746.186 0.726633 0.0191445
746.501 0.730604 0.0184168
746.817 0.724508 0.0179534
747.132 0.724492 0.0185551
747.448 0.74513 0.0201975
747.763 0.765275 0.0210538
748.079 0.76769 0.0209083
748.394 0.705887 0.0181252
748.71 0.685347 0.0165437
749.025 0.709609 0.0158535
749.34 0.70606 0.0154294
749.655 0.7186 0.0155963
749.97 0.717039 0.0159117
750.285 0.70644 0.0163656
750.6 0.731132 0.0166902
750.915 0.704192 0.0158094
751.23 0.721142 0.0158645
751.545 0.720693 0.0164329
751.859 0.74032 0.0172175
752.174 0.735646 0.0181734
752.489 0.744211 0.0179151
752.803 0.723921 0.0163604
753.118 0.712292 0.0153753
753.432 0.706904 0.0157603
753.747 0.717401 0.0163271
754.061 0.71945 0.0166422
754.375 0.689103 0.0156269
754.689 0.707429 0.015192
755.004 0.711164 0.0149326
755.318 0.716755 0.0149034
755.632 0.701253 0.0141991
755.946 0.706845 0.0138032
756.26 0.694069 0.0133044
756.573 0.681261 0.0125158
756.887 0.690157 0.012201
757.201 0.673787 0.0118111
757.515 0.701381 0.0127747
757.828 0.723365 0.0143791
758.142 0.707273 0.0149092
758.455 0.708059 0.0143369
758.769 0.700363 0.0131197
759.082 0.694804 0.0125581
759.396 0.692171 0.0121723
759.709 0.684283 0.0120001
760.022 0.684118 0.0119371
760.335 0.69865 0.0123947
760.648 0.726466 0.0135565
760.962 0.716873 0.0145467
761.275 0.735055 0.0161101
761.587 0.741627 0.016818
761.9 0.724836 0.0163233
762.213 0.695948 0.0157776
762.526 0.700114 0.0149321
762.839 0.684647 0.0145075
763.151 0.712796 0.0147262
763.464 0.702632 0.0139745
763.776 0.684822 0.0127745
764.089 0.670548 0.0118645
764.401 0.700036 0.0124129
764.714 0.694705 0.0129662
765.026 0.706426 0.0141164
765.338 0.746963 0.0156385
765.65 0.730829 0.0166568
765.962 0.736953 0.0179092
766.275 0.754941 0.0187981
766.587 0.754928 0.0192992
766.898 0.723189 0.0183773
767.21 0.715755 0.0171857
767.522 0.687894 0.0156062
767.834 0.683544 0.0144554
768.146 0.690377 0.014589
768.457 0.700508 0.0150975
768.769 0.72461 0.01639
769.08 0.71424 0.0169863
769.392 0.714911 0.0167048
769.703 0.670899 0.0150388
770.015 0.675471 0.0144011
770.326 0.692941 0.0143636
770.637 0.712589 0.0150231
770.948 0.719868 0.0159007
771.26 0.735412 0.0176125
771.571 0.738912 0.0184276
771.882 0.710065 0.0175654
772.193 0.668935 0.0165706
772.504 0.718431 0.017709
772.814 0.712761 0.0180183
773.125 0.69634 0.0179832
773.436 0.726763 0.0192417
773.747 0.683938 0.0188361
774.057 0.749059 0.0203333
774.368 0.704277 0.0197048
774.678 0.740804 0.0205514
774.989 0.718503 0.0207417
775.299 0.763983 0.0222535
775.609 0.739061 0.0221772
775.919 0.70929 0.0210977
776.23 0.71374 0.0212407
776.54 0.705357 0.0207649
776.85 0.75699 0.021696
777.16 0.736219 0.0217531
777.47 0.697419 0.0198742
777.78 0.692534 0.0186798
778.089 0.734077 0.0185175
778.399 0.69335 0.0174437
778.709 0.696565 0.0177586
779.019 0.712577 0.0187125
779.328 0.792902 0.0221261
779.638 0.776075 0.02252
779.947 0.708146 0.020157
780.257 0.718557 0.0183459
780.566 0.677785 0.0162091
780.875 0.668023 0.0160993
781.185 0.721566 0.0176255
781.494 0.710558 0.0184054
781.803 0.732342 0.0191065
782.112 0.731528 0.0193907
782.421 0.721923 0.019304
782.73 0.705024 0.0186223
783.039 0.704564 0.0183468
783.348 0.695545 0.0188147
783.656 0.734621 0.0210354
783.965 0.729543 0.0219584
784.274 0.755489 0.0221975
784.582 0.732478 0.0207134
784.891 0.690368 0.0195842
785.199 0.701215 0.0197938
785.508 0.724646 0.0208267
785.816 0.736305 0.0213609
786.124 0.700104 0.0204417
786.432 0.726688 0.0207652
786.741 0.711466 0.0192375
787.049 0.700368 0.0185867
787.357 0.723176 0.0191317
787.665 0.711966 0.0193465
787.973 0.693808 0.0188804
788.281 0.713299 0.019291
788.588 0.708369 0.0201131
788.896 0.7345 0.0222844
789.204 0.731639 0.0229854
789.511 0.709151 0.0225438
789.819 0.740806 0.0232864
790.126 0.718269 0.0232409
790.434 0.734258 0.0233885
790.741 0.690435 0.0221579
791.049 0.762513 0.0239487
791.356 0.690904 0.0225696
791.663 0.71026 0.0235009
791.97 0.746815 0.0247793
792.277 0.754524 0.0248126
792.584 0.735232 0.0239314
792.891 0.700757 0.0213494
793.198 0.693901 0.0190942
793.505 0.681031 0.017795
793.812 0.730938 0.0187443
794.119 0.745616 0.0200585
794.425 0.741974 0.0204127
794.732 0.732303 0.0210614
795.038 0.704375 0.0217455
795.345 0.756192 0.025036
795.651 0.784861 0.0272541
795.958 0.761987 0.0275717
796.264 0.766887 0.0266663
796.57 0.76019 0.0249761
796.876 0.69973 0.0224954
797.183 0.716932 0.0230484
797.489 0.74495 0.0246487
797.795 0.738214 0.0250771
798.101 0.728732 0.0243769
798.406 0.737814 0.0250963
798.712 0.749352 0.0250745
799.018 0.783152 0.0268319
799.324 0.735329 0.0260539
799.629 0.766113 0.0271062
799.935 0.711375 0.025223
800.24 0.7342 0.0265172
800.546 0.751505 0.026627
800.851 0.810988 0.0288063
801.157 0.791099 0.0291028
801.462 0.77634 0.0287586
801.767 0.828536 0.0303642
802.072 0.771417 0.028477
802.377 0.755246 0.0270685
802.682 0.751426 0.0262184
802.987 0.793921 0.0276725
803.292 0.817225 0.0286525
803.597 0.784407 0.0285846
803.902 0.795157 0.0288683
804.207 0.737901 0.027388
804.511 0.731812 0.026891
804.816 0.706147 0.0256368
805.12 0.785444 0.0261505
805.425 0.728385 0.023175
805.729 0.669746 0.0210527
806.034 0.710833 0.0229935
806.338 0.750965 0.0249093
806.642 0.73698 0.0251999
806.946 0.784324 0.0272077
807.251 0.791619 0.0270503
807.555 0.746417 0.0259457
807.859 0.76938 0.0260427
808.162 0.76689 0.0260683
808.466 0.751388 0.0261007
808.77 0.76177 0.0271161
809.074 0.772505 0.028706
809.378 0.778121 0.029097
809.681 0.760052 0.028354
809.985 0.799431 0.0290993
810.288 0.713723 0.0264906
810.592 0.759372 0.0282621
810.895 0.800437 0.0299196
811.198 0.814455 0.0310254
811.502 0.787786 0.0313797
811.805 0.80279 0.0322393
812.108 0.867364 0.0336544
812.411 0.794195 0.0308286
812.714 0.703478 0.0269869
813.017 0.772346 0.0273267
813.32 0.726737 0.0251332
813.623 0.730877 0.0259793
813.926 0.785355 0.0286407
814.228 0.91306 0.0338365
814.531 0.810042 0.0312446
814.833 0.81254 0.0320789
815.136 0.777979 0.0314154
815.438 0.789307 0.0318435
815.741 0.836347 0.0329605
816.043 0.773332 0.0303838
816.345 0.836124 0.0321021
816.648 0.820804 0.0309636
816.95 0.781462 0.0301547
817.252 0.87487 0.0332451
817.554 0.764493 0.0307716
817.856 0.794655 0.0318979
818.158 0.772967 0.031715
818.46 0.789361 0.0325276
818.761 0.774845 0.0320999
819.063 0.773816 0.0321354
819.365 0.804929 0.0329792
819.666 0.741536 0.0299438
819.968 0.774949 0.0293642
820.269 0.805932 0.0297398
820.571 0.768463 0.0288847
820.872 0.859349 0.0320207
821.173 0.797637 0.0314489
821.475 0.807757 0.0334147
821.776 0.796977 0.0333592
822.077 0.736597 0.0306647
822.378 0.772755 0.0319511
822.679 0.80493 0.0323992
822.98 0.817448 0.0332714
823.281 0.753656 0.0314059
823.581 0.813197 0.0342254
823.882 0.841818 0.0340404
824.183 0.764208 0.0323756
824.483 0.773066 0.0320885
824.784 0.791156 0.032126
825.084 0.847257 0.0333612
825.385 0.735721 0.0300297
825.685 0.817512 0.0330884
825.985 0.73724 0.0309355
826.286 0.823032 0.0328131
826.586 0.851709 0.0338955
826.886 0.772876 0.031636
827.186 0.815532 0.0327359
827.486 0.794894 0.0322778
827.786 0.896893 0.0363013
828.086 0.763872 0.0323779
828.386 0.866334 0.0361368
828.685 0.79622 0.0323771
828.985 0.82498 0.0342268
829.285 0.889513 0.03612
829.584 0.806171 0.0339468
829.884 0.84493 0.0369212
830.183 0.818161 0.0353141
830.482 0.816553 0.0348964
830.782 0.828236 0.036211
831.081 0.866035 0.0373215
831.38 0.842343 0.0367881
831.679 0.817846 0.0358346
831.978 0.82713 0.0349349
832.277 0.792565 0.0338536
832.576 0.860578 0.0350106
832.875 0.858108 0.0355319
833.174 0.829987 0.0348101
833.472 0.790739 0.0336713
833.771 0.88368 0.035833
834.07 0.802509 0.0340502
834.368 0.964978 0.0392947
834.667 0.878982 0.0376622
834.965 0.831726 0.035881
835.263 0.788505 0.0349901
835.562 0.809261 0.0362159
835.86 0.830455 0.0361324
836.158 0.960152 0.0404103
836.456 0.885486 0.039228
836.754 0.860868 0.0383514
837.052 0.784798 0.0356102
837.35 0.765067 0.0354255
837.648 0.854614 0.0369658
837.946 0.847335 0.0382249
838.243 0.880717 0.0390382
838.541 0.827213 0.0370612
838.839 0.79868 0.0352064
839.136 0.83328 0.0369978
839.434 0.823219 0.0358559
839.731 0.871008 0.0384372
840.028 0.782829 0.0351129
840.326 0.802113 0.0359572
840.623 0.777198 0.0362528
840.92 0.80902 0.0369693
841.217 0.811106 0.035993
841.514 0.733254 0.0342243
841.811 0.821734 0.0377518
842.108 0.822435 0.0370376
842.405 0.791074 0.0359156
842.701 0.84302 0.0389641
842.998 0.787926 0.0357727
843.295 0.813713 0.0367508
843.591 0.858904 0.0386134
843.888 0.837027 0.0369784
844.184 0.814874 0.0361603
844.481 0.850077 0.0390075
844.777 0.913383 0.0405089
845.073 0.821189 0.0377723
845.369 0.818795 0.0379597
845.665 0.855697 0.039289
845.962 0.840495 0.0373597
846.258 0.854653 0.0400395
846.553 0.807471 0.0373661
846.849 0.866542 0.0391141
847.145 0.923484 0.0413276
847.441 0.79003 0.0367834
847.737 0.801945 0.0359498
848.032 0.887188 0.039524
848.328 0.812868 0.036011
848.623 0.829356 0.0373062
848.919 0.846939 0.0384072
849.214 0.917127 0.0406978
849.509 0.777285 0.0365515
849.805 0.913132 0.0409575
850.1 0.792317 0.0366429
850.395 0.824295 0.0377791
850.69 0.921925 0.0419304
850.985 0.838702 0.0392677
851.28 0.868032 0.0389789
851.575 0.93693 0.0417636
851.869 0.821691 0.0387616
852.164 0.795699 0.0366437
852.459 0.865756 0.0380168
852.753 0.828455 0.0369908
853.048 0.889725 0.0377317
853.342 0.884806 0.0370355
853.637 0.936609 0.0393211
853.931 0.873143 0.0380304
854.225 0.873147 0.0375097
854.52 0.86874 0.0373204
854.814 0.883227 0.0385736
855.108 0.841069 0.037833
855.402 0.901028 0.03914
855.696 0.837308 0.0373018
855.99 0.830247 0.0365577
856.283 0.879465 0.0389613
856.577 0.801966 0.0357675
856.871 0.803993 0.0365451
857.164 0.957667 0.0419385
857.458 0.927682 0.0402334
857.751 0.897011 0.0401884
858.045 0.756587 0.0357358
858.338 0.918683 0.0406306
858.632 0.864968 0.0387971
858.925 0.852145 0.0376672
859.218 0.835032 0.038455
859.511 0.941295 0.0435855
859.804 0.73648 0.034764
860.097 0.786781 0.0363647
860.39 0.782664 0.0359786
860.683 0.827469 0.0384085
860.976 0.861059 0.0390705
861.268 0.901596 0.040767
861.561 0.816892 0.0371314
861.854 0.793975 0.0373132
862.146 0.828597 0.0387225
862.439 0.91316 0.0412658
862.731 0.951011 0.042296
863.023 0.975145 0.0420681
863.316 0.931152 0.0422753
863.608 0.914365 0.0405524
863.9 0.866613 0.0393683
864.192 0.809616 0.0372625
864.484 0.935069 0.0412867
864.776 0.990228 0.0427188
865.068 0.854222 0.0389196
865.36 0.913977 0.0414473
865.651 0.809249 0.0373128
865.943 0.851418 0.039069
866.235 0.974576 0.044325
866.526 0.909865 0.0410696
866.818 0.859822 0.0382832
867.109 0.888637 0.0398132
867.4 0.855814 0.0386523
867.692 0.901018 0.041695
867.983 0.834813 0.0388925
868.274 0.833582 0.0385744
868.565 0.873056 0.0408251
868.856 0.771127 0.0363994
869.147 0.834367 0.0384477
869.438 0.764555 0.0364132
869.729 0.865378 0.0400458
870.02 0.824345 0.0395416
870.31 0.827228 0.0389738
870.601 0.85656 0.0407166
870.892 0.933902 0.0418177
871.182 0.859064 0.0396337
871.473 0.944797 0.0423778
871.763 0.871697 0.0404122
872.053 0.913 0.0417951
872.343 0.89452 0.0411453
872.634 0.78884 0.0376424
872.924 0.841574 0.0380752
873.214 0.775135 0.0374514
873.504 0.866659 0.0397207
873.794 0.852318 0.0402064
874.084 0.945312 0.0424248
874.373 0.831722 0.0394598
874.663 0.897983 0.0400953
874.953 0.873069 0.0418244
875.242 0.886317 0.0404534
875.532 0.891073 0.0413105
875.821 0.802929 0.0382161
876.111 0.881576 0.0405499
876.4 0.933785 0.0413905
876.689 0.974395 0.0432148
876.978 0.829519 0.0380413
877.268 0.855374 0.040249
877.557 0.873034 0.0399655
877.846 0.777191 0.0376008
878.134 0.843058 0.0383434
878.423 0.843213 0.0383504
878.712 0.843368 0.0383575
