178.41 1.66682 0.20107
178.791 1.67738 0.202344
179.172 1.68786 0.203608
179.553 0.681733 0.681733
179.934 0.307322 0.307322
180.316 0.60406 0.60406
180.697 0.789708 0.789708
181.078 0.723692 0.723692
181.459 0.500289 0.500289
181.84 0.407663 0.407663
182.221 4.00373 4.00373
182.602 -0.269191 -0.269191
182.983 -0.18284 -0.18284
183.364 -0.470932 -0.470932
183.744 0.393523 0.0670368
184.125 0.281057 0.0478781
184.506 0.604057 0.0621716
184.887 0.730942 0.078893
185.268 0.715942 0.0686788
185.648 0.559511 0.0440001
186.029 0.62875 0.0449222
186.41 0.55958 0.0399221
186.791 0.471913 0.0341161
187.171 0.487152 0.0319192
187.552 0.480794 0.0267819
187.932 0.395899 0.0222103
188.313 0.434997 0.0235547
188.694 0.389281 0.0208545
189.074 0.425261 0.0218569
189.455 0.380005 0.0201131
189.835 0.444779 0.0216289
190.216 0.421797 0.0204158
190.596 0.401328 0.0196085
190.977 0.37671 0.0185317
191.357 0.439826 0.0202998
191.737 0.446832 0.0202002
192.118 0.479733 0.0212604
192.498 0.434766 0.0194972
192.878 0.434085 0.0189649
193.258 0.411969 0.0186894
193.639 0.429345 0.0191022
194.019 0.450395 0.0192348
194.399 0.414158 0.0183749
194.779 0.398585 0.0179775
195.159 0.429352 0.0181311
195.54 0.394991 0.0172196
195.92 0.387742 0.0168133
196.3 0.39633 0.0170498
196.68 0.432006 0.0181336
197.06 0.402459 0.0171876
197.44 0.373769 0.016312
197.82 0.389179 0.0165352
198.2 0.393762 0.01652
198.58 0.354491 0.0151628
198.959 0.361777 0.0152853
199.339 0.333624 0.0145286
199.719 0.358419 0.0154923
200.099 0.341657 0.0145311
200.479 0.32911 0.0141804
200.858 0.318394 0.0137914
201.238 0.335195 0.0143225
201.618 0.333893 0.0140504
201.998 0.313606 0.0134209
202.377 0.308794 0.0131944
202.757 0.29218 0.0126158
203.136 0.31695 0.0132776
203.516 0.309234 0.0129287
203.896 0.304205 0.0124265
204.275 0.29005 0.0122672
204.655 0.290551 0.0120407
205.034 0.268292 0.0115116
205.414 0.288401 0.011612
205.793 0.261733 0.0109808
206.172 0.261646 0.0108218
206.552 0.262181 0.0108809
206.931 0.265484 0.0107636
207.31 0.247498 0.0102615
207.69 0.220189 0.00945253
208.069 0.237298 0.00988203
208.448 0.229953 0.00954341
208.827 0.246361 0.00979854
209.207 0.233077 0.00932888
209.586 0.244792 0.00942483
209.965 0.245002 0.00945279
210.344 0.222941 0.00882375
210.723 0.2125 0.00847461
211.102 0.219449 0.00847401
211.481 0.209198 0.00823973
211.86 0.214427 0.00827655
212.239 0.20979 0.00801689
212.618 0.198695 0.00772164
212.997 0.192391 0.00759106
213.376 0.191951 0.00738417
213.755 0.19706 0.00737076
214.134 0.193866 0.0072773
214.513 0.191372 0.00717223
214.891 0.187814 0.00693767
215.27 0.184412 0.00682518
215.649 0.184555 0.00668205
216.028 0.174052 0.00644174
216.406 0.176374 0.00638349
216.785 0.173831 0.00629146
217.164 0.168426 0.00606891
217.542 0.175311 0.00608901
217.921 0.161577 0.0057757
218.3 0.167981 0.00589086
218.678 0.163312 0.00568584
219.057 0.164526 0.00564749
219.435 0.161011 0.00549585
219.814 0.154919 0.00531772
220.192 0.153047 0.00520183
220.57 0.155982 0.00517494
220.949 0.148722 0.00501894
221.327 0.156203 0.0050286
221.705 0.156836 0.00498955
222.084 0.149281 0.00478619
222.462 0.15813 0.00489713
222.84 0.154071 0.00475988
223.218 0.146427 0.00457567
223.597 0.150662 0.00455064
223.975 0.149819 0.00445929
224.353 0.148693 0.00437486
224.731 0.144104 0.00423572
225.109 0.150272 0.00429569
225.487 0.149498 0.00423108
225.865 0.147735 0.00413949
226.243 0.145394 0.00405077
226.621 0.150599 0.00405853
226.999 0.147081 0.0039453
227.377 0.144473 0.00386136
227.755 0.144915 0.00379867
228.133 0.147134 0.00378054
228.511 0.151277 0.00382126
228.889 0.151274 0.00374902
229.266 0.151691 0.00372814
229.644 0.153384 0.00367088
230.022 0.150903 0.00360173
230.4 0.150187 0.00355483
230.777 0.151473 0.00353488
231.155 0.153091 0.00351244
231.533 0.154012 0.00346184
231.91 0.151674 0.00339123
232.288 0.155385 0.00341451
232.665 0.152053 0.00333728
233.043 0.154067 0.00332077
233.42 0.155193 0.00331527
233.798 0.159388 0.00331439
234.175 0.156694 0.00325487
234.553 0.157578 0.00324697
234.93 0.159701 0.00322623
235.307 0.160014 0.00320877
235.685 0.163671 0.00320143
236.062 0.162146 0.0031646
236.439 0.160983 0.00312975
236.816 0.157784 0.00305992
237.194 0.164834 0.00309756
237.571 0.1614 0.00304756
237.948 0.162228 0.00303887
238.325 0.170199 0.00308806
238.702 0.166858 0.00303073
239.079 0.167365 0.00300908
239.456 0.167313 0.00298628
239.833 0.169016 0.00297747
240.21 0.169476 0.002965
240.587 0.166913 0.00291944
240.964 0.16883 0.00291805
241.341 0.168443 0.00289534
241.718 0.17229 0.0029024
242.095 0.171037 0.00287996
242.472 0.172051 0.00286254
242.849 0.171156 0.00285109
243.225 0.1712 0.00281445
243.602 0.17354 0.00283404
243.979 0.173891 0.00283117
244.356 0.173297 0.00279802
244.732 0.17269 0.00276657
245.109 0.173684 0.00276904
245.486 0.172893 0.00274005
245.862 0.178202 0.00277881
246.239 0.177556 0.00275607
246.615 0.175563 0.00272301
246.992 0.176785 0.0027175
247.368 0.176507 0.00270325
247.745 0.175575 0.00268234
248.121 0.172974 0.00263564
248.497 0.17436 0.00265344
248.874 0.178909 0.00267367
249.25 0.175981 0.00262486
249.626 0.179477 0.0026415
250.003 0.179308 0.00262831
250.379 0.176105 0.00258826
250.755 0.177824 0.00259001
251.131 0.176472 0.00256579
251.507 0.176137 0.00256925
251.884 0.176347 0.00254368
252.26 0.178552 0.00255898
252.636 0.176527 0.00252439
253.012 0.178631 0.00253018
253.388 0.179088 0.00252233
253.764 0.180343 0.00252318
254.14 0.177985 0.00250162
254.516 0.179883 0.00250719
254.892 0.180422 0.00250858
255.268 0.181783 0.00250699
255.643 0.177676 0.00247155
256.019 0.177723 0.00245688
256.395 0.177991 0.00246071
256.771 0.181833 0.00247328
257.147 0.178249 0.00244329
257.522 0.182698 0.00247614
257.898 0.178376 0.00243431
258.274 0.179295 0.00243887
258.649 0.179391 0.00243346
259.025 0.178693 0.00241724
259.4 0.178141 0.00240825
259.776 0.175347 0.00238858
260.151 0.180203 0.00242412
260.527 0.178582 0.00240918
260.902 0.179684 0.00240329
261.278 0.178598 0.00239149
261.653 0.180898 0.00240809
262.028 0.180319 0.00240446
262.404 0.177833 0.0023857
262.779 0.177003 0.00237092
263.154 0.179468 0.00238099
263.53 0.177421 0.00235824
263.905 0.176627 0.00235947
264.28 0.180049 0.00238446
264.655 0.177688 0.00236247
265.03 0.176413 0.00236313
265.405 0.178881 0.00237098
265.781 0.176887 0.0023495
266.156 0.17985 0.00237927
266.531 0.177472 0.00234945
266.906 0.17841 0.0023577
267.281 0.177343 0.00234001
267.655 0.178524 0.00236536
268.03 0.175624 0.00233777
268.405 0.178501 0.00236121
268.78 0.177637 0.00235835
269.155 0.178289 0.0023512
269.53 0.17661 0.00234131
269.904 0.175017 0.00232991
270.279 0.177225 0.00235322
270.654 0.173927 0.00231977
271.029 0.178318 0.0023555
271.403 0.176615 0.00234402
271.778 0.175136 0.00233172
272.152 0.174818 0.00233298
272.527 0.173154 0.0023197
272.901 0.173238 0.00231596
273.276 0.175943 0.00232964
273.65 0.173077 0.00230484
274.025 0.17448 0.00232913
274.399 0.172869 0.00231999
274.774 0.173615 0.00231551
275.148 0.17394 0.00231339
275.522 0.173654 0.00230536
275.897 0.175627 0.00232828
276.271 0.17198 0.00230519
276.645 0.171855 0.00229747
277.019 0.17443 0.0023162
277.393 0.173068 0.00230061
277.768 0.171874 0.00230157
278.142 0.169305 0.00227511
278.516 0.170615 0.00230147
278.89 0.169926 0.00228599
279.264 0.169997 0.00229369
279.638 0.169155 0.00227748
280.012 0.16963 0.00227794
280.386 0.172831 0.00231361
280.76 0.170395 0.00228866
281.133 0.171122 0.00229588
281.507 0.167735 0.00226967
281.881 0.169011 0.00227575
282.255 0.16703 0.00226745
282.629 0.167162 0.00227327
283.002 0.168354 0.0022804
283.376 0.164476 0.00225269
283.75 0.166574 0.00227313
284.123 0.166514 0.00226882
284.497 0.166461 0.00227193
284.87 0.163965 0.00225612
285.244 0.166237 0.00226427
285.618 0.165191 0.00226192
285.991 0.163194 0.00225822
286.364 0.165301 0.00227645
286.738 0.16174 0.00224732
287.111 0.160361 0.00222896
287.485 0.159589 0.00223516
287.858 0.162557 0.00226077
288.231 0.162383 0.00226397
288.605 0.161875 0.00226456
288.978 0.158527 0.0022325
289.351 0.162767 0.0022724
289.724 0.159333 0.00225696
290.097 0.157561 0.00224067
290.47 0.158982 0.00225746
290.843 0.158425 0.0022515
291.217 0.157908 0.00225517
291.59 0.158003 0.0022696
291.963 0.156202 0.00225135
292.336 0.156863 0.00226214
292.708 0.15823 0.00227047
293.081 0.15579 0.00225715
293.454 0.157341 0.0022717
293.827 0.154238 0.0022564
294.2 0.156532 0.00228393
294.573 0.154656 0.00226344
294.945 0.156185 0.00228924
295.318 0.154848 0.00226846
295.691 0.1523 0.00226191
296.064 0.152949 0.00226899
296.436 0.152829 0.00227085
296.809 0.152504 0.0022694
297.181 0.152162 0.00227369
297.554 0.152309 0.00228097
297.926 0.14921 0.00225748
298.299 0.151231 0.00227419
298.671 0.149362 0.00225118
299.044 0.155138 0.00230654
299.416 0.150705 0.00226933
299.788 0.149951 0.00226673
300.161 0.149609 0.00226673
300.533 0.150042 0.00227132
300.905 0.149163 0.00225371
301.278 0.149597 0.00226054
301.65 0.149137 0.00225609
302.022 0.149766 0.00227066
302.394 0.149782 0.002275
302.766 0.149844 0.00227043
303.138 0.151657 0.00229308
303.51 0.148717 0.00225518
303.882 0.148889 0.00226695
304.254 0.148552 0.002258
304.626 0.148872 0.00225808
304.998 0.14919 0.00225857
305.37 0.147446 0.00225859
305.742 0.148847 0.00226123
306.114 0.150026 0.00227264
306.485 0.147905 0.00225197
306.857 0.148809 0.00225727
307.229 0.150313 0.00227346
307.601 0.148679 0.00226617
307.972 0.153202 0.00229796
308.344 0.153089 0.00229835
308.716 0.154762 0.00232361
309.087 0.154254 0.00230871
309.459 0.156088 0.00232815
309.83 0.156365 0.00232866
310.202 0.160057 0.00235007
310.573 0.160931 0.0023565
310.945 0.165889 0.0024028
311.316 0.163587 0.00238947
311.687 0.164015 0.00238236
312.059 0.169097 0.00242427
312.43 0.1705 0.00243727
312.801 0.167322 0.00240786
313.172 0.169922 0.00243663
313.544 0.169614 0.00243396
313.915 0.170748 0.00243921
314.286 0.173753 0.00246135
314.657 0.172623 0.00244877
315.028 0.167226 0.00241563
315.399 0.166891 0.00241444
315.77 0.168518 0.00242575
316.141 0.166953 0.00241589
316.512 0.164456 0.00239899
316.883 0.163864 0.00240653
317.254 0.158185 0.00236241
317.625 0.157653 0.002363
317.996 0.156231 0.00234694
318.366 0.149265 0.0022983
318.737 0.149217 0.00229578
319.108 0.147893 0.00228879
319.478 0.145301 0.00227643
319.849 0.141076 0.00223611
320.22 0.14127 0.00224423
320.59 0.140884 0.0022401
320.961 0.139629 0.00223598
321.331 0.138556 0.00222221
321.702 0.138627 0.0022419
322.072 0.135835 0.00221619
322.443 0.137843 0.00223526
322.813 0.134199 0.00220037
323.184 0.133194 0.00220232
323.554 0.131583 0.00218908
323.924 0.127976 0.00215422
324.295 0.125782 0.00214703
324.665 0.12288 0.00212454
325.035 0.118641 0.00208227
325.405 0.115798 0.00206394
325.775 0.111194 0.00203503
326.145 0.105774 0.00198347
326.515 0.102488 0.00196471
326.886 0.101583 0.00195609
327.256 0.0958869 0.0019008
327.626 0.0926489 0.00188295
327.995 0.0918973 0.00188213
328.365 0.0902346 0.00186724
328.735 0.0888746 0.00186084
329.105 0.0909411 0.00189767
329.475 0.0954818 0.00196216
329.845 0.0967345 0.00198166
330.215 0.103575 0.00204588
330.584 0.104796 0.00203506
330.954 0.114028 0.00209577
331.324 0.116664 0.00207128
331.693 0.121168 0.00207788
332.063 0.131698 0.00215323
332.432 0.139164 0.00219908
332.802 0.153411 0.00230852
333.171 0.166064 0.00242426
333.541 0.177531 0.00255053
333.91 0.19209 0.00267316
334.28 0.206675 0.00279372
334.649 0.217838 0.0028754
335.018 0.233252 0.00298284
335.388 0.24656 0.00307407
335.757 0.257817 0.0031413
336.126 0.269068 0.00322147
336.495 0.279809 0.00328697
336.865 0.295475 0.00338286
337.234 0.306489 0.00346833
337.603 0.322633 0.00354847
337.972 0.329072 0.00359491
338.341 0.340638 0.00364703
338.71 0.354392 0.00372913
339.079 0.366289 0.00379611
339.448 0.371808 0.00381035
339.817 0.376524 0.00384214
340.186 0.387671 0.00390596
340.554 0.400289 0.00398042
340.923 0.405289 0.00399775
341.292 0.41639 0.00407401
341.661 0.426391 0.00411136
342.029 0.430166 0.004125
342.398 0.439533 0.00418809
342.767 0.444208 0.00422572
343.135 0.449957 0.00422727
343.504 0.457063 0.0042899
343.872 0.457678 0.00426851
344.241 0.461061 0.00428602
344.609 0.467185 0.00432821
344.978 0.478137 0.00438378
345.346 0.480244 0.00438101
345.715 0.483107 0.00441112
346.083 0.483984 0.00441384
346.451 0.496949 0.00448757
346.82 0.497756 0.00448721
347.188 0.501915 0.00450127
347.556 0.503301 0.00452222
347.924 0.502029 0.00449382
348.292 0.513386 0.00460404
348.66 0.51521 0.00460014
349.028 0.5132 0.00457797
349.396 0.516868 0.0046024
349.764 0.521531 0.00461994
350.132 0.522215 0.00464825
350.5 0.525023 0.00464299
350.868 0.534873 0.00471852
351.236 0.531813 0.00469456
351.604 0.532782 0.00471448
351.972 0.541844 0.00476135
352.34 0.53667 0.00473762
352.707 0.539898 0.00475356
353.075 0.540692 0.00474625
353.443 0.540478 0.00476145
353.81 0.542577 0.00478995
354.178 0.544653 0.00480002
354.545 0.545447 0.00478549
354.913 0.549453 0.00481915
355.28 0.546792 0.00479896
355.648 0.550925 0.00482758
356.015 0.55582 0.00486532
356.383 0.552689 0.00484323
356.75 0.556716 0.00487768
357.117 0.555618 0.00487106
357.485 0.561607 0.00491466
357.852 0.556437 0.00488759
358.219 0.566874 0.00493868
358.586 0.560096 0.00490454
358.954 0.562254 0.00492193
359.321 0.560869 0.00491937
359.688 0.567524 0.00496462
360.055 0.568453 0.00495962
360.422 0.565873 0.00494268
360.789 0.563794 0.00495673
361.156 0.567889 0.00497345
361.523 0.565589 0.00498267
361.89 0.567672 0.00499227
362.256 0.568279 0.00496294
362.623 0.569082 0.00500692
362.99 0.57698 0.00506176
363.357 0.57534 0.00504834
363.724 0.574442 0.00503725
364.09 0.571707 0.00503323
364.457 0.574147 0.00506667
364.823 0.573997 0.0050319
365.19 0.573367 0.00502531
365.557 0.580712 0.00507824
365.923 0.575376 0.00505551
366.29 0.577441 0.0050709
366.656 0.58373 0.00510482
367.022 0.57734 0.00505059
367.389 0.582176 0.00510497
367.755 0.582407 0.00509609
368.121 0.581374 0.00512024
368.488 0.579743 0.00510608
368.854 0.57832 0.0051018
369.22 0.580124 0.00514782
369.586 0.590836 0.00520754
369.952 0.583105 0.00518146
370.318 0.578434 0.00517681
370.684 0.588105 0.00523568
371.051 0.582486 0.00520113
371.416 0.586926 0.00524805
371.782 0.583758 0.0052171
372.148 0.583816 0.00522793
372.514 0.581986 0.00524159
372.88 0.584149 0.00524502
373.246 0.587072 0.00527427
373.612 0.578748 0.00522592
373.977 0.581048 0.00521729
374.343 0.584305 0.00522819
374.709 0.581388 0.00519822
375.074 0.586042 0.00523846
375.44 0.588875 0.00526368
375.806 0.587161 0.00528217
376.171 0.586687 0.00527543
376.537 0.588281 0.00526441
376.902 0.591531 0.00530227
377.268 0.588817 0.0052692
377.633 0.590975 0.00526753
377.998 0.582519 0.00519248
378.364 0.583885 0.00517996
378.729 0.591521 0.00520434
379.094 0.591552 0.00522241
379.459 0.593314 0.00529389
379.825 0.59217 0.00528877
380.19 0.587262 0.00526945
380.555 0.592613 0.0053407
380.92 0.598285 0.00540744
381.285 0.593045 0.00540755
381.65 0.593551 0.0053783
382.015 0.588907 0.00533589
382.38 0.588077 0.00535674
382.745 0.592402 0.00541969
383.11 0.58922 0.00539537
383.474 0.592568 0.00541275
383.839 0.587904 0.0053904
384.204 0.594337 0.005445
384.569 0.593237 0.00543699
384.933 0.591343 0.00543917
385.298 0.597123 0.0055033
385.663 0.594977 0.00550496
386.027 0.588295 0.00543879
386.392 0.588768 0.00542315
386.756 0.590621 0.00539679
387.121 0.59708 0.00543204
387.485 0.586999 0.00534222
387.849 0.586587 0.00530631
388.214 0.596319 0.00542534
388.578 0.593011 0.00540996
388.942 0.594205 0.00547911
389.307 0.592633 0.0054458
389.671 0.594433 0.00548547
390.035 0.588178 0.00542681
390.399 0.595077 0.00546035
390.763 0.592229 0.00541925
391.127 0.58621 0.00535095
391.492 0.588908 0.00530676
391.856 0.590953 0.00526976
392.219 0.588473 0.00518884
392.583 0.605062 0.00529819
392.947 0.609045 0.00539527
393.311 0.611422 0.00547514
393.675 0.601861 0.0054562
394.039 0.596861 0.0054476
394.403 0.60357 0.00549867
394.766 0.605844 0.00554477
395.13 0.603999 0.00554045
395.494 0.599264 0.0055111
395.857 0.601193 0.00551659
396.221 0.59845 0.00547722
396.584 0.597467 0.00543783
396.948 0.595017 0.00536951
397.311 0.593024 0.00527894
397.675 0.603941 0.00529542
398.038 0.602355 0.00527226
398.401 0.609823 0.00537687
398.765 0.614182 0.0054768
399.128 0.620234 0.00558504
399.491 0.613185 0.0055906
399.854 0.608434 0.00559077
400.218 0.602804 0.00555363
400.581 0.620428 0.00569321
400.944 0.607243 0.00562492
401.307 0.615804 0.00575966
401.67 0.615647 0.00574382
402.033 0.611867 0.00573072
402.396 0.612293 0.00573739
402.759 0.613967 0.00574299
403.122 0.617905 0.00575552
403.485 0.616022 0.00573773
403.847 0.619497 0.00571909
404.21 0.610536 0.00565064
404.573 0.620508 0.00567347
404.936 0.613381 0.00558992
405.298 0.629672 0.00573634
405.661 0.632016 0.00583203
406.023 0.62756 0.00587835
406.386 0.625049 0.00588039
406.749 0.622099 0.00591867
407.111 0.632032 0.00599529
407.473 0.622384 0.00586692
407.836 0.625669 0.00583334
408.198 0.625823 0.00582046
408.561 0.633999 0.0058598
408.923 0.622823 0.00578723
409.285 0.625957 0.00579386
409.647 0.632222 0.00590851
410.009 0.638122 0.00599062
410.372 0.631886 0.00596065
410.734 0.630537 0.00598425
411.096 0.627633 0.00596679
411.458 0.629598 0.00597848
411.82 0.628281 0.00593147
412.182 0.626751 0.00586478
412.544 0.634346 0.00592364
412.906 0.64219 0.00595938
413.267 0.627696 0.00587976
413.629 0.640326 0.0059998
413.991 0.644171 0.00605025
414.353 0.640143 0.00603949
414.714 0.64504 0.00614145
415.076 0.641773 0.00610626
415.438 0.637916 0.00608175
415.799 0.637411 0.00604438
416.161 0.641571 0.00612254
416.522 0.648186 0.00619241
416.884 0.638076 0.00614579
417.245 0.637522 0.00615413
417.607 0.63987 0.00615538
417.968 0.636419 0.00616178
418.329 0.635297 0.00611196
418.691 0.63813 0.00613143
419.052 0.64379 0.00614912
419.413 0.640178 0.00611845
419.774 0.642612 0.00608925
420.135 0.635413 0.00593859
420.497 0.630668 0.00582135
420.858 0.635621 0.00576297
421.219 0.644774 0.00578913
421.58 0.647467 0.00584883
421.941 0.649883 0.00593141
422.302 0.648123 0.00604562
422.662 0.653694 0.00610364
423.023 0.647099 0.00610554
423.384 0.649207 0.00613972
423.745 0.643265 0.00609072
424.106 0.648026 0.00611373
424.466 0.640485 0.00602818
424.827 0.647981 0.00611234
425.187 0.651812 0.00624955
425.548 0.652799 0.00633171
425.909 0.644382 0.00631104
426.269 0.641561 0.00625533
426.63 0.640146 0.00622512
426.99 0.640405 0.006153
427.35 0.651407 0.006232
427.711 0.64313 0.00618819
428.071 0.640206 0.0061163
428.431 0.62922 0.00596629
428.792 0.629746 0.00578068
429.152 0.633655 0.00562708
429.512 0.645818 0.00564692
429.872 0.653898 0.00569511
430.232 0.653849 0.0057526
430.592 0.66312 0.00596295
430.952 0.666688 0.00615715
431.312 0.664517 0.00628309
431.672 0.657039 0.00637513
432.032 0.651511 0.00635435
432.392 0.642701 0.00626493
432.752 0.614778 0.00585117
433.111 0.631682 0.00575574
433.471 0.653814 0.00588682
433.831 0.679155 0.00624193
434.19 0.661725 0.00618382
434.55 0.654934 0.00614118
434.91 0.656417 0.00623087
435.269 0.649647 0.00614486
435.629 0.644197 0.00608972
435.988 0.651564 0.00610292
436.348 0.656612 0.00616365
436.707 0.65776 0.0062811
437.066 0.653546 0.00626838
437.426 0.65051 0.00622168
437.785 0.642231 0.00614249
438.144 0.654755 0.00619107
438.503 0.648166 0.00621823
438.862 0.653668 0.00626588
439.222 0.65554 0.00630523
439.581 0.651178 0.00634173
439.94 0.64872 0.00630712
440.299 0.62603 0.00598129
440.658 0.624623 0.00577114
441.017 0.644201 0.00583737
441.376 0.655295 0.00593802
441.734 0.656559 0.00602373
442.093 0.652624 0.00602297
442.452 0.645163 0.0059504
442.811 0.641922 0.00588843
443.169 0.64843 0.00593591
443.528 0.656474 0.00606098
443.887 0.650445 0.00605781
444.245 0.647832 0.00604718
444.604 0.656647 0.00616895
444.962 0.655602 0.00620584
445.321 0.648319 0.00616091
445.679 0.642961 0.00610957
446.038 0.646967 0.00610099
446.396 0.655424 0.00620091
446.754 0.652577 0.00628102
447.112 0.655215 0.00631162
447.471 0.654271 0.00636585
447.829 0.64806 0.00636264
448.187 0.641569 0.00630777
448.545 0.64164 0.00629884
448.903 0.651138 0.00635811
449.261 0.652646 0.00638324
449.619 0.64691 0.00640372
449.977 0.650432 0.0064352
450.335 0.648636 0.00649459
450.693 0.650364 0.00653355
451.051 0.65575 0.00658121
451.409 0.646234 0.00651195
451.766 0.656736 0.00661434
452.124 0.655881 0.00668402
452.482 0.65813 0.00674515
452.839 0.644575 0.00671873
453.197 0.658208 0.0068716
453.555 0.64785 0.00682856
453.912 0.646737 0.00686181
454.27 0.630975 0.00662929
454.627 0.644773 0.0066482
454.984 0.64518 0.00661564
455.342 0.654446 0.00675921
455.699 0.649025 0.00678908
456.056 0.64505 0.00678083
456.414 0.638322 0.00665746
456.771 0.643459 0.00661535
457.128 0.652497 0.00661702
457.485 0.64171 0.00649276
457.842 0.648485 0.00656596
458.199 0.650758 0.00659018
458.556 0.641183 0.0064803
458.913 0.642594 0.00650734
459.27 0.647661 0.00647885
459.627 0.65633 0.00658364
459.984 0.642925 0.00649009
460.341 0.648274 0.00653319
460.697 0.658096 0.0066507
461.054 0.666264 0.00685353
461.411 0.669131 0.00701801
461.767 0.652648 0.00701629
462.124 0.648361 0.0070355
462.481 0.63587 0.00685912
462.837 0.641026 0.00679333
463.194 0.643467 0.00665458
463.55 0.647064 0.00670877
463.907 0.632651 0.00647617
464.263 0.637373 0.00640851
464.619 0.629912 0.00627391
464.976 0.638672 0.00620213
465.332 0.644969 0.00621365
465.688 0.660533 0.00640213
466.044 0.670218 0.00670932
466.4 0.669845 0.00686115
466.756 0.655713 0.00684651
467.112 0.63638 0.00672232
467.468 0.647817 0.006814
467.824 0.649974 0.00681477
468.18 0.654992 0.00695747
468.536 0.65917 0.00701453
468.892 0.649723 0.007034
469.248 0.641949 0.00702399
469.604 0.641516 0.00708197
469.959 0.645013 0.00713254
470.315 0.64189 0.00707916
470.671 0.639368 0.00707394
471.026 0.638941 0.0070166
471.382 0.639027 0.00696122
471.737 0.645839 0.00692862
472.093 0.634264 0.0067739
472.448 0.640845 0.00670919
472.804 0.632014 0.00654947
473.159 0.636525 0.00654477
473.514 0.652548 0.00663312
473.87 0.634786 0.0064775
474.225 0.621937 0.00623767
474.58 0.62734 0.00612693
474.935 0.645818 0.006223
475.29 0.65468 0.00634691
475.645 0.643367 0.0063331
476 0.63828 0.00630914
476.355 0.644775 0.00640233
476.71 0.646227 0.00642728
477.065 0.630955 0.00622526
477.42 0.62582 0.00605959
477.775 0.650133 0.00618666
478.13 0.646774 0.00617576
478.485 0.64395 0.00615779
478.839 0.632614 0.00606719
479.194 0.627446 0.00589132
479.549 0.621867 0.00574073
479.903 0.64119 0.00583834
480.258 0.655752 0.00599469
480.612 0.632116 0.00578841
480.967 0.627433 0.00565253
481.321 0.640278 0.00567688
481.675 0.649472 0.0058201
482.03 0.658262 0.00597991
482.384 0.647347 0.00595737
482.738 0.634333 0.00586517
483.093 0.634912 0.00584518
483.447 0.620809 0.00563663
483.801 0.616721 0.00547485
484.155 0.632064 0.00545883
484.509 0.564822 0.00479414
484.863 0.443465 0.00285236
485.217 0.575062 0.00284755
485.571 0.660609 0.00301924
485.925 0.841285 0.00415082
486.279 0.781478 0.00476702
486.632 0.696144 0.00491381
486.986 0.661531 0.00519998
487.34 0.672257 0.00563013
487.694 0.652317 0.00574325
488.047 0.637122 0.00574311
488.401 0.637382 0.00573758
488.754 0.640819 0.00578902
489.108 0.651055 0.00591555
489.461 0.644139 0.00594428
489.815 0.646435 0.00602457
490.168 0.629179 0.00587345
490.522 0.637946 0.00589449
490.875 0.642158 0.00592166
491.228 0.64593 0.00596853
491.581 0.625818 0.00583846
491.935 0.644247 0.00593966
492.288 0.635605 0.00591869
492.641 0.632366 0.00587001
492.994 0.62922 0.00583877
493.347 0.632344 0.00581755
493.7 0.633767 0.00579347
494.053 0.635555 0.00582064
494.406 0.647071 0.00595074
494.759 0.645889 0.00608383
495.111 0.62041 0.00582122
495.464 0.605899 0.0055079
495.817 0.619022 0.00540733
496.169 0.654487 0.00571221
496.522 0.671354 0.0060112
496.875 0.655044 0.00616133
497.227 0.637135 0.00612129
497.58 0.631159 0.00613108
497.932 0.629682 0.00607111
498.285 0.62912 0.00602579
498.637 0.618936 0.00583849
498.989 0.632994 0.00581929
499.342 0.637772 0.00584404
499.694 0.647287 0.00600589
500.046 0.651412 0.00613267
500.398 0.62024 0.00584158
500.751 0.61448 0.00571408
501.103 0.626358 0.0057838
501.455 0.637409 0.00582308
501.807 0.636271 0.00582794
502.159 0.634551 0.00582069
502.511 0.634198 0.0058285
502.862 0.640301 0.00586945
503.214 0.645744 0.00596964
503.566 0.649153 0.00609404
503.918 0.636263 0.00611277
504.27 0.628386 0.0060579
504.621 0.629738 0.00606906
504.973 0.64462 0.00620035
505.324 0.631704 0.00611686
505.676 0.626874 0.00598616
506.027 0.637925 0.00601084
506.379 0.663207 0.00632229
506.73 0.642849 0.00636082
507.082 0.623096 0.00620665
507.433 0.618673 0.00609394
507.784 0.631033 0.00611225
508.136 0.642293 0.00624555
508.487 0.643843 0.00628062
508.838 0.635621 0.00632772
509.189 0.631045 0.00630892
509.54 0.625996 0.00621196
509.891 0.638183 0.00633735
510.242 0.632116 0.0062863
510.593 0.638893 0.00636223
510.944 0.637896 0.00640351
511.295 0.637647 0.00649803
511.646 0.647577 0.00666184
511.996 0.627695 0.0065242
512.347 0.626814 0.00647098
512.698 0.626157 0.00645308
513.049 0.629894 0.00648487
513.399 0.639072 0.00662261
513.75 0.634478 0.00656848
514.1 0.63782 0.00664478
514.451 0.644809 0.00685251
514.801 0.643146 0.00689461
515.152 0.62942 0.00673349
515.502 0.619293 0.0065575
515.852 0.626027 0.00653454
516.202 0.630633 0.00655528
516.553 0.643594 0.00669635
516.903 0.641309 0.00678376
517.253 0.642207 0.00690178
517.603 0.640523 0.00693862
517.953 0.622141 0.00676274
518.303 0.622744 0.00665577
518.653 0.631566 0.00660161
519.003 0.643219 0.00672153
519.353 0.649356 0.00697195
519.703 0.658143 0.00722611
520.052 0.633511 0.00710072
520.402 0.620044 0.00700728
520.752 0.6298 0.00698496
521.102 0.631658 0.00702061
521.451 0.63685 0.00715758
521.801 0.629361 0.00709608
522.15 0.622551 0.00701187
522.5 0.629683 0.00696612
522.849 0.633486 0.00700575
523.199 0.626975 0.00687853
523.548 0.627936 0.00686662
523.897 0.634785 0.0068907
524.246 0.643718 0.00708014
524.596 0.643075 0.00719291
524.945 0.62393 0.007036
525.294 0.629964 0.00706304
525.643 0.629024 0.007065
525.992 0.638519 0.00710234
526.341 0.623659 0.00696442
526.69 0.635161 0.00709954
527.039 0.650375 0.00724774
527.388 0.63496 0.00720345
527.737 0.603101 0.00683423
528.086 0.606192 0.00663687
528.434 0.624737 0.00659781
528.783 0.651299 0.00682268
529.132 0.642908 0.00691924
529.48 0.6411 0.00702386
529.829 0.64355 0.0071123
530.177 0.637692 0.00712458
530.526 0.641931 0.0071958
530.874 0.623904 0.00702086
531.223 0.633384 0.00705885
531.571 0.628741 0.00702983
531.919 0.634455 0.00708062
532.268 0.603979 0.00672941
532.616 0.607044 0.00652097
532.964 0.629192 0.00651124
533.312 0.640949 0.00658882
533.66 0.632565 0.00654399
534.008 0.624904 0.00648188
534.356 0.626964 0.0064823
534.704 0.635805 0.00659295
535.052 0.634299 0.00664516
535.4 0.641463 0.00682351
535.748 0.642374 0.00701213
536.095 0.6438 0.00719914
536.443 0.632914 0.00717111
536.791 0.614724 0.00695317
537.139 0.613338 0.00677283
537.486 0.61573 0.00664808
537.834 0.626255 0.00663391
538.181 0.63258 0.00664124
538.529 0.625021 0.0066027
538.876 0.628923 0.0066363
539.223 0.635861 0.00674406
539.571 0.631938 0.00686588
539.918 0.623435 0.00681529
540.265 0.613335 0.00664389
540.613 0.618312 0.00657379
540.96 0.633766 0.00670088
541.307 0.629669 0.00670177
541.654 0.638349 0.00678999
542.001 0.620482 0.00664731
542.348 0.626784 0.00669342
542.695 0.618317 0.00665597
543.042 0.62047 0.00657148
543.388 0.613736 0.00646603
543.735 0.62008 0.00647064
544.082 0.624963 0.00649653
544.429 0.629984 0.00652915
544.775 0.643261 0.00673314
545.122 0.652408 0.00697817
545.469 0.63783 0.00704016
545.815 0.615754 0.00690892
546.162 0.622652 0.00689689
546.508 0.607951 0.00667232
546.854 0.607901 0.00649292
547.201 0.595621 0.00614122
547.547 0.625598 0.0062292
547.893 0.641675 0.00640587
548.24 0.659409 0.00677914
548.586 0.656947 0.00713956
548.932 0.627757 0.0070801
549.278 0.62815 0.00716158
549.624 0.611095 0.00696998
549.97 0.637273 0.0071953
550.316 0.639266 0.00736615
550.662 0.628109 0.00735305
551.008 0.593063 0.00690943
551.353 0.596642 0.00654044
551.699 0.611948 0.00637544
552.045 0.656676 0.00674336
552.391 0.645652 0.00686346
552.736 0.626674 0.00679954
553.082 0.621375 0.00679719
553.427 0.640547 0.0069782
553.773 0.646229 0.00725133
554.118 0.62531 0.00720909
554.464 0.605883 0.00690655
554.809 0.591864 0.00658297
555.154 0.613973 0.00654563
555.5 0.633269 0.00669312
555.845 0.648335 0.00696473
556.19 0.628912 0.00701762
556.535 0.631307 0.00722901
556.88 0.604335 0.0070174
557.225 0.621664 0.00706875
557.57 0.633576 0.00721831
557.915 0.646508 0.00751239
558.26 0.618438 0.00742621
558.605 0.610711 0.00740472
558.95 0.603443 0.00724176
559.295 0.593907 0.00683354
559.639 0.600124 0.0065817
559.984 0.606192 0.00638491
560.329 0.63105 0.00644076
560.673 0.629011 0.0064462
561.018 0.648718 0.00670556
561.362 0.636122 0.00679454
561.707 0.625342 0.00691414
562.051 0.615261 0.00680074
562.395 0.610831 0.00675027
562.74 0.614332 0.00661644
563.084 0.618328 0.00653426
563.428 0.606239 0.00632444
563.772 0.627925 0.00646354
564.117 0.612377 0.00633846
564.461 0.623253 0.00636424
564.805 0.628024 0.00645701
565.149 0.61411 0.00636077
565.493 0.616438 0.00635395
565.836 0.609231 0.00622689
566.18 0.614316 0.00618053
566.524 0.575378 0.00561984
566.868 0.601291 0.00554815
567.212 0.616093 0.00550985
567.555 0.609988 0.00541562
567.899 0.587371 0.00510424
568.242 0.592838 0.00490998
568.586 0.582167 0.00458175
568.929 0.579124 0.00427529
569.273 0.591559 0.00406773
569.616 0.617414 0.00410374
569.96 0.609438 0.00402472
570.303 0.598237 0.00386789
570.646 0.608099 0.00384022
570.989 0.597323 0.00370185
571.333 0.61895 0.00376567
571.676 0.633167 0.00391905
572.019 0.663188 0.00434632
572.362 0.570482 0.00391516
572.705 0.563351 0.00361049
573.048 0.590868 0.00349344
573.391 0.598981 0.00340361
573.733 0.608239 0.00335342
574.076 0.608435 0.0033169
574.419 0.63278 0.00343379
574.762 0.635499 0.00362294
575.104 0.647649 0.00389677
575.447 0.597371 0.00380213
575.789 0.568732 0.00351487
576.132 0.579308 0.00331164
576.474 0.612478 0.00338385
576.817 0.580552 0.00306761
577.159 0.593583 0.00292641
577.501 0.638247 0.0029966
577.844 0.675166 0.00325071
578.186 0.683023 0.00364489
578.528 0.613481 0.00366916
578.87 0.595702 0.00363558
579.212 0.576696 0.0035049
579.554 0.591208 0.00340337
579.896 0.615569 0.00349862
580.238 0.584351 0.00328953
580.58 0.552497 0.00280705
580.922 0.640083 0.00290629
581.264 0.72202 0.00308663
581.606 0.69272 0.00304252
581.947 0.658376 0.0031369
582.289 0.667426 0.0034719
582.631 0.647124 0.00380008
582.972 0.615145 0.00398861
583.314 0.584669 0.0039052
583.655 0.580193 0.00380923
583.997 0.55698 0.00343989
584.338 0.576923 0.00322416
584.679 0.590086 0.00311141
585.021 0.638726 0.00326103
585.362 0.654458 0.00353292
585.703 0.646844 0.00377451
586.044 0.59725 0.00372689
586.385 0.567449 0.00345583
586.726 0.576575 0.00331261
587.067 0.635353 0.00354213
587.408 0.642441 0.00377062
587.749 0.629933 0.00390971
588.09 0.623377 0.00406033
588.431 0.634304 0.00430615
588.772 0.62214 0.00448846
589.113 0.589907 0.00432547
589.453 0.605481 0.00436163
589.794 0.627932 0.00453402
590.134 0.637395 0.0047965
590.475 0.61904 0.00487975
590.815 0.594196 0.00477095
591.156 0.604274 0.00480215
591.496 0.590957 0.00470429
591.837 0.527328 0.00385457
592.177 0.560121 0.00358985
592.517 0.597125 0.0034759
592.857 0.653637 0.00377576
593.198 0.646479 0.00397555
593.538 0.662534 0.00441365
593.878 0.613255 0.00447203
594.218 0.571991 0.00423328
594.558 0.580524 0.00407949
594.898 0.619059 0.00426949
595.237 0.643364 0.00458089
595.577 0.632875 0.00485165
595.917 0.626455 0.00510659
596.257 0.577658 0.00479518
596.596 0.581728 0.00468015
596.936 0.600935 0.0046084
597.276 0.636543 0.00492065
597.615 0.603729 0.00479129
597.955 0.538507 0.00406442
598.294 0.574579 0.00385282
598.633 0.61349 0.00393726
598.973 0.645192 0.00419161
599.312 0.603952 0.00407682
599.651 0.605941 0.00407559
599.991 0.620083 0.0042316
600.33 0.613281 0.00425337
600.669 0.613396 0.00438136
601.008 0.624159 0.00455178
601.347 0.623152 0.00473945
601.686 0.585895 0.00450897
602.025 0.615374 0.00462021
602.364 0.573499 0.00428093
602.702 0.60938 0.00433007
603.041 0.608858 0.00430704
603.38 0.630914 0.004546
603.719 0.634915 0.00478945
604.057 0.612578 0.00487273
604.396 0.597182 0.00481526
604.734 0.57602 0.00461644
605.073 0.563595 0.00417052
605.411 0.617463 0.00436743
605.75 0.63001 0.00449975
606.088 0.637172 0.00480904
606.426 0.586892 0.00456133
606.764 0.595078 0.00451574
607.103 0.618343 0.00466025
607.441 0.623027 0.00488573
607.779 0.61563 0.0049961
608.117 0.598363 0.00490141
608.455 0.625088 0.00515535
608.793 0.605475 0.00521266
609.131 0.56762 0.00477543
609.469 0.58928 0.0046877
609.806 0.613206 0.00476442
610.144 0.65293 0.00527587
610.482 0.607117 0.00523672
610.819 0.59943 0.00517303
611.157 0.598567 0.00518712
611.495 0.621967 0.00545853
611.832 0.603426 0.00543992
612.17 0.597812 0.00537578
612.507 0.594736 0.00529102
612.844 0.608674 0.00539518
613.182 0.605455 0.0054096
613.519 0.600127 0.00535511
613.856 0.603624 0.00533621
614.193 0.596042 0.00528447
614.53 0.598229 0.00516884
614.867 0.597789 0.00509624
615.205 0.635666 0.00552372
615.541 0.619403 0.0056234
615.878 0.614489 0.00586871
616.215 0.587608 0.00574573
616.552 0.606594 0.00586755
616.889 0.59078 0.00570468
617.226 0.597178 0.00563108
617.562 0.614236 0.00581203
617.899 0.641684 0.00629896
618.235 0.637034 0.0066268
618.572 0.615502 0.00679758
618.908 0.580748 0.00648145
619.245 0.58219 0.00620425
619.581 0.590637 0.0060832
619.918 0.654706 0.00675449
620.254 0.688212 0.00781387
620.59 0.610626 0.00769218
620.926 0.560173 0.00697271
621.262 0.567122 0.00663102
621.599 0.610165 0.00675191
621.935 0.613368 0.00680012
622.271 0.590849 0.00643027
622.606 0.600475 0.00628956
622.942 0.630337 0.00652273
623.278 0.635498 0.00680414
623.614 0.577072 0.00623595
623.95 0.597864 0.00624583
624.285 0.615291 0.00640955
624.621 0.647234 0.00692078
624.957 0.613902 0.00698991
625.292 0.612246 0.00713621
625.628 0.629372 0.00751553
625.963 0.60368 0.00745601
626.299 0.584047 0.00720339
626.634 0.598958 0.00716791
626.969 0.618815 0.00737019
627.304 0.660376 0.00810819
627.64 0.646739 0.00866297
627.975 0.596125 0.00835574
628.31 0.563168 0.00774121
628.645 0.590461 0.00761342
628.98 0.626558 0.00797561
629.315 0.62315 0.00805622
629.65 0.60833 0.00803763
629.985 0.609523 0.00805339
630.319 0.638553 0.00857341
630.654 0.614922 0.00856314
630.989 0.602078 0.00841928
631.323 0.616317 0.0086841
631.658 0.628468 0.00902399
631.993 0.62368 0.00940698
632.327 0.599384 0.00930441
632.662 0.611381 0.00937769
632.996 0.594122 0.00911993
633.33 0.610222 0.00915748
633.665 0.645281 0.00958011
633.999 0.631444 0.00973758
634.333 0.621535 0.00978715
634.667 0.611587 0.00971508
635.001 0.591843 0.00928723
635.335 0.587573 0.00897155
635.669 0.582906 0.00857407
636.003 0.617232 0.0088271
636.337 0.642342 0.00935944
636.671 0.643254 0.00982545
637.005 0.619653 0.0100483
637.339 0.603495 0.00994977
637.672 0.585553 0.0095473
638.006 0.603924 0.00944661
638.339 0.623527 0.00957985
638.673 0.639133 0.010036
639.006 0.630402 0.0102051
639.34 0.615996 0.0101929
639.673 0.622436 0.0103466
640.007 0.606693 0.0102291
640.34 0.622932 0.0104633
640.673 0.61719 0.0106397
641.006 0.622222 0.0107959
641.34 0.625206 0.0109062
641.673 0.631825 0.0112292
642.006 0.629106 0.0114144
642.339 0.602452 0.011041
642.672 0.618145 0.0110843
643.004 0.624763 0.0111911
643.337 0.634952 0.0115236
643.67 0.623194 0.0115247
644.003 0.601725 0.0111319
644.336 0.607158 0.0112493
644.668 0.632015 0.0115099
645.001 0.635226 0.0116805
645.333 0.645286 0.0119478
645.666 0.636397 0.0122022
645.998 0.627719 0.0124219
646.331 0.623114 0.0123818
646.663 0.617678 0.01231
646.995 0.580177 0.0113423
647.327 0.571512 0.0105246
647.66 0.581862 0.00986101
647.992 0.609514 0.00982927
648.324 0.607536 0.00972557
648.656 0.635279 0.0100708
648.988 0.635182 0.0103941
649.32 0.651771 0.0111236
649.652 0.634519 0.0116309
649.983 0.604203 0.0116512
650.315 0.618257 0.011959
650.647 0.588839 0.0114767
650.979 0.59056 0.0110105
651.31 0.583033 0.0105358
651.642 0.58682 0.0101842
651.973 0.604445 0.0103004
652.305 0.617642 0.0104048
652.636 0.621379 0.0104857
652.967 0.629825 0.0108514
653.299 0.610276 0.0108707
653.63 0.601353 0.0108426
653.961 0.571842 0.010067
654.292 0.490216 0.00779083
654.623 0.232771 0.00222733
654.955 0.900679 0.00343451
655.286 0.900623 0.0034343
655.616 0.900567 0.00343409
655.947 0.90051 0.00343387
656.278 0.900453 0.00343365
656.609 0.837696 0.00331173
656.94 0.517388 0.00327317
657.27 0.403369 0.00342443
657.601 0.376099 0.00378917
657.932 0.407357 0.00469017
658.262 0.460693 0.00608893
658.593 0.521374 0.00790672
658.923 0.581211 0.00997988
659.254 0.581757 0.011122
659.584 0.605183 0.0121859
659.914 0.602281 0.012719
660.244 0.613458 0.013274
660.575 0.605918 0.0132739
660.905 0.614168 0.0133659
661.235 0.626851 0.0133254
661.565 0.610598 0.0129962
661.895 0.620884 0.0130716
662.225 0.632586 0.0133838
662.555 0.631603 0.0134908
662.884 0.631147 0.013476
663.214 0.597722 0.0128651
663.544 0.614641 0.0128708
663.873 0.631776 0.0130303
664.203 0.588749 0.012199
664.533 0.623502 0.0124548
664.862 0.618198 0.0122217
665.192 0.640228 0.0126586
665.521 0.649153 0.0133075
665.85 0.652614 0.0139255
666.18 0.651928 0.0144346
666.509 0.608477 0.0138916
666.838 0.614618 0.0139014
667.167 0.634127 0.0138863
667.496 0.644693 0.0140766
667.825 0.631426 0.0138586
668.154 0.629713 0.0138824
668.483 0.624834 0.0138517
668.812 0.620298 0.0135029
669.141 0.629651 0.013485
669.47 0.612668 0.0129817
669.798 0.62724 0.0132314
670.127 0.652517 0.0138141
670.456 0.594543 0.0126577
670.784 0.561135 0.0110804
671.113 0.577055 0.0102469
671.441 0.592985 0.00968951
671.77 0.633299 0.0100648
672.098 0.649026 0.0105563
672.426 0.674971 0.011788
672.755 0.642565 0.0123218
673.083 0.61251 0.0124045
673.411 0.590483 0.0122788
673.739 0.625742 0.0127216
674.067 0.625776 0.0131247
674.395 0.613064 0.0133157
674.723 0.595614 0.0127577
675.051 0.591184 0.0125704
675.379 0.643448 0.0131616
675.706 0.647618 0.0131875
676.034 0.641635 0.0133906
676.362 0.649669 0.013713
676.689 0.577769 0.0122774
677.017 0.584216 0.0114322
677.344 0.596681 0.0110562
677.672 0.636711 0.0114414
677.999 0.644096 0.0118568
678.327 0.610969 0.0113628
678.654 0.584775 0.0105306
678.981 0.595518 0.01033
679.308 0.613193 0.0104264
679.636 0.642982 0.0110718
679.963 0.646968 0.0116516
680.29 0.616677 0.0117167
680.617 0.609557 0.0114426
680.944 0.606757 0.0111945
681.271 0.634189 0.0114942
681.597 0.641257 0.0122312
681.924 0.651442 0.0131781
682.251 0.620477 0.0131982
682.578 0.588106 0.0122764
682.904 0.576507 0.0113852
683.231 0.590449 0.0109969
683.557 0.601832 0.0107984
683.884 0.599185 0.010535
684.21 0.600346 0.0102152
684.536 0.58976 0.00977479
684.863 0.610416 0.00982372
685.189 0.616911 0.00990598
685.515 0.642073 0.0105477
685.841 0.619113 0.0107838
686.167 0.606577 0.010835
686.493 0.590893 0.0104503
686.819 0.60417 0.0106244
687.145 0.631818 0.0112417
687.471 0.656786 0.0122758
687.797 0.633623 0.0126681
688.123 0.587291 0.0120872
688.448 0.596196 0.0119902
688.774 0.587092 0.0114318
689.1 0.626352 0.0119314
689.425 0.64156 0.0125042
689.751 0.614907 0.0124914
690.076 0.58722 0.0117873
690.402 0.569587 0.0108091
690.727 0.594975 0.0106548
691.052 0.635659 0.0111377
691.377 0.65404 0.0117125
691.703 0.623594 0.01167
692.028 0.626664 0.0118853
692.353 0.592201 0.0112217
692.678 0.59669 0.0112579
693.003 0.619649 0.0116376
693.328 0.659199 0.0130182
693.652 0.650362 0.0137124
693.977 0.586925 0.0129078
694.302 0.567756 0.0120737
694.627 0.591912 0.0118762
694.951 0.646751 0.0128069
695.276 0.672628 0.0140988
695.6 0.635308 0.014347
695.925 0.549687 0.0121411
696.249 0.537388 0.0105081
696.574 0.57303 0.0100027
696.898 0.648849 0.010881
697.222 0.660308 0.0115833
697.546 0.622416 0.0117433
697.871 0.610914 0.0120054
698.195 0.610159 0.0121336
698.519 0.614382 0.0124102
698.843 0.631706 0.0128812
699.167 0.623877 0.0132822
699.491 0.618623 0.0136953
699.814 0.617563 0.014014
700.138 0.610026 0.0138948
700.462 0.60776 0.0139914
700.786 0.612599 0.0140675
701.109 0.60677 0.0136889
701.433 0.590171 0.0129376
701.756 0.582183 0.0124415
702.08 0.624781 0.0128064
702.403 0.622111 0.0128918
702.726 0.634784 0.0135553
703.05 0.640104 0.0140698
703.373 0.614162 0.0140581
703.696 0.621317 0.0141194
704.019 0.642339 0.0147983
704.342 0.641534 0.0152444
704.665 0.637692 0.0157634
704.988 0.619404 0.0157164
705.311 0.581022 0.0145221
705.634 0.557924 0.0130004
705.957 0.555322 0.0115949
706.28 0.582963 0.0109508
706.602 0.61365 0.0108789
706.925 0.63079 0.0111331
707.247 0.647755 0.0117085
707.57 0.646837 0.0122545
707.892 0.614421 0.0122357
708.215 0.609346 0.0127398
708.537 0.620075 0.0133789
708.859 0.619911 0.0136369
709.182 0.613935 0.0134964
709.504 0.582037 0.0126667
709.826 0.583629 0.0124222
710.148 0.602798 0.0127126
710.47 0.633734 0.0133634
710.792 0.635229 0.0137863
711.114 0.627175 0.0141114
711.436 0.622923 0.0145525
711.758 0.598097 0.0140821
712.079 0.590947 0.0138222
712.401 0.584448 0.0133026
712.723 0.585779 0.0126635
713.044 0.575246 0.0119548
713.366 0.615695 0.012038
713.687 0.614217 0.0119813
714.009 0.645192 0.0127088
714.33 0.619704 0.0126744
714.652 0.643159 0.0132995
714.973 0.619214 0.0134686
715.294 0.640804 0.0143236
715.615 0.642335 0.0152204
715.936 0.613308 0.01526
716.257 0.614108 0.0155346
716.578 0.626026 0.0157797
716.899 0.610953 0.0153779
717.22 0.583661 0.0140246
717.541 0.609612 0.013954
717.862 0.614516 0.0136886
718.182 0.64167 0.0142036
718.503 0.601165 0.0133838
718.824 0.626444 0.0138403
719.144 0.644061 0.0142006
719.465 0.651459 0.0146743
719.785 0.594009 0.0139002
720.105 0.596711 0.0135408
720.426 0.605911 0.013523
720.746 0.627331 0.0139567
721.066 0.615241 0.0138859
721.386 0.620831 0.0141124
721.706 0.638401 0.0146989
722.026 0.62968 0.014771
722.346 0.607635 0.0147754
722.666 0.611589 0.0147123
722.986 0.61059 0.0143918
723.306 0.637184 0.0147517
723.626 0.64227 0.0150872
723.946 0.619588 0.0148378
724.265 0.577774 0.013738
724.585 0.588589 0.0131546
724.904 0.594019 0.0128417
725.224 0.62412 0.013279
725.543 0.623117 0.0132494
725.863 0.605727 0.0130812
726.182 0.627573 0.0136505
726.501 0.634372 0.0142733
726.82 0.605363 0.0140591
727.14 0.583612 0.0132989
727.459 0.586238 0.0130335
727.778 0.5997 0.0129763
728.097 0.625075 0.0134298
728.416 0.598136 0.0129677
728.734 0.587368 0.0125475
729.053 0.608681 0.0125673
729.372 0.620476 0.0126799
729.691 0.591696 0.0121339
730.009 0.572853 0.0112912
730.328 0.5847 0.0110479
730.647 0.611994 0.0112585
730.965 0.61446 0.0115559
731.283 0.62116 0.0120776
731.602 0.619875 0.0123783
731.92 0.588026 0.0119644
732.238 0.581397 0.0115806
732.557 0.584093 0.0113098
732.875 0.596429 0.0113807
733.193 0.559173 0.0104283
733.511 0.576938 0.0101887
733.829 0.618066 0.0106393
734.147 0.647453 0.0115651
734.465 0.635125 0.0121289
734.782 0.580746 0.0115918
735.1 0.591682 0.0115515
735.418 0.590204 0.0114211
735.735 0.587582 0.0113214
736.053 0.599609 0.0115062
736.371 0.591482 0.0113872
736.688 0.602377 0.0118175
737.005 0.622515 0.0127319
737.323 0.617594 0.0133117
737.64 0.591392 0.0132118
737.957 0.565359 0.0124873
738.274 0.538681 0.0111024
738.592 0.573682 0.0109511
738.909 0.617113 0.0114924
739.226 0.657824 0.0128603
739.543 0.626131 0.0135447
739.86 0.615259 0.0140709
740.176 0.602487 0.0145074
740.493 0.632547 0.015541
740.81 0.612532 0.0155225
741.127 0.583469 0.0148072
741.443 0.578232 0.0142741
741.76 0.580999 0.0136312
742.076 0.605007 0.0138344
742.393 0.623766 0.014539
742.709 0.64543 0.0156609
743.025 0.623845 0.0160265
743.342 0.609738 0.0156728
743.658 0.605495 0.0153801
743.974 0.614837 0.0151803
744.29 0.597183 0.0146846
744.606 0.612689 0.0151557
744.922 0.627445 0.0154706
745.238 0.624833 0.0154561
745.554 0.634144 0.0158305
745.87 0.617064 0.0157595
746.186 0.569776 0.0147801
746.501 0.599785 0.014616
746.817 0.603983 0.0145505
747.132 0.639844 0.0158709
747.448 0.625775 0.0165215
747.763 0.609733 0.0163985
748.079 0.569991 0.0152987
748.394 0.56742 0.0141821
748.71 0.570559 0.0132767
749.025 0.570614 0.0123662
749.34 0.581614 0.0122178
749.655 0.597728 0.0124653
749.97 0.62431 0.0132449
750.285 0.591864 0.0130798
750.6 0.576971 0.0127785
750.915 0.555888 0.0120738
751.23 0.592139 0.0125765
751.545 0.592809 0.0129523
751.859 0.598548 0.013653
752.174 0.593411 0.014092
752.489 0.557799 0.0129603
752.803 0.535507 0.011995
753.118 0.573229 0.0121476
753.432 0.597366 0.0126638
753.747 0.60161 0.0132772
754.061 0.566834 0.0126491
754.375 0.561265 0.0120342
754.689 0.56381 0.0117115
755.004 0.573796 0.0116087
755.318 0.568193 0.0114067
755.632 0.549723 0.0107663
755.946 0.561084 0.0105934
756.26 0.550679 0.0101334
756.573 0.534953 0.00942398
756.887 0.545247 0.00923399
757.201 0.575524 0.00951539
757.515 0.60767 0.0105722
757.828 0.601674 0.0113475
758.142 0.558917 0.0110688
758.455 0.512786 0.009959
758.769 0.525461 0.00952015
759.082 0.547851 0.00954093
759.396 0.562532 0.00944801
759.709 0.554882 0.00929669
760.022 0.55568 0.00925223
760.335 0.584989 0.00991479
760.648 0.578363 0.01049
760.962 0.575448 0.0112594
761.275 0.566042 0.0118502
761.587 0.559904 0.0120713
761.9 0.544768 0.011992
762.213 0.516406 0.011322
762.526 0.540669 0.0111604
762.839 0.555722 0.0112647
763.151 0.543415 0.0108634
763.464 0.525334 0.0101365
763.776 0.516509 0.00939866
764.089 0.544305 0.00924192
764.401 0.566207 0.00967872
764.714 0.583199 0.0103302
765.026 0.578635 0.0109613
765.338 0.573232 0.0115907
765.65 0.585681 0.0126811
765.962 0.574421 0.0132278
766.275 0.563524 0.0136556
766.587 0.55977 0.0137903
766.898 0.524703 0.0129925
767.21 0.548193 0.0127142
767.522 0.513838 0.0113401
767.834 0.540442 0.0110623
768.146 0.573621 0.0114295
768.457 0.595562 0.012097
768.769 0.601525 0.0128273
769.08 0.551156 0.0125884
769.392 0.534259 0.0120224
769.703 0.517591 0.0112156
770.015 0.52845 0.0108699
770.326 0.56173 0.0111257
770.637 0.578973 0.0116439
770.948 0.620785 0.0128796
771.26 0.586894 0.0134008
771.571 0.560688 0.0133233
771.882 0.561414 0.0133112
772.193 0.542288 0.012776
772.504 0.556657 0.0131368
772.814 0.587158 0.0140298
773.125 0.585147 0.0142192
773.436 0.562532 0.0142605
773.747 0.567732 0.0148053
774.057 0.568267 0.0152156
774.368 0.576077 0.0153754
774.678 0.583423 0.0158459
774.989 0.562315 0.0159975
775.299 0.576366 0.0166372
775.609 0.578646 0.0166796
775.919 0.572237 0.016407
776.23 0.569831 0.0161819
776.54 0.588655 0.0167052
776.85 0.56982 0.0162964
777.16 0.564584 0.0161171
777.47 0.560391 0.015351
777.78 0.563269 0.0145025
778.089 0.530155 0.0132902
778.399 0.568576 0.0137264
778.709 0.58384 0.0141922
779.019 0.601553 0.0152306
779.328 0.608325 0.0163013
779.638 0.551588 0.0155899
779.947 0.527176 0.0142828
780.257 0.519849 0.0127786
780.566 0.530983 0.0123077
780.875 0.568997 0.0127772
781.185 0.573063 0.013476
781.494 0.555791 0.0137742
781.803 0.541542 0.0136843
782.112 0.554662 0.014223
782.421 0.547241 0.0140275
782.73 0.542014 0.0136766
783.039 0.557759 0.0138994
783.348 0.579614 0.014871
783.656 0.591494 0.0163342
783.965 0.548339 0.0159482
784.274 0.546787 0.0155841
784.582 0.539944 0.0149846
784.891 0.548058 0.014812
785.199 0.57371 0.0152545
785.508 0.600105 0.0162153
785.816 0.593376 0.0164037
786.124 0.561642 0.0159422
786.432 0.548258 0.0147722
786.741 0.546111 0.0141983
787.049 0.564801 0.0142643
787.357 0.560487 0.0141781
787.665 0.534827 0.013783
787.973 0.558905 0.0142275
788.281 0.565812 0.0147693
788.588 0.586027 0.015641
788.896 0.59401 0.0166993
789.204 0.578327 0.0169949
789.511 0.549143 0.016848
789.819 0.549592 0.0169337
790.126 0.574426 0.0174445
790.434 0.56361 0.0174076
790.741 0.568123 0.0176181
791.049 0.572751 0.0174617
791.356 0.574357 0.017953
791.663 0.609966 0.0194442
791.97 0.597012 0.0188488
792.277 0.645896 0.0202448
792.584 0.567766 0.0176453
792.891 0.514161 0.014759
793.198 0.514546 0.0135875
793.505 0.538752 0.0135343
793.812 0.562866 0.0139879
794.119 0.57286 0.0145302
794.425 0.565242 0.0147068
794.732 0.555222 0.0152126
795.038 0.622913 0.0178518
795.345 0.602212 0.0188808
795.651 0.595324 0.0198186
795.958 0.550393 0.0193016
796.264 0.52404 0.0181274
796.57 0.543466 0.0174244
796.876 0.579818 0.0175355
797.183 0.583833 0.0180225
797.489 0.615073 0.0192203
797.795 0.584131 0.0189043
798.101 0.597541 0.0193441
798.406 0.598618 0.0191816
798.712 0.585377 0.0191957
799.018 0.599017 0.0201057
799.324 0.618573 0.020599
799.629 0.616857 0.0207705
799.935 0.575886 0.020105
800.24 0.616307 0.0209473
800.546 0.569887 0.0199713
800.851 0.613284 0.021605
801.157 0.621796 0.0220521
801.462 0.629396 0.0225227
801.767 0.614415 0.0224971
802.072 0.557188 0.0206217
802.377 0.581921 0.0203648
802.682 0.557893 0.0194435
802.987 0.575467 0.0198393
803.292 0.622951 0.0218083
803.597 0.590913 0.0215876
803.902 0.617642 0.0221502
804.207 0.594087 0.0211069
804.511 0.569301 0.0203062
804.816 0.578796 0.0198545
805.12 0.554578 0.0180657
805.425 0.543929 0.0167952
805.729 0.569116 0.0170762
806.034 0.601682 0.0180992
806.338 0.609442 0.0189045
806.642 0.596468 0.0194769
806.946 0.564588 0.0189021
807.251 0.582907 0.019214
807.555 0.57717 0.0190483
807.859 0.578195 0.0189143
808.162 0.580077 0.0190335
808.466 0.592424 0.0199863
808.77 0.575515 0.0201337
809.074 0.566873 0.0204487
809.378 0.616021 0.0217624
809.681 0.608261 0.0220392
809.985 0.625747 0.0222317
810.288 0.59567 0.0213778
810.592 0.623051 0.0226086
810.895 0.619358 0.0226696
811.198 0.623441 0.0231638
811.502 0.691328 0.0259819
811.805 0.632644 0.0244501
812.108 0.628331 0.0249462
812.411 0.629515 0.0237636
812.714 0.554283 0.0202038
813.017 0.556063 0.0191511
813.32 0.62037 0.0201847
813.623 0.602812 0.0201182
813.926 0.663307 0.0231094
814.228 0.685181 0.0244483
814.531 0.640592 0.0243392
814.833 0.620277 0.0242087
815.136 0.62245 0.0243039
815.438 0.678037 0.0259212
815.741 0.643743 0.0249425
816.043 0.620322 0.0241273
816.345 0.594829 0.0227402
816.648 0.618126 0.0233618
816.95 0.634413 0.0239967
817.252 0.667085 0.0251918
817.554 0.669895 0.0253082
817.856 0.661236 0.0257076
818.158 0.663968 0.02642
818.46 0.713297 0.0280209
818.761 0.683472 0.0269081
819.063 0.66483 0.026502
819.365 0.670614 0.0262641
819.666 0.639198 0.024168
819.968 0.626867 0.0231559
820.269 0.600048 0.0217255
820.571 0.651658 0.0232604
820.872 0.642741 0.0239089
821.173 0.670326 0.0254482
821.475 0.665808 0.0258854
821.776 0.649224 0.0258103
822.077 0.591282 0.0247576
822.378 0.619054 0.0248795
822.679 0.685939 0.0268876
822.98 0.65261 0.0266836
823.281 0.690775 0.0279803
823.581 0.674697 0.0274699
823.882 0.696702 0.0284865
824.183 0.693715 0.0277032
824.483 0.609737 0.025442
824.784 0.605804 0.0239345
825.084 0.670963 0.0254514
825.385 0.616119 0.024005
825.685 0.662372 0.0258182
825.985 0.672051 0.0267417
826.286 0.637515 0.0259195
826.586 0.619802 0.0246847
826.886 0.620258 0.0245599
827.186 0.643237 0.0246828
827.486 0.646154 0.0256996
827.786 0.655442 0.0267994
828.086 0.686688 0.0277631
828.386 0.639393 0.0258631
828.685 0.662075 0.0263093
828.985 0.693728 0.0278552
829.285 0.691357 0.0279005
829.584 0.672472 0.0276401
829.884 0.694681 0.028972
830.183 0.6888 0.0290581
830.482 0.729873 0.0310742
830.782 0.732013 0.0314085
831.081 0.785061 0.0344107
831.38 0.766938 0.0332914
831.679 0.655334 0.0286464
831.978 0.63279 0.0281379
832.277 0.681648 0.0286554
832.576 0.698641 0.0293257
832.875 0.737191 0.0303584
833.174 0.73242 0.0295986
833.472 0.741334 0.0308266
833.771 0.696564 0.0292238
834.07 0.663519 0.0279211
834.368 0.720468 0.0292648
834.667 0.718817 0.0298321
834.965 0.708043 0.0301913
835.263 0.755979 0.0314511
835.562 0.731023 0.0306391
835.86 0.708696 0.0302192
836.158 0.748076 0.0319977
836.456 0.810198 0.0349275
836.754 0.744599 0.0316687
837.052 0.705908 0.0316748
837.35 0.684029 0.0307104
837.648 0.746559 0.0336141
837.946 0.679955 0.0309737
838.243 0.731804 0.0329876
838.541 0.773456 0.0337006
838.839 0.692308 0.0305963
839.136 0.716711 0.0317452
839.434 0.744327 0.0322925
839.731 0.730628 0.0310109
840.028 0.78136 0.0342113
840.326 0.719488 0.0314508
840.623 0.771817 0.0334496
840.92 0.735082 0.0328341
841.217 0.809119 0.0359183
841.514 0.806016 0.0348948
841.811 0.688579 0.0317233
842.108 0.744646 0.0331675
842.405 0.72602 0.0330916
842.701 0.671447 0.0308045
842.998 0.785462 0.0345794
843.295 0.723972 0.0326345
843.591 0.749917 0.0339809
843.888 0.740049 0.0336912
844.184 0.777884 0.0350245
844.481 0.750771 0.0335537
844.777 0.778547 0.035718
845.073 0.753321 0.0346019
845.369 0.696549 0.0325043
845.665 0.776667 0.0352137
845.962 0.819206 0.0358877
846.258 0.781569 0.0357078
846.553 0.844 0.0377418
846.849 0.712973 0.0335414
847.145 0.736329 0.0335218
847.441 0.779103 0.0349789
847.737 0.864764 0.037925
848.032 0.746917 0.0338058
848.328 0.685029 0.0324105
848.623 0.900798 0.040723
848.919 0.753079 0.0352515
849.214 0.727711 0.0340007
849.509 0.794917 0.0363823
849.805 0.758888 0.0346919
850.1 0.801745 0.0363082
850.395 0.824987 0.0378033
850.69 0.838248 0.0378953
850.985 0.691245 0.0327671
851.28 0.743895 0.0346711
851.575 0.798937 0.0352695
851.869 0.706754 0.0333115
852.164 0.703921 0.0327472
852.459 0.692339 0.0311728
852.753 0.673374 0.0300778
853.048 0.732946 0.0307043
853.342 0.711076 0.0290742
853.637 0.670528 0.0288456
853.931 0.659548 0.0285993
854.225 0.721839 0.0301792
854.52 0.68616 0.0294872
854.814 0.72712 0.0311658
855.108 0.825839 0.0346994
855.402 0.701964 0.0312314
855.696 0.770268 0.0334539
855.99 0.761141 0.0330397
856.283 0.642943 0.0302278
856.577 0.738887 0.0322292
856.871 0.695037 0.0309926
857.164 0.770473 0.0335525
857.458 0.758628 0.0341185
857.751 0.716458 0.0323145
858.045 0.819377 0.0362521
858.338 0.756141 0.033362
858.632 0.783992 0.0355042
858.925 0.820931 0.0362206
859.218 0.82609 0.0365087
859.511 0.804693 0.0356818
859.804 0.840139 0.037358
860.097 0.781782 0.0348019
860.39 0.784168 0.0358475
860.683 0.723149 0.0339776
860.976 0.843936 0.0378466
861.268 0.755027 0.0354309
861.561 0.767773 0.0356741
861.854 0.823044 0.0370793
862.146 0.819178 0.0374038
862.439 0.766161 0.0353614
862.731 0.75016 0.0351804
863.023 0.796083 0.0354189
863.316 0.788156 0.0358183
863.608 0.676495 0.0314714
863.9 0.819668 0.0379228
864.192 0.743292 0.0347934
864.484 0.783417 0.0364234
864.776 0.807287 0.0355599
865.068 0.785512 0.0367014
865.36 0.801415 0.0365494
865.651 0.788981 0.036327
865.943 0.779927 0.0369945
866.235 0.822949 0.0372902
866.526 0.863887 0.0389867
866.818 0.794523 0.0370763
867.109 0.810406 0.0377243
867.4 0.777408 0.0357513
867.692 0.739828 0.035048
867.983 0.782992 0.0359435
868.274 0.810631 0.036229
868.565 0.769819 0.0357037
868.856 0.80796 0.0372458
869.147 0.820276 0.0370612
869.438 0.890146 0.040596
869.729 0.854756 0.0396188
870.02 0.866636 0.0394308
870.31 0.872916 0.0394855
870.601 0.759527 0.0354873
870.892 0.826927 0.0379376
871.182 0.852089 0.0390452
871.473 0.806993 0.0368475
871.763 0.796541 0.0375201
872.053 0.857435 0.0384299
872.343 0.786913 0.0362976
872.634 0.883469 0.0401968
872.924 0.846717 0.0403955
873.214 0.805812 0.0376264
873.504 0.806572 0.0380163
873.794 0.85122 0.0385266
874.084 0.826715 0.0375927
874.373 0.835759 0.039049
874.663 0.78505 0.0364993
874.953 0.872231 0.0401362
875.242 0.860407 0.0392863
875.532 0.830037 0.0374591
875.821 0.838762 0.0390684
876.111 0.789694 0.0368057
876.4 0.724199 0.0345504
876.689 0.766654 0.0356657
876.978 0.787834 0.0370398
877.268 0.755901 0.0362036
877.557 0.827042 0.03783
877.846 0.810692 0.0376683
878.134 0.891815 0.0405291
878.423 0.891979 0.0405365
878.712 0.892143 0.040544
