178.41 0.34491 0.0914653
178.791 0.347094 0.0920445
179.172 0.349263 0.0926195
179.553 0.738404 0.738404
179.934 0.279549 0.279549
180.316 0.566992 0.566992
180.697 1.43301 1.43301
181.078 0.218731 0.218731
181.459 0.200273 0.200273
181.84 0.570582 0.570582
182.221 2.2282 2.2282
182.602 -0.0592875 -0.0592875
182.983 0.194065 0.0561858
183.364 1.65149 0.421386
183.744 0.41682 0.0689925
184.125 0.539848 0.0663553
184.506 0.514792 0.0573943
184.887 1.1223 0.0977577
185.268 0.875838 0.0759619
185.648 0.538923 0.043183
186.029 0.52001 0.0408533
186.41 0.581568 0.0406989
186.791 0.490978 0.0347984
187.171 0.587811 0.0350621
187.552 0.542332 0.0284443
187.932 0.523067 0.0255295
188.313 0.477444 0.0246772
188.694 0.45313 0.0224998
189.074 0.465826 0.0228756
189.455 0.481947 0.0226508
189.835 0.497063 0.0228649
190.216 0.464753 0.0214301
190.596 0.468535 0.0211868
190.977 0.429284 0.0197827
191.357 0.452877 0.0205987
191.737 0.442457 0.0201011
192.118 0.517958 0.0220912
192.498 0.471245 0.0202987
192.878 0.45455 0.0194068
193.258 0.454083 0.0196214
193.639 0.464802 0.0198753
194.019 0.495344 0.0201718
194.399 0.451398 0.0191833
194.779 0.477456 0.0196759
195.159 0.418303 0.0178963
195.54 0.413961 0.0176283
195.92 0.418974 0.0174773
196.3 0.423168 0.0176176
196.68 0.396855 0.0173802
197.06 0.440129 0.017974
197.44 0.38449 0.0165443
197.82 0.404529 0.0168582
198.2 0.404581 0.0167454
198.58 0.355069 0.0151751
198.959 0.37406 0.0155426
199.339 0.374704 0.0153971
199.719 0.387482 0.0161082
200.099 0.350958 0.0147276
200.479 0.325835 0.0141096
200.858 0.352779 0.014517
201.238 0.349265 0.01462
201.618 0.348822 0.014361
201.998 0.330716 0.0137821
202.377 0.28883 0.0127608
202.757 0.316747 0.0131354
203.136 0.337297 0.0136971
203.516 0.31431 0.0130344
203.896 0.30149 0.0123709
204.275 0.301973 0.0125167
204.655 0.30824 0.0124019
205.034 0.299241 0.0121575
205.414 0.271864 0.0112742
205.793 0.266054 0.0110711
206.172 0.267877 0.0109499
206.552 0.261047 0.0108574
206.931 0.279213 0.0110384
207.31 0.260406 0.0105257
207.69 0.266526 0.0103997
208.069 0.245591 0.0100532
208.448 0.240627 0.00976239
208.827 0.250893 0.00988826
209.207 0.255386 0.00976516
209.586 0.234639 0.0092273
209.965 0.245119 0.00945504
210.344 0.223646 0.0088377
210.723 0.213179 0.00848815
211.102 0.21455 0.00837889
211.481 0.217387 0.00839944
211.86 0.221937 0.00842026
212.239 0.217339 0.00815985
212.618 0.217126 0.00807182
212.997 0.206387 0.00786234
213.376 0.205538 0.00764103
213.755 0.196677 0.00736359
214.134 0.198898 0.00737113
214.513 0.205742 0.00743664
214.891 0.19398 0.00705063
215.27 0.197199 0.00705783
215.649 0.179569 0.00659116
216.028 0.191914 0.00676421
216.406 0.184019 0.00652037
216.785 0.188313 0.0065483
217.164 0.18196 0.00630804
217.542 0.178961 0.00615207
217.921 0.172255 0.0059635
218.3 0.180175 0.00610094
218.678 0.178123 0.00593807
219.057 0.179354 0.00589649
219.435 0.173242 0.00570077
219.814 0.171968 0.00560269
220.192 0.167863 0.0054478
220.57 0.1692 0.00538975
220.949 0.169404 0.00535657
221.327 0.165285 0.00517271
221.705 0.170206 0.00519789
222.084 0.172223 0.00514084
222.462 0.168248 0.00505139
222.84 0.15991 0.00484925
223.218 0.167147 0.00488869
223.597 0.166546 0.00478451
223.975 0.158888 0.00459228
224.353 0.169407 0.00466967
224.731 0.161834 0.00448874
225.109 0.165953 0.00451426
225.487 0.16975 0.00450856
225.865 0.16481 0.00437218
226.243 0.166365 0.00433306
226.621 0.167352 0.00427832
226.999 0.166187 0.00419374
227.377 0.164717 0.00412303
227.755 0.16371 0.0040375
228.133 0.168706 0.00404822
228.511 0.17173 0.00407139
228.889 0.171773 0.00399497
229.266 0.168225 0.00392607
229.644 0.171075 0.0038768
230.022 0.174042 0.00386802
230.4 0.171143 0.00379475
230.777 0.170722 0.00375277
231.155 0.175366 0.0037593
231.533 0.172954 0.00366856
231.91 0.176801 0.00366138
232.288 0.1789 0.00366378
232.665 0.179947 0.00363051
233.043 0.182363 0.00361287
233.42 0.183645 0.0036064
233.798 0.18487 0.00356951
234.175 0.18772 0.00356256
234.553 0.18845 0.00355082
234.93 0.18587 0.00348054
235.307 0.191562 0.00351086
235.685 0.18756 0.00342711
236.062 0.189938 0.00342508
236.439 0.194121 0.00343682
236.816 0.19477 0.0033997
237.194 0.194522 0.00336496
237.571 0.196101 0.00335924
237.948 0.198772 0.00336377
238.325 0.201876 0.00336318
238.702 0.202837 0.00334155
239.079 0.201638 0.00330284
239.456 0.209396 0.00334079
239.833 0.203588 0.00326783
240.21 0.204913 0.00326029
240.587 0.209046 0.00326719
240.964 0.211305 0.00326454
241.341 0.210606 0.00323748
241.718 0.209473 0.00320031
242.095 0.216052 0.00323684
242.472 0.212804 0.00318355
242.849 0.214946 0.00319506
243.225 0.216028 0.00316153
243.602 0.219549 0.00318766
243.979 0.222029 0.00319913
244.356 0.22158 0.00316389
244.732 0.219527 0.00311926
245.109 0.222373 0.00313321
245.486 0.224245 0.00312055
245.862 0.222675 0.00310626
246.239 0.22693 0.0031158
246.615 0.225994 0.00308946
246.992 0.225865 0.00307165
247.368 0.228443 0.00307534
247.745 0.230329 0.00307226
248.121 0.229331 0.00303478
248.497 0.231858 0.00305982
248.874 0.232564 0.00304834
249.25 0.229044 0.00299456
249.626 0.231624 0.00300081
250.003 0.235535 0.00301234
250.379 0.234859 0.00298899
250.755 0.23458 0.00297476
251.131 0.235644 0.00296491
251.507 0.236868 0.00297943
251.884 0.236143 0.00294352
252.26 0.236291 0.00294379
252.636 0.239093 0.00293788
253.012 0.24104 0.00293913
253.388 0.236487 0.00289849
253.764 0.242147 0.00292374
254.14 0.240977 0.00291083
254.516 0.243111 0.0029147
254.892 0.244522 0.0029204
255.268 0.244161 0.00290546
255.643 0.242395 0.0028868
256.019 0.242062 0.00286732
256.395 0.246087 0.00289338
256.771 0.245484 0.00287374
257.147 0.24752 0.00287917
257.522 0.249976 0.00289639
257.898 0.24763 0.0028682
258.274 0.250091 0.00288041
258.649 0.250228 0.00287403
259.025 0.24891 0.00285291
259.4 0.247996 0.00284146
259.776 0.249564 0.00284959
260.151 0.254519 0.00288093
260.527 0.254129 0.00287393
260.902 0.255904 0.00286806
261.278 0.255505 0.00286042
261.653 0.25577 0.00286338
262.028 0.256769 0.00286924
262.404 0.257375 0.00287007
262.779 0.255654 0.00284941
263.154 0.256306 0.0028454
263.53 0.259653 0.00285288
263.905 0.259965 0.00286249
264.28 0.260093 0.00286588
264.655 0.260957 0.002863
265.03 0.26025 0.00287024
265.405 0.262392 0.00287158
265.781 0.263327 0.00286665
266.156 0.266068 0.00289391
266.531 0.262965 0.0028599
266.906 0.265052 0.00287372
267.281 0.266703 0.00286963
267.655 0.265909 0.00288679
268.03 0.266624 0.00288044
268.405 0.269648 0.0029021
268.78 0.26977 0.00290629
269.155 0.269913 0.00289294
269.53 0.26716 0.00287964
269.904 0.268078 0.00288356
270.279 0.272322 0.00291702
270.654 0.272819 0.00290536
271.029 0.270213 0.0028996
271.403 0.276045 0.00293046
271.778 0.274325 0.00291824
272.152 0.274046 0.00292099
272.527 0.274902 0.00292283
272.901 0.279425 0.00294132
273.276 0.277594 0.00292623
273.65 0.277559 0.00291876
274.025 0.285342 0.00297855
274.399 0.282793 0.0029673
274.774 0.27995 0.00294031
275.148 0.28085 0.00293959
275.522 0.281475 0.00293506
275.897 0.286558 0.00297403
276.271 0.280815 0.00294562
276.645 0.286081 0.00296425
277.019 0.286772 0.00296985
277.393 0.289126 0.00297356
277.768 0.287307 0.00297572
278.142 0.287671 0.00296562
278.516 0.291477 0.00300815
278.89 0.291278 0.00299293
279.264 0.291104 0.0030015
279.638 0.295107 0.00300816
280.012 0.292092 0.00298917
280.386 0.297495 0.00303542
280.76 0.29693 0.0030212
281.133 0.29896 0.00303461
281.507 0.294876 0.00300934
281.881 0.299405 0.00302899
282.255 0.298666 0.00303203
282.629 0.298918 0.0030399
283.002 0.301499 0.00305169
283.376 0.300886 0.00304685
283.75 0.302768 0.00306462
284.123 0.306116 0.00307623
284.497 0.305084 0.00307573
284.87 0.307989 0.0030921
285.244 0.305853 0.00307129
285.618 0.307676 0.00308696
285.991 0.307286 0.00309874
286.364 0.310775 0.00312136
286.738 0.310356 0.00311305
287.111 0.311196 0.00310506
287.485 0.31273 0.0031289
287.858 0.314322 0.0031437
288.231 0.314162 0.00314904
288.605 0.318942 0.0031787
288.978 0.319142 0.00316762
289.351 0.316473 0.00316862
289.724 0.320354 0.00320027
290.097 0.319836 0.0031924
290.47 0.320105 0.00320326
290.843 0.318341 0.00319159
291.217 0.322519 0.00322296
291.59 0.324877 0.00325444
291.963 0.326381 0.00325434
292.336 0.328662 0.00327441
292.708 0.325445 0.0032562
293.081 0.328531 0.00327778
293.454 0.330489 0.00329237
293.827 0.334891 0.00332485
294.2 0.329134 0.00331183
294.573 0.329227 0.00330242
294.945 0.334716 0.00335127
295.318 0.330791 0.00331555
295.691 0.337583 0.00336757
296.064 0.335485 0.00336044
296.436 0.334917 0.00336166
296.809 0.338778 0.00338242
297.181 0.341259 0.00340502
297.554 0.341981 0.00341788
297.926 0.341162 0.00341353
298.299 0.340276 0.00341132
298.671 0.337473 0.00338383
299.044 0.344786 0.00343855
299.416 0.34406 0.00342886
299.788 0.342317 0.00342483
300.161 0.340552 0.0034199
300.533 0.34406 0.00343946
300.905 0.34457 0.00342535
301.278 0.345046 0.00343312
301.65 0.346582 0.00343928
302.022 0.346359 0.0034531
302.394 0.346269 0.00345906
302.766 0.347693 0.00345849
303.138 0.346223 0.00346471
303.51 0.344307 0.00343142
303.882 0.350455 0.00347798
304.254 0.347589 0.00345397
304.626 0.348267 0.00345374
304.998 0.348321 0.00345107
305.37 0.344664 0.00345318
305.742 0.347469 0.00345487
306.114 0.348912 0.00346581
306.485 0.348472 0.00345665
306.857 0.347394 0.0034489
307.229 0.344948 0.00344402
307.601 0.347529 0.00346468
307.972 0.343731 0.00344207
308.344 0.346962 0.00346008
308.716 0.346639 0.00347752
309.087 0.344941 0.00345241
309.459 0.345411 0.00346333
309.83 0.341541 0.00344158
310.202 0.345055 0.00345054
310.573 0.34423 0.00344644
310.945 0.345999 0.00347013
311.316 0.344861 0.00346935
311.687 0.343638 0.0034484
312.059 0.34003 0.00343773
312.43 0.342037 0.00345206
312.801 0.337528 0.00341988
313.172 0.33573 0.003425
313.544 0.33795 0.00343565
313.915 0.338031 0.00343202
314.286 0.33692 0.00342745
314.657 0.332406 0.00339808
315.028 0.333175 0.00340969
315.399 0.333839 0.00341484
315.77 0.331622 0.00340287
316.141 0.325548 0.00337355
316.512 0.328133 0.00338867
316.883 0.3293 0.0034115
317.254 0.331395 0.00341936
317.625 0.324848 0.00339198
317.996 0.325524 0.00338775
318.366 0.322346 0.00337744
318.737 0.320708 0.00336571
319.108 0.317758 0.00335491
319.478 0.320477 0.00338079
319.849 0.313512 0.00333344
320.22 0.315765 0.00335524
320.59 0.313092 0.00333943
320.961 0.309531 0.00332915
321.331 0.306677 0.00330608
321.702 0.307455 0.00333874
322.072 0.303437 0.00331235
322.443 0.303169 0.00331496
322.813 0.301118 0.00329601
323.184 0.295201 0.00327866
323.554 0.296443 0.00328573
323.924 0.292533 0.00325698
324.295 0.288886 0.00325381
324.665 0.288724 0.00325662
325.035 0.289047 0.00325016
325.405 0.283653 0.00323028
325.775 0.283198 0.00324769
326.145 0.27458 0.00319573
326.515 0.27525 0.00321977
326.886 0.27399 0.00321251
327.256 0.270578 0.00319302
327.626 0.268783 0.00320715
327.995 0.26773 0.00321253
328.365 0.258882 0.00316275
328.735 0.253903 0.00314524
329.105 0.251492 0.00315575
329.475 0.25496 0.00320634
329.845 0.252353 0.00320068
330.215 0.259836 0.00324044
330.584 0.261202 0.00321288
330.954 0.262879 0.00318211
331.324 0.256068 0.00306866
331.693 0.248348 0.00297479
332.063 0.246989 0.00294875
332.432 0.234946 0.00285734
332.802 0.22629 0.00280375
333.171 0.227772 0.00283917
333.541 0.224369 0.00286731
333.91 0.223685 0.00288464
334.28 0.226195 0.00292268
334.649 0.226592 0.00293261
335.018 0.223477 0.00291967
335.388 0.226213 0.00294449
335.757 0.221189 0.00290961
336.126 0.221257 0.00292127
336.495 0.222343 0.00293006
336.865 0.222238 0.00293381
337.234 0.226695 0.00298286
337.603 0.224879 0.00296252
337.972 0.225578 0.0029764
338.341 0.225902 0.00296998
338.71 0.228604 0.00299507
339.079 0.232099 0.00302179
339.448 0.232525 0.00301328
339.817 0.236972 0.00304807
340.186 0.23768 0.00305839
340.554 0.242338 0.00309708
340.923 0.244421 0.00310458
341.292 0.251072 0.00316353
341.661 0.25466 0.00317733
342.029 0.258046 0.00319488
342.398 0.266091 0.00325863
342.767 0.26963 0.00329224
343.135 0.273353 0.00329486
343.504 0.283308 0.00337745
343.872 0.284433 0.00336501
344.241 0.292051 0.00341118
344.609 0.2986 0.00346026
344.978 0.303078 0.0034902
345.346 0.312017 0.00353129
345.715 0.322052 0.00360156
346.083 0.32676 0.00362673
346.451 0.334487 0.00368167
346.82 0.343994 0.0037303
347.188 0.351446 0.00376659
347.556 0.358787 0.00381818
347.924 0.368237 0.00384871
348.292 0.382561 0.00397436
348.66 0.38527 0.00397797
349.028 0.394465 0.00401359
349.396 0.398988 0.00404366
349.764 0.414276 0.00411757
350.132 0.417932 0.00415831
350.5 0.424195 0.00417341
350.868 0.435518 0.00425778
351.236 0.438719 0.00426391
351.604 0.450651 0.00433591
351.972 0.460263 0.00438829
352.34 0.463565 0.00440314
352.707 0.471143 0.00444058
353.075 0.474941 0.00444832
353.443 0.484063 0.00450611
353.81 0.496967 0.00458421
354.178 0.500577 0.0046017
354.545 0.504251 0.00460123
354.913 0.517005 0.00467469
355.28 0.51728 0.00466766
355.648 0.527918 0.00472571
356.015 0.537121 0.00478278
356.383 0.539391 0.00478461
356.75 0.54655 0.00483294
357.117 0.551919 0.00485482
357.485 0.558941 0.00490298
357.852 0.562658 0.00491483
358.219 0.572368 0.00496256
358.586 0.576202 0.00497456
358.954 0.581046 0.0050035
359.321 0.584145 0.00502041
359.688 0.59001 0.00506202
360.055 0.59687 0.00508208
360.422 0.598722 0.00508412
360.789 0.603455 0.00512811
361.156 0.60971 0.00515333
361.523 0.610709 0.00517761
361.89 0.617903 0.00520847
362.256 0.611636 0.00514878
362.623 0.621886 0.00523405
362.99 0.635732 0.00531322
363.357 0.634193 0.00530026
363.724 0.63643 0.00530207
364.09 0.638765 0.00532024
364.457 0.642521 0.00535988
364.823 0.641248 0.00531851
365.19 0.64765 0.00534092
365.557 0.655081 0.00539361
365.923 0.646704 0.00535972
366.29 0.656512 0.00540695
366.656 0.658868 0.00542343
367.022 0.66623 0.00542549
367.389 0.667045 0.00546442
367.755 0.662573 0.00543552
368.121 0.666507 0.00548232
368.488 0.673425 0.00550318
368.854 0.67003 0.00549144
369.22 0.683076 0.00558596
369.586 0.679027 0.00558267
369.952 0.677486 0.00558507
370.318 0.680623 0.0056155
370.684 0.683998 0.00564642
371.051 0.689891 0.00566038
371.416 0.685808 0.00567294
371.782 0.683931 0.00564702
372.148 0.692795 0.00569501
372.514 0.694824 0.00572723
372.88 0.689705 0.00569925
373.246 0.700464 0.00576116
373.612 0.69395 0.00572245
373.977 0.69191 0.00569329
374.343 0.70377 0.00573783
374.709 0.700001 0.00570389
375.074 0.701203 0.00573009
375.44 0.704704 0.00575813
375.806 0.707215 0.00579707
376.171 0.709974 0.00580331
376.537 0.706432 0.00576889
376.902 0.709474 0.00580685
377.268 0.717284 0.00581568
377.633 0.714866 0.00579342
377.998 0.701844 0.00569954
378.364 0.7086 0.00570642
378.729 0.71356 0.00571605
379.094 0.718717 0.00575644
379.459 0.719473 0.00582961
379.825 0.71491 0.00581109
380.19 0.713391 0.00580782
380.555 0.720422 0.00588851
380.92 0.724262 0.00594957
381.285 0.725407 0.00598064
381.65 0.715682 0.00590576
382.015 0.717632 0.00589026
382.38 0.725657 0.00595044
382.745 0.7281 0.00600844
383.11 0.71959 0.00596246
383.474 0.717749 0.0059571
383.839 0.718099 0.00595744
384.204 0.722946 0.00600529
384.569 0.71925 0.00598666
384.933 0.728498 0.00603709
385.298 0.729955 0.0060847
385.663 0.728123 0.00608985
386.027 0.720476 0.00601886
386.392 0.727778 0.00602947
386.756 0.719981 0.00595856
387.121 0.72717 0.00599466
387.485 0.720415 0.00591827
387.849 0.727416 0.00590905
388.214 0.736435 0.00602914
388.578 0.731311 0.00600778
388.942 0.730105 0.00607344
389.307 0.729957 0.00604391
389.671 0.727679 0.0060692
390.035 0.726768 0.00603237
390.399 0.730698 0.00605066
390.763 0.725155 0.00599667
391.127 0.721408 0.00593601
391.492 0.716057 0.00585167
391.856 0.721596 0.0058232
392.219 0.725713 0.00576221
392.583 0.74113 0.00586374
392.947 0.749134 0.00598368
393.311 0.737763 0.00601427
393.675 0.733223 0.00602227
394.039 0.728265 0.00601746
394.403 0.734983 0.00606782
394.766 0.737344 0.006117
395.13 0.734336 0.00610906
395.494 0.728801 0.00607762
395.857 0.731498 0.00608513
396.221 0.732101 0.00605803
396.584 0.732959 0.00602294
396.948 0.727277 0.00593636
397.311 0.725439 0.00583863
397.675 0.736866 0.00584921
398.038 0.7349 0.0058235
398.401 0.738516 0.00591708
398.765 0.741965 0.00601963
399.128 0.746079 0.0061255
399.491 0.74071 0.0061445
399.854 0.73531 0.0061461
400.218 0.719855 0.00606892
400.581 0.741581 0.0062243
400.944 0.731415 0.00617329
401.307 0.741802 0.00632149
401.67 0.741724 0.00630459
402.033 0.733933 0.00627637
402.396 0.734269 0.00628293
402.759 0.732541 0.00627309
403.122 0.736043 0.00628167
403.485 0.737239 0.00627691
403.847 0.733659 0.00622379
404.21 0.736072 0.00620443
404.573 0.737233 0.00618411
404.936 0.731042 0.00610256
405.298 0.745932 0.00624349
405.661 0.744524 0.00632987
406.023 0.740375 0.00638489
406.386 0.735295 0.00637793
406.749 0.7386 0.0064491
407.111 0.741853 0.0064953
407.473 0.725379 0.00633378
407.836 0.733438 0.00631578
408.198 0.736935 0.00631605
408.561 0.740282 0.00633194
408.923 0.73219 0.00627481
409.285 0.732934 0.00626944
409.647 0.741728 0.00639978
410.009 0.747459 0.00648356
410.372 0.735141 0.00642924
410.734 0.738367 0.00647576
411.096 0.738145 0.00647081
411.458 0.739498 0.00647929
411.82 0.734555 0.00641353
412.182 0.724235 0.0063044
412.544 0.72739 0.00634321
412.906 0.742789 0.00640917
413.267 0.740404 0.00638585
413.629 0.741699 0.00645729
413.991 0.73777 0.0064749
414.353 0.746984 0.00652405
414.714 0.752899 0.00663508
415.076 0.739469 0.00655458
415.438 0.734857 0.00652752
415.799 0.731127 0.00647349
416.161 0.740298 0.00657676
416.522 0.749026 0.00665668
416.884 0.739887 0.00661796
417.245 0.741494 0.00663701
417.607 0.738656 0.00661348
417.968 0.732241 0.00660939
418.329 0.733721 0.00656837
418.691 0.737291 0.00659062
419.052 0.73725 0.00658034
419.413 0.731442 0.00654005
419.774 0.737555 0.00652359
420.135 0.726969 0.00635204
420.497 0.728995 0.00625872
420.858 0.731104 0.00618069
421.219 0.74616 0.00622767
421.58 0.744951 0.0062737
421.941 0.744745 0.00634957
422.302 0.742314 0.00647002
422.662 0.745062 0.00651625
423.023 0.734424 0.00650447
423.384 0.736493 0.00653945
423.745 0.7219 0.00645227
424.106 0.735923 0.00651518
424.466 0.738065 0.00647111
424.827 0.740624 0.00653469
425.187 0.747722 0.00669357
425.548 0.748273 0.00677893
425.909 0.736193 0.00674567
426.269 0.720331 0.00662822
426.63 0.728514 0.0066409
426.99 0.732942 0.00658255
427.35 0.73675 0.00662767
427.711 0.727734 0.00658265
428.071 0.726394 0.00651501
428.431 0.71412 0.00635608
428.792 0.71498 0.00615947
429.152 0.725043 0.00601919
429.512 0.735883 0.00602783
429.872 0.736306 0.00604333
430.232 0.739549 0.00611799
430.592 0.755436 0.00636449
430.952 0.754248 0.006549
431.312 0.743024 0.00664388
431.672 0.737375 0.00675363
432.032 0.738885 0.00676703
432.392 0.731968 0.00668586
432.752 0.698841 0.00623839
433.111 0.719836 0.00614424
433.471 0.744394 0.00628138
433.831 0.77563 0.00667056
434.19 0.737423 0.00652794
434.55 0.734743 0.00650461
434.91 0.738192 0.00660759
435.269 0.73436 0.00653323
435.629 0.72708 0.00646962
435.988 0.735836 0.00648559
436.348 0.746177 0.00657059
436.707 0.75003 0.0067072
437.066 0.733207 0.00663943
437.426 0.732537 0.0066023
437.785 0.728424 0.00654171
438.144 0.730288 0.00653843
438.503 0.739572 0.00664223
438.862 0.737667 0.00665631
439.222 0.736997 0.0066855
439.581 0.73402 0.00673305
439.94 0.736465 0.00672015
440.299 0.707558 0.00635885
440.658 0.70272 0.0061213
441.017 0.728658 0.00620824
441.376 0.746271 0.00633683
441.734 0.743028 0.00640813
442.093 0.726603 0.00635518
442.452 0.726104 0.00631264
442.811 0.719852 0.00623563
443.169 0.741753 0.00634871
443.528 0.740025 0.00643513
443.887 0.727832 0.00640805
444.245 0.729084 0.0064152
444.604 0.736728 0.00653429
444.962 0.743682 0.00660958
445.321 0.728924 0.00653268
445.679 0.717507 0.00645404
446.038 0.734491 0.00650058
446.396 0.734966 0.00656641
446.754 0.732625 0.0066551
447.112 0.732659 0.00667421
447.471 0.740875 0.00677407
447.829 0.72366 0.00672353
448.187 0.722317 0.00669295
448.545 0.728015 0.00670942
448.903 0.732434 0.00674335
449.261 0.732962 0.00676461
449.619 0.732732 0.00681527
449.977 0.733175 0.00683227
450.335 0.73226 0.00690056
450.693 0.723511 0.00689118
451.051 0.733877 0.00696223
451.409 0.727893 0.00691114
451.766 0.738175 0.00701246
452.124 0.740153 0.00710045
452.482 0.733374 0.00712031
452.839 0.732127 0.0071605
453.197 0.73594 0.00726604
453.555 0.738994 0.00729311
453.912 0.730563 0.00729295
454.27 0.702771 0.00699629
454.627 0.730727 0.00707747
454.984 0.731005 0.00704193
455.342 0.737486 0.00717523
455.699 0.728353 0.00719202
456.056 0.726074 0.0071941
456.414 0.714858 0.00704528
456.771 0.716132 0.00697892
457.128 0.722459 0.00696273
457.485 0.713956 0.00684851
457.842 0.724917 0.00694212
458.199 0.729422 0.00697713
458.556 0.712701 0.00683215
458.913 0.720267 0.00688941
459.27 0.730864 0.00688244
459.627 0.729409 0.00694049
459.984 0.717084 0.00685419
460.341 0.725862 0.0069131
460.697 0.736954 0.0070379
461.054 0.752051 0.00728139
461.411 0.747093 0.00741559
461.767 0.728208 0.00741133
462.124 0.720622 0.0074172
462.481 0.709263 0.00724416
462.837 0.723869 0.00721896
463.194 0.725974 0.00706835
463.55 0.727539 0.00711373
463.907 0.703918 0.0068312
464.263 0.718449 0.0068039
464.619 0.71471 0.00668287
464.976 0.722014 0.00659439
465.332 0.730434 0.00661253
465.688 0.738666 0.00677019
466.044 0.75059 0.00710022
466.4 0.744006 0.007231
466.756 0.732953 0.00723853
467.112 0.723464 0.00716752
467.468 0.731709 0.00724178
467.824 0.728753 0.00721595
468.18 0.735977 0.00737506
468.536 0.732235 0.00739308
468.892 0.728894 0.00745024
469.248 0.720347 0.00744054
469.604 0.727235 0.00754029
469.959 0.72063 0.00753904
470.315 0.722059 0.00750823
470.671 0.722347 0.00751898
471.026 0.713975 0.00741717
471.382 0.718673 0.00738229
471.737 0.717343 0.00730211
472.093 0.721229 0.00722338
472.448 0.710522 0.00706451
472.804 0.711676 0.00694999
473.159 0.72214 0.00697104
473.514 0.729559 0.00701361
473.87 0.712271 0.00686146
474.225 0.694245 0.00659031
474.58 0.704609 0.0064933
474.935 0.728617 0.0066099
475.29 0.739991 0.00674778
475.645 0.723794 0.0067173
476 0.71856 0.00669416
476.355 0.73236 0.00682333
476.71 0.722849 0.00679765
477.065 0.705678 0.00658357
477.42 0.704459 0.00642904
477.775 0.721499 0.00651738
478.13 0.720849 0.00651983
478.485 0.719654 0.00650969
478.839 0.705339 0.00640644
479.194 0.705571 0.00624733
479.549 0.701657 0.00609791
479.903 0.724127 0.00620445
480.258 0.736897 0.00635478
480.612 0.704054 0.00610891
480.967 0.701196 0.00597556
481.321 0.716688 0.00600608
481.675 0.730759 0.00617358
482.03 0.732541 0.00630829
482.384 0.720122 0.00628331
482.738 0.707943 0.00619613
483.093 0.70451 0.00615722
483.447 0.699854 0.00598472
483.801 0.692238 0.00580037
484.155 0.712357 0.0057952
484.509 0.641712 0.00511005
484.863 0.508851 0.00305542
485.217 0.653914 0.00303651
485.571 0.755299 0.00322838
485.925 0.939311 0.00438598
486.279 0.83975 0.00494156
486.632 0.739149 0.00506331
486.986 0.73796 0.00549215
487.34 0.755288 0.0059677
487.694 0.731766 0.00608296
488.047 0.710767 0.00606595
488.401 0.711799 0.00606328
488.754 0.715994 0.00611916
489.108 0.725762 0.00624574
489.461 0.718496 0.00627801
489.815 0.719733 0.00635696
490.168 0.706422 0.00622355
490.522 0.707599 0.00620795
490.875 0.715348 0.00625002
491.228 0.71948 0.00629918
491.581 0.706514 0.00620347
491.935 0.722287 0.00628912
492.288 0.710094 0.0062559
492.641 0.7149 0.00624133
492.994 0.713567 0.00621781
493.347 0.708007 0.00615577
493.7 0.711522 0.00613858
494.053 0.714025 0.00616951
494.406 0.733871 0.00633732
494.759 0.721379 0.00642954
495.111 0.68911 0.00613506
495.464 0.682568 0.005846
495.817 0.696229 0.00573464
496.169 0.738181 0.00606646
496.522 0.750254 0.00635462
496.875 0.735368 0.00652817
497.227 0.709764 0.00646077
497.58 0.713575 0.0065191
497.932 0.703157 0.00641554
498.285 0.707937 0.00639211
498.637 0.694162 0.00618313
498.989 0.69844 0.00611273
499.342 0.716203 0.00619296
499.694 0.73141 0.00638425
500.046 0.717347 0.00643556
500.398 0.692134 0.00617085
500.751 0.694636 0.00607535
501.103 0.705459 0.00613816
501.455 0.717825 0.00617949
501.807 0.710863 0.00616009
502.159 0.711422 0.00616319
502.511 0.708623 0.00616101
502.862 0.713467 0.00619573
503.214 0.724418 0.00632284
503.566 0.720682 0.00642101
503.918 0.717441 0.00649102
504.27 0.706792 0.00642472
504.621 0.710356 0.00644584
504.973 0.711206 0.00651271
505.324 0.705825 0.00646577
505.676 0.698594 0.00631932
506.027 0.705836 0.00632269
506.379 0.743456 0.00669387
506.73 0.720788 0.00673538
507.082 0.69204 0.00654102
507.433 0.690284 0.00643697
507.784 0.711823 0.00649174
508.136 0.712163 0.00657648
508.487 0.712655 0.00660773
508.838 0.714682 0.00670973
509.189 0.703723 0.00666232
509.54 0.699986 0.00656882
509.891 0.712705 0.00669715
510.242 0.703561 0.00663205
510.593 0.709865 0.0067063
510.944 0.710245 0.00675689
511.295 0.706767 0.00684116
511.646 0.717457 0.00701207
511.996 0.700193 0.00689068
512.347 0.695681 0.0068172
512.698 0.716244 0.0069017
513.049 0.701722 0.00684463
513.399 0.711083 0.00698577
513.75 0.71442 0.00697001
514.1 0.706407 0.00699294
514.451 0.723124 0.00725672
514.801 0.713974 0.00726433
515.152 0.699686 0.00709939
515.502 0.690553 0.00692451
515.852 0.699514 0.00690743
516.202 0.705534 0.00693366
516.553 0.721079 0.00708799
516.903 0.715383 0.00716483
517.253 0.715898 0.007287
517.603 0.707404 0.00729187
517.953 0.692947 0.0071372
518.303 0.695113 0.00703188
518.653 0.702188 0.00696093
519.003 0.716214 0.00709268
519.353 0.732924 0.007407
519.703 0.722332 0.0075703
520.052 0.707779 0.00750541
520.402 0.70645 0.00747961
520.752 0.706336 0.00739722
521.102 0.706963 0.00742732
521.451 0.717506 0.00759732
521.801 0.700982 0.00748897
522.15 0.705139 0.00746249
522.5 0.7052 0.00737201
522.849 0.703178 0.00738106
523.199 0.701848 0.00727766
523.548 0.710158 0.00730235
523.897 0.712003 0.00729779
524.246 0.716841 0.00747146
524.596 0.712692 0.00757224
524.945 0.700447 0.00745497
525.294 0.701737 0.00745455
525.643 0.700839 0.0074574
525.992 0.709841 0.00748851
526.341 0.696156 0.00735808
526.69 0.703124 0.00746972
527.039 0.719062 0.00762086
527.388 0.705554 0.00759333
527.737 0.676035 0.00723568
528.086 0.685997 0.00706024
528.434 0.70463 0.00700699
528.783 0.726914 0.00720786
529.132 0.716256 0.00730328
529.48 0.713835 0.0074116
529.829 0.712466 0.00748344
530.177 0.705489 0.00749375
530.526 0.706625 0.0075497
530.874 0.695383 0.00741214
531.223 0.701706 0.00742982
531.571 0.701656 0.00742628
531.919 0.705338 0.00746568
532.268 0.677483 0.00712713
532.616 0.684211 0.00692304
532.964 0.69995 0.00686762
533.312 0.715599 0.00696195
533.66 0.708348 0.0069249
534.008 0.694808 0.00683482
534.356 0.693743 0.00681879
534.704 0.714382 0.00698848
535.052 0.701336 0.00698749
535.4 0.714329 0.00720064
535.748 0.710908 0.00737671
536.095 0.717486 0.00759997
536.443 0.693971 0.00750905
536.791 0.684669 0.00733809
537.139 0.681292 0.00713817
537.486 0.692392 0.0070498
537.834 0.701939 0.00702334
538.181 0.701557 0.00699396
538.529 0.703681 0.00700588
538.876 0.703834 0.00702041
539.223 0.707784 0.00711526
539.571 0.708229 0.00726851
539.918 0.695711 0.00719952
540.265 0.685504 0.00702391
540.613 0.697199 0.00698056
540.96 0.713892 0.00711187
541.307 0.710774 0.00712031
541.654 0.696674 0.00709341
542.001 0.707544 0.00709836
542.348 0.701655 0.00708192
542.695 0.693485 0.00704895
543.042 0.690262 0.00693123
543.388 0.690672 0.00685935
543.735 0.695237 0.00685157
544.082 0.691404 0.00683314
544.429 0.703058 0.00689744
544.775 0.707297 0.00706034
545.122 0.720658 0.00733409
545.469 0.699982 0.0073752
545.815 0.69422 0.00733593
546.162 0.693039 0.00727628
546.508 0.682342 0.00706876
546.854 0.68193 0.00687691
547.201 0.676436 0.0065446
547.547 0.708633 0.00662972
547.893 0.714246 0.00675841
548.24 0.719269 0.00708016
548.586 0.717958 0.00746372
548.932 0.691029 0.00742834
549.278 0.695814 0.00753744
549.624 0.687836 0.00739468
549.97 0.717813 0.00763645
550.316 0.718808 0.007811
550.662 0.693123 0.00772423
551.008 0.670278 0.00734546
551.353 0.67245 0.00694353
551.699 0.689627 0.00676799
552.045 0.733408 0.00712646
552.391 0.716609 0.00723078
552.736 0.694154 0.00715627
553.082 0.689803 0.00716169
553.427 0.709611 0.00734477
553.773 0.720824 0.00765842
554.118 0.685929 0.00755044
554.464 0.679841 0.00731595
554.809 0.674937 0.00702979
555.154 0.694375 0.00696104
555.5 0.708203 0.00707805
555.845 0.719323 0.00733612
556.19 0.700565 0.0074066
556.535 0.698961 0.0076065
556.88 0.677818 0.00743179
557.225 0.702253 0.00751296
557.57 0.703509 0.00760626
557.915 0.718219 0.00791808
558.26 0.687269 0.00782857
558.605 0.694377 0.00789566
558.95 0.683238 0.0077057
559.295 0.665134 0.00723172
559.639 0.67571 0.00698389
559.984 0.679768 0.0067613
560.329 0.705338 0.00680932
560.673 0.707777 0.0068379
561.018 0.708649 0.00700847
561.362 0.703885 0.00714728
561.707 0.694499 0.00728644
562.051 0.680473 0.00715207
562.395 0.687297 0.00716033
562.74 0.690448 0.00701437
563.084 0.685006 0.00687756
563.428 0.681729 0.00670665
563.772 0.699909 0.00682397
564.117 0.680603 0.00668223
564.461 0.697591 0.0067331
564.805 0.695678 0.00679591
565.149 0.683335 0.00670971
565.493 0.691952 0.00673189
565.836 0.680844 0.00658271
566.18 0.680846 0.0065066
566.524 0.654635 0.00599442
566.868 0.684319 0.00591882
567.212 0.689375 0.00582833
567.555 0.686449 0.00574502
567.899 0.662149 0.00541942
568.242 0.671134 0.00522415
568.586 0.653798 0.00485545
568.929 0.664672 0.00458019
569.273 0.676331 0.00434943
569.616 0.699026 0.00436655
569.96 0.678228 0.00424579
570.303 0.66999 0.00409329
570.646 0.685322 0.00407677
570.989 0.668999 0.00391767
571.333 0.69865 0.00400078
571.676 0.702062 0.00412676
572.019 0.71872 0.00452463
572.362 0.635932 0.00413365
572.705 0.647916 0.003872
573.048 0.676102 0.00373692
573.391 0.680411 0.00362759
573.733 0.682504 0.00355225
574.076 0.678733 0.00350328
574.419 0.69917 0.00360943
574.762 0.693956 0.00378591
575.104 0.704088 0.00406301
575.447 0.646984 0.00395687
575.789 0.647 0.00374893
576.132 0.667454 0.00355467
576.474 0.686216 0.00358175
576.817 0.654951 0.00325825
577.159 0.677823 0.00312718
577.501 0.720554 0.00318396
577.844 0.733773 0.00338886
578.186 0.727759 0.00376236
578.528 0.658996 0.00380284
578.87 0.661234 0.00383033
579.212 0.649219 0.00371876
579.554 0.672556 0.00362997
579.896 0.690933 0.0037066
580.238 0.65573 0.00348465
580.58 0.641006 0.00302354
580.922 0.733536 0.00311122
581.264 0.805759 0.00326071
581.606 0.75267 0.00317144
581.947 0.714362 0.00326756
582.289 0.711322 0.00358425
582.631 0.687595 0.0039171
582.972 0.666506 0.00415178
583.314 0.64949 0.00411599
583.655 0.658549 0.00405831
583.997 0.637498 0.00368013
584.338 0.664795 0.00346101
584.679 0.678339 0.00333597
585.021 0.718305 0.00345822
585.362 0.70849 0.00367587
585.703 0.698754 0.00392304
586.044 0.644123 0.00387038
586.385 0.646039 0.00368738
586.726 0.660829 0.00354639
587.067 0.716437 0.00376137
587.408 0.694848 0.00392141
587.749 0.683413 0.00407229
588.09 0.678935 0.0042374
588.431 0.686205 0.00447886
588.772 0.671419 0.00466284
589.113 0.651049 0.0045441
589.453 0.676169 0.0046092
589.794 0.695177 0.00477062
590.134 0.690646 0.00499285
590.475 0.672518 0.00508616
590.815 0.662282 0.00503688
591.156 0.679334 0.00509168
591.496 0.659056 0.00496796
591.837 0.612753 0.00415507
592.177 0.657127 0.00388831
592.517 0.689052 0.00373388
592.857 0.719815 0.0039623
593.198 0.699845 0.00413638
593.538 0.702862 0.004546
593.878 0.653817 0.00461755
594.218 0.641217 0.00448214
594.558 0.665281 0.00436715
594.898 0.69345 0.00451874
595.237 0.701671 0.00478397
595.577 0.681841 0.00503584
595.917 0.667587 0.00527157
596.257 0.646661 0.0050735
596.596 0.652907 0.00495821
596.936 0.68285 0.00491246
597.276 0.68643 0.00510984
597.615 0.656041 0.00499456
597.955 0.613973 0.00433988
598.294 0.672729 0.00416892
598.633 0.695071 0.00419088
598.973 0.694915 0.00435013
599.312 0.658234 0.00425609
599.651 0.675655 0.00430366
599.991 0.684848 0.0044471
600.33 0.675814 0.00446495
600.669 0.677017 0.00460297
601.008 0.682063 0.00475823
601.347 0.676105 0.00493672
601.686 0.651081 0.00475319
602.025 0.683379 0.00486881
602.364 0.645837 0.0045429
602.702 0.682494 0.00458248
603.041 0.682757 0.00456094
603.38 0.691447 0.00475908
603.719 0.688885 0.00498886
604.057 0.66806 0.00508861
604.396 0.657288 0.00505178
604.734 0.643395 0.00487896
605.073 0.65335 0.00449035
605.411 0.697819 0.00464293
605.75 0.685654 0.00469426
606.088 0.677891 0.00496032
606.426 0.651667 0.00480646
606.764 0.664819 0.00477303
607.103 0.683033 0.00489796
607.441 0.676684 0.00509177
607.779 0.673958 0.00522742
608.117 0.664092 0.00516361
608.455 0.687787 0.00540772
608.793 0.661723 0.00544941
609.131 0.632397 0.00504056
609.469 0.67051 0.00500036
609.806 0.689823 0.00505331
610.144 0.697741 0.00545391
610.482 0.650746 0.00542162
610.819 0.664431 0.00544628
611.157 0.666982 0.00547554
611.495 0.679587 0.00570578
611.832 0.665088 0.00571111
612.17 0.655791 0.00563044
612.507 0.668269 0.00560858
612.844 0.676063 0.00568601
613.182 0.672979 0.00570328
613.519 0.662381 0.00562601
613.856 0.666403 0.00560684
614.193 0.656634 0.00554657
614.53 0.660416 0.00543086
614.867 0.672043 0.00540349
615.205 0.696803 0.00578325
615.541 0.670721 0.00585171
615.878 0.657355 0.00606996
616.215 0.648881 0.00603787
616.552 0.668316 0.00615884
616.889 0.652787 0.00599658
617.226 0.674563 0.00598483
617.562 0.684204 0.00613413
617.899 0.687895 0.00652183
618.235 0.675595 0.00682442
618.572 0.661222 0.00704553
618.908 0.64265 0.00681813
619.245 0.656638 0.006589
619.581 0.675023 0.00650326
619.918 0.719568 0.00708118
620.254 0.698724 0.00787332
620.59 0.629016 0.00780715
620.926 0.625883 0.00737033
621.262 0.66113 0.00715955
621.599 0.691841 0.00718962
621.935 0.667247 0.0070925
622.271 0.662974 0.00681144
622.606 0.67781 0.00668231
622.942 0.695256 0.00685039
623.278 0.683681 0.00705737
623.614 0.643552 0.00658535
623.95 0.673468 0.00662898
624.285 0.679569 0.00673603
624.621 0.695106 0.00717216
624.957 0.662946 0.00726376
625.292 0.668593 0.00745737
625.628 0.676927 0.00779429
625.963 0.657421 0.00778081
626.299 0.648723 0.00759177
626.634 0.670412 0.00758343
626.969 0.687183 0.00776667
627.304 0.705336 0.00837965
627.64 0.669793 0.00881601
627.975 0.645004 0.00869156
628.31 0.634595 0.00821747
628.645 0.680324 0.00817225
628.98 0.692756 0.00838636
629.315 0.671647 0.00836384
629.65 0.659371 0.00836803
629.985 0.659314 0.00837587
630.319 0.680741 0.00885209
630.654 0.652837 0.00882318
630.989 0.660099 0.00881562
631.323 0.674586 0.00908534
631.658 0.684 0.00941424
631.993 0.676193 0.009795
632.327 0.654549 0.00972316
632.662 0.678088 0.00987604
632.996 0.661684 0.00962452
633.33 0.688769 0.00972901
633.665 0.693871 0.00993426
633.999 0.676469 0.0100788
634.333 0.661264 0.0100951
634.667 0.663994 0.0101228
635.001 0.653612 0.00975984
635.335 0.656297 0.00948171
635.669 0.662862 0.00914322
636.003 0.690302 0.00933498
636.337 0.690153 0.00970152
636.671 0.676735 0.0100779
637.005 0.670506 0.0104525
637.339 0.650232 0.0103279
637.672 0.642754 0.0100028
638.006 0.68141 0.0100343
638.339 0.68602 0.0100485
638.673 0.686552 0.0104016
639.006 0.679626 0.010596
639.34 0.662234 0.0105685
639.673 0.666806 0.010709
640.007 0.676149 0.0107988
640.34 0.673848 0.0108825
640.673 0.67763 0.0111485
641.006 0.682858 0.0113097
641.34 0.666812 0.0112632
641.673 0.673246 0.0115914
642.006 0.682689 0.0118906
642.339 0.679953 0.0117297
642.672 0.698481 0.0117826
643.004 0.681722 0.0116902
643.337 0.678773 0.0119146
643.67 0.664176 0.0118976
644.003 0.662187 0.0116777
644.336 0.675655 0.0118669
644.668 0.667801 0.0118313
645.001 0.693438 0.012204
645.333 0.685161 0.0123115
645.666 0.693965 0.0127422
645.998 0.678861 0.0129181
646.331 0.672825 0.0128662
646.663 0.671718 0.0128372
646.995 0.634685 0.0118632
647.327 0.666514 0.0113657
647.66 0.672393 0.0106004
647.992 0.670529 0.0103095
648.324 0.682469 0.0103079
648.656 0.680082 0.0104199
648.988 0.686649 0.010807
649.32 0.678638 0.0113506
649.652 0.671868 0.0119683
649.983 0.649264 0.0120779
650.315 0.672412 0.0124718
650.647 0.65598 0.0121133
650.979 0.654234 0.0115889
651.31 0.658889 0.0112002
651.642 0.660379 0.0108036
651.973 0.661751 0.0107776
652.305 0.66434 0.010791
652.636 0.662759 0.0108292
652.967 0.671484 0.0112045
653.299 0.648779 0.0112084
653.63 0.640155 0.0111869
653.961 0.620293 0.0104848
654.292 0.567913 0.00838554
654.623 0.321756 0.00261869
654.955 0.901055 0.00343523
655.286 0.900999 0.00343502
655.616 0.900943 0.0034348
655.947 0.900886 0.00343458
656.278 0.900829 0.00343436
656.609 0.52259 0.00261572
656.94 0.418576 0.00294407
657.27 0.386794 0.00335333
657.601 0.425853 0.00403202
657.932 0.498982 0.00519091
658.262 0.564439 0.00673975
658.593 0.626567 0.00866773
658.923 0.655355 0.0105973
659.254 0.652607 0.0117798
659.584 0.660618 0.0127318
659.914 0.653197 0.0132457
660.244 0.667502 0.0138463
660.575 0.674356 0.0140035
660.905 0.664729 0.0139052
661.235 0.671794 0.0137949
661.565 0.684153 0.0137567
661.895 0.702065 0.0138999
662.225 0.697065 0.0140494
662.555 0.674942 0.013946
662.884 0.678562 0.013973
663.214 0.676756 0.0136893
663.544 0.678059 0.0135185
663.873 0.681163 0.01353
664.203 0.656832 0.012885
664.533 0.682008 0.013026
664.862 0.682689 0.0128434
665.192 0.681277 0.0130581
665.521 0.680294 0.013623
665.85 0.667034 0.0140785
666.18 0.683965 0.0147851
666.509 0.635911 0.0142013
666.838 0.68874 0.0147158
667.167 0.676724 0.0143452
667.496 0.705617 0.0147267
667.825 0.676905 0.014349
668.154 0.665306 0.0142694
668.483 0.674519 0.0143919
668.812 0.694655 0.0142893
669.141 0.67709 0.0139837
669.47 0.674093 0.013617
669.798 0.668263 0.0136572
670.127 0.691466 0.0142204
670.456 0.625972 0.0129879
670.784 0.649339 0.0119195
671.113 0.658472 0.010946
671.441 0.668218 0.0102858
671.77 0.694529 0.0105401
672.098 0.681509 0.0108173
672.426 0.705399 0.0120508
672.755 0.640816 0.012305
673.083 0.64768 0.0127557
673.411 0.656734 0.0129493
673.739 0.665099 0.0131156
674.067 0.670785 0.0135885
674.395 0.674377 0.0139657
674.723 0.656521 0.0133941
675.051 0.671845 0.0134005
675.379 0.6877 0.0136066
675.706 0.67144 0.0134279
676.034 0.676813 0.0137528
676.362 0.679404 0.0140233
676.689 0.630412 0.0128246
677.017 0.668087 0.0122253
677.344 0.676893 0.0117759
677.672 0.693123 0.0119375
677.999 0.674214 0.0121309
678.327 0.65498 0.011765
678.654 0.632983 0.010956
678.981 0.667754 0.0109386
679.308 0.674916 0.0109385
679.636 0.675905 0.0113517
679.963 0.680467 0.0119494
680.29 0.669463 0.0122079
680.617 0.652908 0.0118425
680.944 0.661503 0.0116886
681.271 0.680568 0.0119071
681.597 0.683782 0.0126303
681.924 0.664337 0.0133079
682.251 0.641407 0.013419
682.578 0.6215 0.0126202
682.904 0.655788 0.0121428
683.231 0.65229 0.0115584
683.557 0.659748 0.0113061
683.884 0.649619 0.0109694
684.21 0.656238 0.0106801
684.536 0.655173 0.0103026
684.863 0.67015 0.0102932
685.189 0.678631 0.0103897
685.515 0.675918 0.0108221
685.841 0.655166 0.0110933
686.167 0.634174 0.0110787
686.493 0.640028 0.0108762
686.819 0.655244 0.0110644
687.145 0.67257 0.0115986
687.471 0.663162 0.0123352
687.797 0.641391 0.0127456
688.123 0.621191 0.0124312
688.448 0.636319 0.0123871
688.774 0.65598 0.0120839
689.1 0.67389 0.0123759
689.425 0.675192 0.0128278
689.751 0.644419 0.0127876
690.076 0.637274 0.0122794
690.402 0.636103 0.0114229
690.727 0.656689 0.0111937
691.052 0.677286 0.0114966
691.377 0.672022 0.0118724
691.703 0.655682 0.0119664
692.028 0.664272 0.0122367
692.353 0.659983 0.0118465
692.678 0.652969 0.0117769
693.003 0.661484 0.0120241
693.328 0.705182 0.0134646
693.652 0.660218 0.0138159
693.977 0.635984 0.0134364
694.302 0.622407 0.0126415
694.627 0.661603 0.0125559
694.951 0.677173 0.0131046
695.276 0.701179 0.0143949
695.6 0.64856 0.0144958
695.925 0.59069 0.0125858
696.249 0.628506 0.011364
696.574 0.667182 0.0107932
696.898 0.705669 0.0113475
697.222 0.670925 0.011676
697.546 0.647082 0.0119737
697.871 0.65063 0.0123895
698.195 0.664627 0.0126636
698.519 0.663705 0.0128987
698.843 0.663128 0.0131977
699.167 0.663585 0.0136984
699.491 0.648675 0.014024
699.814 0.640469 0.0142715
700.138 0.644083 0.0142774
700.462 0.650493 0.0144749
700.786 0.654197 0.0145373
701.109 0.649586 0.0141636
701.433 0.644988 0.0135251
701.756 0.677711 0.0134235
702.08 0.673291 0.0132943
702.403 0.665317 0.0133319
702.726 0.674475 0.0139727
703.05 0.660113 0.014288
703.373 0.664352 0.0146213
703.696 0.669918 0.0146612
704.019 0.680942 0.0152365
704.342 0.676965 0.0156597
704.665 0.664135 0.0160869
704.988 0.649611 0.016095
705.311 0.637053 0.0152062
705.634 0.622045 0.0137272
705.957 0.639785 0.0124455
706.28 0.657727 0.0116318
706.602 0.684285 0.011488
706.925 0.676268 0.0115275
707.247 0.680508 0.0120008
707.57 0.665036 0.0124257
707.892 0.655074 0.012634
708.215 0.652743 0.0131857
708.537 0.654086 0.013741
708.859 0.654961 0.0140171
709.182 0.63856 0.0137644
709.504 0.648719 0.0133726
709.826 0.656273 0.0131726
710.148 0.673161 0.0134341
710.47 0.68185 0.0138615
710.792 0.676295 0.0142249
711.114 0.659557 0.0144711
711.436 0.65161 0.0148838
711.758 0.636786 0.0145304
712.079 0.638909 0.0143722
712.401 0.652997 0.0140611
712.723 0.655156 0.0133924
713.044 0.639846 0.0126082
713.366 0.661389 0.0124767
713.687 0.654701 0.0123699
714.009 0.669834 0.0129493
714.33 0.657305 0.0130533
714.652 0.659368 0.0134661
714.973 0.671756 0.0140284
715.294 0.650508 0.0144316
715.615 0.654507 0.0153639
715.936 0.631666 0.0154867
716.257 0.668007 0.0162019
716.578 0.660371 0.0162068
716.899 0.662522 0.0160138
717.22 0.648158 0.0147792
717.541 0.666524 0.0145908
717.862 0.657101 0.0141549
718.182 0.662543 0.0144328
718.503 0.647402 0.0138889
718.824 0.677096 0.0143889
719.144 0.665536 0.0144354
719.465 0.658179 0.0147498
719.785 0.634664 0.014368
720.105 0.642228 0.0140477
720.426 0.648069 0.0139856
720.746 0.675515 0.0144828
721.066 0.643206 0.014198
721.386 0.663009 0.0145839
721.706 0.661479 0.0149623
722.026 0.660466 0.0151278
722.346 0.650623 0.0152892
722.666 0.647607 0.0151393
722.986 0.653573 0.0148897
723.306 0.651928 0.0149214
723.626 0.6708 0.0154187
723.946 0.639113 0.0150698
724.265 0.629908 0.0143444
724.585 0.638628 0.0137024
724.904 0.65854 0.0135211
725.224 0.67645 0.0138245
725.543 0.653943 0.0135731
725.863 0.659501 0.0136495
726.182 0.658292 0.0139806
726.501 0.652857 0.0144798
726.82 0.654147 0.0146146
727.14 0.626659 0.0137806
727.459 0.632488 0.0135379
727.778 0.657192 0.013584
728.097 0.646918 0.0136624
728.416 0.631735 0.0133269
728.734 0.64073 0.0131051
729.053 0.647628 0.0129631
729.372 0.658062 0.0130584
729.691 0.619276 0.0124135
730.009 0.621472 0.0117606
730.328 0.641962 0.0115763
730.647 0.653393 0.0116331
730.965 0.664524 0.0120175
731.283 0.642577 0.012284
731.602 0.633321 0.0125118
731.92 0.629102 0.0123753
732.238 0.633856 0.0120918
732.557 0.627423 0.0117218
732.875 0.638519 0.0117755
733.193 0.621306 0.0109924
733.511 0.642229 0.0107498
733.829 0.656377 0.0109641
734.147 0.67047 0.0117689
734.465 0.638001 0.0121563
734.782 0.617442 0.0119524
735.1 0.640545 0.012019
735.418 0.649351 0.0119797
735.735 0.625095 0.0116772
736.053 0.638176 0.0118705
736.371 0.63725 0.0118196
736.688 0.64829 0.0122596
737.005 0.648066 0.0129906
737.323 0.646788 0.0136227
737.64 0.627214 0.013606
737.957 0.618842 0.0130646
738.274 0.619838 0.0119094
738.592 0.646539 0.0116257
738.909 0.67025 0.011977
739.226 0.673004 0.0130079
739.543 0.63711 0.0136629
739.86 0.612671 0.0140413
740.176 0.655155 0.0151282
740.493 0.648225 0.0157325
740.81 0.654192 0.0160416
741.127 0.63082 0.0153964
741.443 0.625921 0.0148511
741.76 0.643381 0.0143443
742.076 0.658558 0.0144337
742.393 0.670261 0.0150711
742.709 0.669925 0.0159554
743.025 0.658043 0.0164599
743.342 0.629917 0.01593
743.658 0.647312 0.0159023
743.974 0.665563 0.0157941
744.29 0.648862 0.0153068
744.606 0.662805 0.0157633
744.922 0.666731 0.0159475
745.238 0.632851 0.0155549
745.554 0.671339 0.0162881
745.87 0.663752 0.0163448
746.186 0.630982 0.0155536
746.501 0.64816 0.015194
746.817 0.662108 0.0152345
747.132 0.665243 0.0161828
747.448 0.636169 0.0166581
747.763 0.63507 0.0167357
748.079 0.616798 0.0159145
748.394 0.625106 0.0148855
748.71 0.633717 0.0139923
749.025 0.615702 0.0128454
749.34 0.646976 0.0128861
749.655 0.647398 0.0129729
749.97 0.649299 0.0135074
750.285 0.606239 0.0132377
750.6 0.617269 0.0132172
750.915 0.606548 0.012612
751.23 0.643529 0.0131109
751.545 0.621468 0.0132616
751.859 0.640538 0.0141238
752.174 0.615709 0.0143543
752.489 0.595928 0.0133959
752.803 0.607599 0.0127769
753.118 0.651896 0.0129543
753.432 0.624656 0.0129498
753.747 0.641051 0.0137055
754.061 0.610174 0.0131238
754.375 0.606077 0.0125053
754.689 0.61243 0.012206
755.004 0.622599 0.0120923
755.318 0.601495 0.0117362
755.632 0.598664 0.0112353
755.946 0.608597 0.0110328
756.26 0.597446 0.0105549
756.573 0.595544 0.00994337
756.887 0.594748 0.00964405
757.201 0.618223 0.00986205
757.515 0.628724 0.0107538
757.828 0.590201 0.0112388
758.142 0.562856 0.0111078
758.455 0.549895 0.0103131
758.769 0.579884 0.010001
759.082 0.609885 0.0100666
759.396 0.60273 0.00977976
759.709 0.601266 0.00967745
760.022 0.598187 0.0095996
760.335 0.611592 0.0101377
760.648 0.606254 0.0107399
760.962 0.580859 0.0113122
761.275 0.580402 0.0119996
761.587 0.564459 0.0121203
761.9 0.584978 0.0124267
762.213 0.573457 0.0119311
762.526 0.592922 0.0116873
762.839 0.609218 0.0117944
763.151 0.591379 0.0113327
763.464 0.579062 0.0106423
763.776 0.577309 0.00993645
764.089 0.609412 0.00977904
764.401 0.603859 0.00999535
764.714 0.598173 0.010462
765.026 0.585209 0.0110234
765.338 0.561774 0.0114743
765.65 0.597034 0.0128035
765.962 0.575195 0.0132367
766.275 0.565288 0.0136769
766.587 0.564618 0.0138498
766.898 0.563045 0.0134589
767.21 0.582249 0.0131032
767.522 0.574426 0.0119901
767.834 0.598141 0.0116378
768.146 0.608105 0.011768
768.457 0.607314 0.0122158
768.769 0.592206 0.0127275
769.08 0.571072 0.0128139
769.392 0.560348 0.0123125
769.703 0.577711 0.0118491
770.015 0.584579 0.0114326
770.326 0.598118 0.0114804
770.637 0.604252 0.0118953
770.948 0.60933 0.0127602
771.26 0.581539 0.0133395
771.571 0.574197 0.0134829
771.882 0.581736 0.01355
772.193 0.582937 0.0132461
772.504 0.595251 0.0135846
772.814 0.600906 0.0141931
773.125 0.594124 0.0143279
773.436 0.59436 0.0146584
773.747 0.590106 0.0150942
774.057 0.592581 0.0155377
774.368 0.582413 0.0154597
774.678 0.598512 0.0160495
774.989 0.595411 0.0164616
775.299 0.580832 0.0167016
775.609 0.600666 0.016994
775.919 0.610411 0.0169455
776.23 0.59396 0.016521
776.54 0.617009 0.0171027
776.85 0.610777 0.0168719
777.16 0.599335 0.0166057
777.47 0.606005 0.0159636
777.78 0.601381 0.0149851
778.089 0.582895 0.0139356
778.399 0.616516 0.0142934
778.709 0.603 0.0144232
779.019 0.592618 0.0151171
779.328 0.564616 0.0157048
779.638 0.563102 0.0157518
779.947 0.538576 0.0144364
780.257 0.571807 0.013402
780.566 0.582476 0.0128906
780.875 0.586622 0.0129736
781.185 0.567156 0.0134064
781.494 0.577816 0.0140444
781.803 0.559236 0.013906
782.112 0.563955 0.0143416
782.421 0.562835 0.0142259
782.73 0.572004 0.0140499
783.039 0.574697 0.0141089
783.348 0.583788 0.0149244
783.656 0.589103 0.0163011
783.965 0.552398 0.0160071
784.274 0.567126 0.0158713
784.582 0.577383 0.0154954
784.891 0.586976 0.0153289
785.199 0.58701 0.0154303
785.508 0.611782 0.0163723
785.816 0.579522 0.0162111
786.124 0.595305 0.016413
786.432 0.544142 0.0147166
786.741 0.579677 0.0146281
787.049 0.5631 0.0142428
787.357 0.566613 0.0142554
787.665 0.555996 0.0140531
787.973 0.553751 0.0141617
788.281 0.573052 0.0148635
788.588 0.581714 0.0155833
788.896 0.571748 0.0163834
789.204 0.543088 0.016469
789.511 0.557455 0.0169751
789.819 0.562677 0.0171341
790.126 0.568037 0.0173472
790.434 0.579213 0.0176469
790.741 0.612575 0.0182944
791.049 0.586699 0.017673
791.356 0.593493 0.0182496
791.663 0.619939 0.0196025
791.97 0.583456 0.0186335
792.277 0.648599 0.0202871
792.584 0.592635 0.0180276
792.891 0.518101 0.0148154
793.198 0.546792 0.0140068
793.505 0.58727 0.0141306
793.812 0.565883 0.0140254
794.119 0.551329 0.0142545
794.425 0.546508 0.0144611
794.732 0.550441 0.015147
795.038 0.585407 0.017306
795.345 0.54935 0.0180331
795.651 0.541526 0.0189019
795.958 0.56169 0.0194987
796.264 0.556446 0.0186794
796.57 0.55403 0.017593
796.876 0.566252 0.0173291
797.183 0.61688 0.0185255
797.489 0.59631 0.0189249
797.795 0.58087 0.0188515
798.101 0.613623 0.0196027
798.406 0.587726 0.0190063
798.712 0.583085 0.0191581
799.018 0.579042 0.0197676
799.324 0.612592 0.0204991
799.629 0.589043 0.0202969
799.935 0.58998 0.0203496
800.24 0.574315 0.0202211
800.546 0.58315 0.0202024
800.851 0.619974 0.0217225
801.157 0.629554 0.0221893
801.462 0.617806 0.0223144
801.767 0.61467 0.0225018
802.072 0.595822 0.0213247
802.377 0.597436 0.0206345
802.682 0.596362 0.0201027
802.987 0.579544 0.0199095
803.292 0.617156 0.0217066
803.597 0.57555 0.0213051
803.902 0.594542 0.0217321
804.207 0.583723 0.020922
804.511 0.59899 0.0208289
804.816 0.556709 0.019472
805.12 0.581967 0.0185064
805.425 0.560731 0.0170526
805.729 0.5929 0.0174293
806.034 0.555884 0.0173968
806.338 0.544198 0.017864
806.642 0.530636 0.0183707
806.946 0.548716 0.0186345
807.251 0.554521 0.0187403
807.555 0.57028 0.0189343
807.859 0.557448 0.0185719
808.162 0.550325 0.0185389
808.466 0.564853 0.0195157
808.77 0.547883 0.0196445
809.074 0.597116 0.0209871
809.378 0.597147 0.0214264
809.681 0.625206 0.022344
809.985 0.6001 0.0217714
810.288 0.591143 0.0212964
810.592 0.619597 0.0225459
810.895 0.588185 0.0220918
811.198 0.585245 0.022443
811.502 0.626422 0.0247321
811.805 0.624915 0.0243003
812.108 0.643782 0.025251
812.411 0.618634 0.0235573
812.714 0.588645 0.0208206
813.017 0.56558 0.0193143
813.32 0.596872 0.0197987
813.623 0.58218 0.0197709
813.926 0.615338 0.0222581
814.228 0.614433 0.0231517
814.531 0.615245 0.0238528
814.833 0.592224 0.0236549
815.136 0.6308 0.0244664
815.438 0.64582 0.0252979
815.741 0.632561 0.0247249
816.043 0.656198 0.0248152
816.345 0.60347 0.0229048
816.648 0.621402 0.0234236
816.95 0.628023 0.0238756
817.252 0.636698 0.0246114
817.554 0.639356 0.0247246
817.856 0.685303 0.0261713
818.158 0.688106 0.026896
818.46 0.719879 0.0281499
818.761 0.682603 0.026891
819.063 0.653199 0.0262691
819.365 0.672691 0.0263047
819.666 0.606393 0.0235397
819.968 0.655188 0.0236732
820.269 0.571384 0.0212002
820.571 0.630802 0.0228852
820.872 0.641016 0.0238768
821.173 0.641111 0.0248874
821.475 0.658713 0.0257471
821.776 0.64199 0.0256661
822.077 0.613352 0.0252154
822.378 0.601246 0.024519
822.679 0.651654 0.026207
822.98 0.662222 0.0268794
823.281 0.709747 0.028362
823.581 0.71685 0.028315
823.882 0.710272 0.0287625
824.183 0.680904 0.0274462
824.483 0.635937 0.0259828
824.784 0.582002 0.0234596
825.084 0.601857 0.0241051
825.385 0.595225 0.0235944
825.685 0.607979 0.0247354
825.985 0.653707 0.0263742
826.286 0.680816 0.0267853
826.586 0.584469 0.0239708
826.886 0.615055 0.0244567
827.186 0.608685 0.0240107
827.486 0.607097 0.0249108
827.786 0.65393 0.0267685
828.086 0.656515 0.0271464
828.386 0.596449 0.0249794
828.685 0.614433 0.025345
828.985 0.674446 0.0274653
829.285 0.656633 0.0271908
829.584 0.626473 0.026678
829.884 0.668353 0.0284176
830.183 0.708646 0.0294738
830.482 0.73703 0.0312262
830.782 0.730908 0.0313847
831.081 0.815468 0.0350707
831.38 0.822286 0.0344717
831.679 0.665664 0.0288713
831.978 0.628223 0.0280362
832.277 0.673156 0.0284763
832.576 0.680891 0.0289508
832.875 0.730503 0.0302204
833.174 0.667733 0.0282613
833.472 0.671242 0.0293332
833.771 0.626728 0.0277202
834.07 0.613256 0.0268428
834.368 0.651451 0.0278278
834.667 0.68623 0.029148
834.965 0.633234 0.0285519
835.263 0.688148 0.030007
835.562 0.666622 0.0292584
835.86 0.723707 0.0305375
836.158 0.708933 0.0311493
836.456 0.767978 0.0340053
836.754 0.701484 0.0307382
837.052 0.720063 0.0319908
837.35 0.685242 0.0307376
837.648 0.818283 0.0351918
837.946 0.71242 0.0317045
838.243 0.717083 0.0326541
838.541 0.722268 0.0325663
838.839 0.672796 0.030162
839.136 0.690038 0.0311489
839.434 0.756684 0.0325595
839.731 0.645191 0.0291414
840.028 0.814973 0.0349394
840.326 0.655175 0.0300123
840.623 0.724587 0.03241
840.92 0.73888 0.0329189
841.217 0.702847 0.0334765
841.514 0.805638 0.0348866
841.811 0.732995 0.0327305
842.108 0.751811 0.0333267
842.405 0.758161 0.0338162
842.701 0.664677 0.0306488
842.998 0.753996 0.0338797
843.295 0.773665 0.0337359
843.591 0.788842 0.0348517
843.888 0.725739 0.0333639
844.184 0.783751 0.0351564
844.481 0.721454 0.0328921
844.777 0.832065 0.0369253
845.073 0.776366 0.0351272
845.369 0.702192 0.0326357
845.665 0.849631 0.0368306
845.962 0.738523 0.0340746
846.258 0.784864 0.035783
846.553 0.853147 0.0379458
846.849 0.742133 0.0342204
847.145 0.744601 0.0337096
847.441 0.768016 0.0347291
847.737 0.832265 0.0372055
848.032 0.732642 0.0334812
848.328 0.752531 0.0339699
848.623 0.941061 0.0416232
848.919 0.755472 0.0353074
849.214 0.744455 0.0343897
849.509 0.786941 0.0361993
849.805 0.750387 0.034497
850.1 0.795727 0.0361717
850.395 0.766523 0.0364392
850.69 0.857247 0.0383223
850.985 0.738464 0.0338677
851.28 0.74257 0.0346402
851.575 0.740238 0.0339491
851.869 0.779417 0.034982
852.164 0.753676 0.0338848
852.459 0.729407 0.0319965
852.753 0.706572 0.0308103
853.048 0.664067 0.029226
853.342 0.620479 0.0271589
853.637 0.637135 0.0281181
853.931 0.671193 0.0288507
854.225 0.671457 0.029107
854.52 0.654936 0.0288085
854.814 0.680566 0.0301516
855.108 0.752722 0.0331278
855.402 0.696892 0.0311184
855.696 0.718804 0.032317
855.99 0.794931 0.0337651
856.283 0.735317 0.0323264
856.577 0.727373 0.0319772
856.871 0.721336 0.0315735
857.164 0.783361 0.0338319
857.458 0.821785 0.0355103
857.751 0.683825 0.03157
858.045 0.76709 0.0350763
858.338 0.764959 0.033556
858.632 0.779924 0.035412
858.925 0.76976 0.0350736
859.218 0.832092 0.0366411
859.511 0.776467 0.0350504
859.804 0.773742 0.0358514
860.097 0.805997 0.0353368
860.39 0.796769 0.0361344
860.683 0.792516 0.0355699
860.976 0.790541 0.0366297
861.268 0.763107 0.03562
861.561 0.758888 0.0354671
861.854 0.796083 0.036467
862.146 0.80905 0.0371719
862.439 0.794461 0.0360086
862.731 0.762848 0.0354767
863.023 0.785855 0.0351906
863.316 0.836697 0.0369048
863.608 0.689423 0.0317707
863.9 0.805281 0.0375885
864.192 0.792804 0.0359335
864.484 0.832967 0.0375576
864.776 0.701119 0.0331392
865.068 0.798716 0.0370085
865.36 0.765044 0.0357104
865.651 0.785703 0.0362514
865.943 0.813355 0.037779
866.235 0.80622 0.0369093
866.526 0.827501 0.0381568
866.818 0.900114 0.0394631
867.109 0.931522 0.0404452
867.4 0.827373 0.0368823
867.692 0.792195 0.0362672
867.983 0.794756 0.0362126
868.274 0.676014 0.0330843
868.565 0.797605 0.0363424
868.856 0.849425 0.0381896
869.147 0.748558 0.035404
869.438 0.904384 0.0409194
869.729 0.91161 0.0409152
870.02 0.86312 0.0393508
870.31 0.852197 0.0390141
870.601 0.774168 0.0358277
870.892 0.82945 0.0379955
871.182 0.792725 0.0376605
871.473 0.822808 0.0372068
871.763 0.79108 0.0373913
872.053 0.779771 0.0366482
872.343 0.789341 0.0363536
872.634 0.874691 0.0399965
872.924 0.889982 0.0414147
873.214 0.816336 0.0378714
873.504 0.822394 0.0383873
873.794 0.829999 0.0380433
874.084 0.745756 0.0357046
874.373 0.953328 0.0417053
874.663 0.820262 0.0373089
874.953 0.902169 0.0408192
875.242 0.818216 0.038311
875.532 0.810428 0.0370139
875.821 0.876522 0.0399381
876.111 0.831138 0.0377591
876.4 0.799562 0.0363036
876.689 0.836839 0.0372625
876.978 0.868427 0.0388882
877.268 0.797793 0.0371933
877.557 0.813839 0.0375268
877.846 0.818201 0.0378424
878.134 0.87568 0.0401608
878.423 0.875841 0.0401682
878.712 0.876002 0.0401756
