178.41 0.675995 0.128049
178.791 0.680276 0.12886
179.172 0.684525 0.129665
179.553 1.30142 1.30142
179.934 0.224684 0.224684
180.316 0.325217 0.325217
180.697 0.547145 0.547145
181.078 0.566809 0.566809
181.459 0.253712 0.253712
181.84 0.543591 0.543591
182.221 5.88572 5.88572
182.602 -0.60877 -0.60877
182.983 -0.169339 -0.169339
183.364 1.89018 0.45081
183.744 0.435662 0.0705347
184.125 0.948873 0.0879718
184.506 0.561888 0.0599622
184.887 0.669974 0.0755311
185.268 0.73261 0.0694737
185.648 0.475567 0.0405653
186.029 0.494206 0.0398268
186.41 0.550551 0.0395988
186.791 0.579323 0.0377997
187.171 0.562693 0.0343048
187.552 0.580404 0.0294258
187.932 0.427385 0.0230766
188.313 0.502737 0.0253224
188.694 0.409246 0.0213826
189.074 0.495741 0.0235987
189.455 0.470396 0.0223778
189.835 0.491026 0.0227256
190.216 0.468616 0.021519
190.596 0.45814 0.0209505
190.977 0.423012 0.0196376
191.357 0.478333 0.0211698
191.737 0.473479 0.0207938
192.118 0.505078 0.0218148
192.498 0.474165 0.0203615
192.878 0.413147 0.0185019
193.258 0.489116 0.0203643
193.639 0.486431 0.0203325
194.019 0.465501 0.0195547
194.399 0.444876 0.0190442
194.779 0.451671 0.0191372
195.159 0.465123 0.0188713
195.54 0.431782 0.0180037
195.92 0.421818 0.0175365
196.3 0.431023 0.0177804
196.68 0.454194 0.0185934
197.06 0.428855 0.0177423
197.44 0.410673 0.0170983
197.82 0.428767 0.0173559
198.2 0.420245 0.0170665
198.58 0.385538 0.0158128
198.959 0.374383 0.0155493
199.339 0.388643 0.0156809
199.719 0.404136 0.0164507
200.099 0.388738 0.0155
200.479 0.381545 0.0152683
200.858 0.361202 0.0146893
201.238 0.35443 0.0147277
201.618 0.350123 0.0143878
201.998 0.342398 0.0140234
202.377 0.351743 0.0140821
202.757 0.335229 0.0135132
203.136 0.33411 0.0136323
203.516 0.332342 0.0134031
203.896 0.309799 0.0125402
204.275 0.336033 0.0132038
204.655 0.31838 0.0126042
205.034 0.309841 0.0123709
205.414 0.304405 0.0119298
205.793 0.287168 0.011502
206.172 0.296487 0.0115198
206.552 0.281996 0.0112846
206.931 0.272021 0.0108953
207.31 0.288563 0.0110801
207.69 0.266039 0.0103902
208.069 0.28657 0.0108596
208.448 0.276926 0.0104729
208.827 0.267858 0.0102171
209.207 0.279862 0.0102224
209.586 0.264593 0.00979862
209.965 0.268205 0.00989028
210.344 0.262746 0.00957915
210.723 0.268025 0.00951762
211.102 0.244338 0.00894164
211.481 0.263423 0.00924614
211.86 0.254251 0.00901242
212.239 0.245376 0.00867022
212.618 0.258987 0.00881565
212.997 0.250725 0.0086658
213.376 0.241157 0.00827666
213.755 0.244634 0.00821242
214.134 0.246097 0.00819921
214.513 0.245796 0.00812835
214.891 0.240844 0.0078563
215.27 0.230414 0.0076291
215.649 0.226412 0.00740109
216.028 0.222981 0.00729118
216.406 0.231973 0.00732082
216.785 0.238632 0.00737144
217.164 0.227079 0.00704683
217.542 0.227229 0.00693225
217.921 0.227284 0.00685014
218.3 0.23974 0.00703752
218.678 0.224829 0.00667132
219.057 0.230196 0.00668016
219.435 0.219703 0.00641986
219.814 0.223934 0.00639341
220.192 0.224445 0.00629939
220.57 0.221901 0.00617231
220.949 0.219769 0.0061011
221.327 0.221306 0.00598548
221.705 0.223766 0.00595986
222.084 0.221818 0.00583426
222.462 0.228563 0.0058876
222.84 0.229926 0.00581474
223.218 0.217569 0.00557753
223.597 0.216908 0.00546021
223.975 0.215838 0.00535237
224.353 0.218227 0.00529998
224.731 0.216985 0.00519763
225.109 0.220174 0.00519969
225.487 0.219643 0.00512851
225.865 0.217269 0.00502001
226.243 0.213101 0.00490408
226.621 0.215592 0.00485595
226.999 0.212368 0.00474074
227.377 0.215983 0.00472125
227.755 0.211872 0.00459316
228.133 0.211701 0.00453482
228.511 0.216141 0.0045676
228.889 0.206505 0.00438028
229.266 0.214408 0.00443235
229.644 0.215971 0.00435589
230.022 0.211663 0.00426564
230.4 0.213907 0.00424244
230.777 0.212357 0.00418543
231.155 0.215672 0.00416899
231.533 0.213349 0.00407451
231.91 0.207181 0.00396348
232.288 0.218182 0.00404608
232.665 0.211421 0.00393521
233.043 0.211079 0.00388693
233.42 0.212276 0.00387734
233.798 0.215193 0.00385114
234.175 0.213952 0.00380334
234.553 0.218641 0.00382469
234.93 0.21338 0.00372922
235.307 0.217976 0.0037451
235.685 0.216985 0.00368614
236.062 0.217988 0.00366928
236.439 0.216977 0.00363352
236.816 0.212222 0.00354874
237.194 0.216442 0.0035495
237.571 0.217879 0.00354085
237.948 0.220788 0.00354517
238.325 0.222331 0.00352946
238.702 0.219842 0.0034788
239.079 0.220687 0.00345533
239.456 0.220481 0.00342808
239.833 0.224686 0.00343298
240.21 0.224865 0.00341533
240.587 0.219866 0.00335067
240.964 0.221898 0.00334537
241.341 0.223924 0.00333828
241.718 0.226233 0.00332588
242.095 0.224197 0.00329729
242.472 0.221955 0.00325129
242.849 0.226363 0.00327882
243.225 0.227206 0.00324229
243.602 0.226156 0.00323526
243.979 0.226404 0.00323049
244.356 0.225162 0.00318935
244.732 0.221638 0.00313423
245.109 0.228867 0.00317863
245.486 0.230206 0.00316175
245.862 0.230175 0.00315814
246.239 0.23106 0.00314402
246.615 0.232703 0.00313497
246.992 0.23652 0.00314326
247.368 0.231769 0.00309765
247.745 0.232746 0.00308834
248.121 0.230802 0.0030445
248.497 0.234494 0.00307717
248.874 0.233813 0.00305652
249.25 0.23359 0.00302414
249.626 0.235125 0.0030234
250.003 0.233635 0.00300017
250.379 0.236466 0.0029992
250.755 0.234498 0.00297424
251.131 0.237257 0.00297504
251.507 0.237756 0.00298502
251.884 0.238502 0.00295818
252.26 0.241142 0.00297385
252.636 0.239946 0.00294312
253.012 0.239832 0.00293175
253.388 0.242745 0.00293659
253.764 0.242145 0.00292372
254.14 0.241418 0.0029135
254.516 0.243495 0.002917
254.892 0.24485 0.00292236
255.268 0.245646 0.00291428
255.643 0.242159 0.00288539
256.019 0.243377 0.00287509
256.395 0.245319 0.00288886
256.771 0.242013 0.00285335
257.147 0.244699 0.00286271
257.522 0.247431 0.00288161
257.898 0.246066 0.00285912
258.274 0.249241 0.00287551
258.649 0.249916 0.00287224
259.025 0.247901 0.00284712
259.4 0.248198 0.00284262
259.776 0.252004 0.00286349
260.151 0.251816 0.00286559
260.527 0.255007 0.00287889
260.902 0.250498 0.00283761
261.278 0.251655 0.00283879
261.653 0.253317 0.00284962
262.028 0.253699 0.00285204
262.404 0.257855 0.00287274
262.779 0.25689 0.00285628
263.154 0.258256 0.0028562
263.53 0.253876 0.00282096
263.905 0.257853 0.00285084
264.28 0.260042 0.0028656
264.655 0.259359 0.00285422
265.03 0.261644 0.00287792
265.405 0.263758 0.00287905
265.781 0.261855 0.00285862
266.156 0.264925 0.00288769
266.531 0.262593 0.00285788
266.906 0.26576 0.00287756
267.281 0.261973 0.00284407
267.655 0.267789 0.00289698
268.03 0.266219 0.00287826
268.405 0.268596 0.00289644
268.78 0.27218 0.00291924
269.155 0.270936 0.00289842
269.53 0.268651 0.00288766
269.904 0.272755 0.00290861
270.279 0.272998 0.00292064
270.654 0.271044 0.00289589
271.029 0.275306 0.0029268
271.403 0.276782 0.00293437
271.778 0.273186 0.00291217
272.152 0.274575 0.00292381
272.527 0.275878 0.00292802
272.901 0.278944 0.00293879
273.276 0.278499 0.00293099
273.65 0.276229 0.00291176
274.025 0.28297 0.00296614
274.399 0.283048 0.00296864
274.774 0.280935 0.00294547
275.148 0.280785 0.00293925
275.522 0.285677 0.00295688
275.897 0.284015 0.00296081
276.271 0.28781 0.00298209
276.645 0.290941 0.00298932
277.019 0.289142 0.0029821
277.393 0.288716 0.00297145
277.768 0.291186 0.00299574
278.142 0.289397 0.0029745
278.516 0.296052 0.00303166
278.89 0.291544 0.0029943
279.264 0.294917 0.0030211
279.638 0.295309 0.0030092
280.012 0.294963 0.00300382
280.386 0.296905 0.00303241
280.76 0.29696 0.00302135
281.133 0.302558 0.00305282
281.507 0.299173 0.00303119
281.881 0.301287 0.00303849
282.255 0.303286 0.00305539
282.629 0.304335 0.00306731
283.002 0.302684 0.00305769
283.376 0.307504 0.00308018
283.75 0.309565 0.00309883
284.123 0.310622 0.00309878
284.497 0.30821 0.00309145
284.87 0.315608 0.00313011
285.244 0.314006 0.00311195
285.618 0.316399 0.00313042
285.991 0.316237 0.00314355
286.364 0.32092 0.00317189
286.738 0.317189 0.00314713
287.111 0.320422 0.00315075
287.485 0.322982 0.00317977
287.858 0.328404 0.00321335
288.231 0.329012 0.0032226
288.605 0.328681 0.00322687
288.978 0.328352 0.003213
289.351 0.330151 0.00323637
289.724 0.33216 0.0032587
290.097 0.333324 0.00325902
290.47 0.336898 0.00328621
290.843 0.338175 0.00328951
291.217 0.340734 0.00331273
291.59 0.340114 0.00332988
291.963 0.342165 0.0033321
292.336 0.344662 0.00335317
292.708 0.346812 0.00336139
293.081 0.343573 0.00335197
293.454 0.347745 0.00337723
293.827 0.349088 0.0033946
294.2 0.352773 0.0034287
294.573 0.351601 0.00341279
294.945 0.355271 0.00345264
295.318 0.354267 0.00343118
295.691 0.359776 0.0034765
296.064 0.364982 0.00350506
296.436 0.362211 0.00349596
296.809 0.365646 0.00351399
297.181 0.36687 0.00353048
297.554 0.370135 0.00355579
297.926 0.372268 0.00356576
298.299 0.371536 0.00356457
298.671 0.374161 0.00356302
299.044 0.37712 0.00359617
299.416 0.379365 0.00360049
299.788 0.377738 0.00359766
300.161 0.379387 0.00360963
300.533 0.382498 0.0036265
300.905 0.383419 0.0036133
301.278 0.384819 0.00362559
301.65 0.382048 0.00361097
302.022 0.389528 0.00366197
302.394 0.389856 0.00367032
302.766 0.389387 0.00365999
303.138 0.395505 0.00370309
303.51 0.39334 0.00366762
303.882 0.397382 0.00370352
304.254 0.39711 0.00369182
304.626 0.396163 0.00368358
304.998 0.396199 0.00368062
305.37 0.399544 0.00371795
305.742 0.401609 0.00371428
306.114 0.403495 0.00372705
306.485 0.404386 0.00372365
306.857 0.40571 0.00372715
307.229 0.407746 0.00374441
307.601 0.409586 0.00376131
307.972 0.410449 0.00376132
308.344 0.411154 0.00376658
308.716 0.41621 0.00381055
309.087 0.416218 0.00379237
309.459 0.414778 0.0037952
309.83 0.417658 0.0038058
310.202 0.41645 0.00379075
310.573 0.417031 0.00379342
310.945 0.420286 0.00382455
311.316 0.41849 0.00382181
311.687 0.416861 0.00379806
312.059 0.419768 0.0038196
312.43 0.424712 0.0038467
312.801 0.422538 0.00382638
313.172 0.424082 0.00384937
313.544 0.423957 0.00384808
313.915 0.427547 0.00385978
314.286 0.427306 0.00385991
314.657 0.421828 0.00382795
315.028 0.423717 0.00384518
315.399 0.430211 0.00387652
315.77 0.4293 0.00387172
316.141 0.424977 0.00385445
316.512 0.428576 0.00387274
316.883 0.426964 0.00388458
317.254 0.433395 0.00391034
317.625 0.429271 0.00389923
317.996 0.430496 0.00389587
318.366 0.430367 0.00390253
318.737 0.42969 0.00389583
319.108 0.428772 0.00389713
319.478 0.431343 0.00392221
319.849 0.429163 0.00390011
320.22 0.433545 0.00393151
320.59 0.430599 0.00391627
320.961 0.432135 0.00393361
321.331 0.428531 0.00390808
321.702 0.432181 0.00395845
322.072 0.429456 0.00394059
322.443 0.429707 0.00394659
322.813 0.429997 0.0039387
323.184 0.429448 0.00395451
323.554 0.426161 0.00393956
323.924 0.426624 0.00393323
324.295 0.428001 0.00396051
324.665 0.426507 0.00395811
325.035 0.425268 0.00394232
325.405 0.420675 0.00393387
325.775 0.426509 0.0039856
326.145 0.423295 0.00396787
326.515 0.425393 0.00400273
326.886 0.419846 0.00397669
327.256 0.417358 0.00396561
327.626 0.422162 0.00401937
327.995 0.416954 0.00400906
328.365 0.417552 0.00401669
328.735 0.416954 0.00403055
329.105 0.414631 0.00405202
329.475 0.411138 0.00407161
329.845 0.406784 0.00406369
330.215 0.406226 0.00405171
330.584 0.397518 0.00396355
330.954 0.401676 0.00393347
331.324 0.402108 0.0038454
331.693 0.406541 0.00380608
332.063 0.410514 0.00380158
332.432 0.411029 0.00377932
332.802 0.404077 0.00374661
333.171 0.39424 0.00373527
333.541 0.392583 0.00379279
333.91 0.391187 0.00381474
334.28 0.390181 0.0038386
334.649 0.39155 0.00385501
335.018 0.386146 0.00383789
335.388 0.381561 0.00382414
335.757 0.377316 0.0038002
336.126 0.378193 0.00381927
336.495 0.376753 0.00381411
336.865 0.376747 0.00381987
337.234 0.373094 0.00382668
337.603 0.36911 0.00379546
337.972 0.369122 0.00380739
338.341 0.367465 0.00378792
338.71 0.367368 0.00379678
339.079 0.364578 0.00378724
339.448 0.358789 0.00374304
339.817 0.356801 0.00374016
340.186 0.357299 0.00374983
340.554 0.354825 0.00374756
340.923 0.348441 0.00370679
341.292 0.353531 0.00375393
341.661 0.350964 0.00373003
342.029 0.350093 0.00372133
342.398 0.348516 0.00372934
342.767 0.346315 0.00373116
343.135 0.34446 0.00369866
343.504 0.346272 0.00373395
343.872 0.341647 0.00368795
344.241 0.341536 0.00368887
344.609 0.342233 0.00370446
344.978 0.344242 0.00371967
345.346 0.340087 0.00368671
345.715 0.342192 0.00371247
346.083 0.337782 0.00368739
346.451 0.341248 0.0037187
346.82 0.345269 0.00373721
347.188 0.345287 0.00373344
347.556 0.347718 0.00375882
347.924 0.347501 0.00373878
348.292 0.352736 0.0038163
348.66 0.351933 0.00380197
349.028 0.353863 0.00380143
349.396 0.352654 0.00380162
349.764 0.360903 0.00384318
350.132 0.366058 0.0038917
350.5 0.364655 0.00386945
350.868 0.370624 0.00392778
351.236 0.373724 0.00393542
351.604 0.378733 0.0039749
351.972 0.387421 0.00402609
352.34 0.387268 0.0040245
352.707 0.396368 0.00407299
353.075 0.397757 0.00407084
353.443 0.402964 0.00411134
353.81 0.411213 0.00416998
354.178 0.41501 0.00418998
354.545 0.420713 0.00420284
354.913 0.426071 0.00424372
355.28 0.433925 0.00427507
355.648 0.442577 0.00432691
356.015 0.448951 0.00437264
356.383 0.455704 0.00439781
356.75 0.462627 0.00444643
357.117 0.467279 0.00446708
357.485 0.479848 0.00454286
357.852 0.47685 0.00452457
358.219 0.48736 0.00457923
358.586 0.493492 0.00460371
358.954 0.505143 0.00466526
359.321 0.512844 0.00470405
359.688 0.51747 0.00474063
360.055 0.52297 0.00475707
360.422 0.534096 0.0048019
360.789 0.541903 0.00485954
361.156 0.54477 0.00487117
361.523 0.551977 0.00492235
361.89 0.558258 0.0049507
362.256 0.564698 0.00494728
362.623 0.570266 0.00501212
362.99 0.582943 0.00508785
363.357 0.59131 0.00511793
363.724 0.589568 0.00510314
364.09 0.596487 0.00514116
364.457 0.606148 0.00520596
364.823 0.612362 0.00519734
365.19 0.610594 0.00518588
365.557 0.629333 0.00528656
365.923 0.625658 0.00527178
366.29 0.635785 0.00532092
366.656 0.646913 0.005374
367.022 0.642873 0.00532953
367.389 0.657831 0.00542654
367.755 0.652994 0.00539608
368.121 0.660481 0.00545748
368.488 0.661101 0.0054526
368.854 0.668727 0.0054861
369.22 0.678524 0.00556731
369.586 0.685425 0.00560891
369.952 0.688011 0.00562829
370.318 0.686462 0.00563954
370.684 0.699437 0.00570978
371.051 0.700433 0.00570346
371.416 0.708433 0.00576575
371.782 0.705595 0.00573575
372.148 0.711532 0.0057715
372.514 0.713606 0.00580412
372.88 0.720632 0.00582562
373.246 0.722447 0.00585086
373.612 0.728566 0.00586344
373.977 0.724895 0.00582742
374.343 0.731797 0.00585096
374.709 0.736775 0.00585179
375.074 0.742564 0.00589666
375.44 0.740003 0.00590058
375.806 0.749155 0.00596649
376.171 0.750204 0.00596546
376.537 0.747271 0.0059333
376.902 0.757572 0.00600046
377.268 0.760491 0.00598828
377.633 0.761518 0.00597947
377.998 0.764842 0.00594984
378.364 0.768185 0.0059415
378.729 0.773626 0.00595177
379.094 0.782117 0.00600497
379.459 0.779445 0.00606772
379.825 0.775158 0.006051
380.19 0.776005 0.00605733
380.555 0.787215 0.00615544
380.92 0.784534 0.00619218
381.285 0.796852 0.00626823
381.65 0.79261 0.00621506
382.015 0.795799 0.00620276
382.38 0.799439 0.00624563
382.745 0.80354 0.00631204
383.11 0.795477 0.00626897
383.474 0.802583 0.00629932
383.839 0.800667 0.00629063
384.204 0.812379 0.00636591
384.569 0.806924 0.00634104
384.933 0.807504 0.00635603
385.298 0.812114 0.006418
385.663 0.823746 0.00647741
386.027 0.813641 0.00639618
386.392 0.819487 0.0063981
386.756 0.812755 0.00633083
387.121 0.822383 0.00637505
387.485 0.823102 0.00632601
387.849 0.816704 0.00626121
388.214 0.830029 0.0064008
388.578 0.824607 0.0063795
388.942 0.83509 0.00649544
389.307 0.824677 0.00642408
389.671 0.833397 0.00649513
390.035 0.832478 0.00645619
390.399 0.833203 0.00646114
390.763 0.834352 0.00643234
391.127 0.834106 0.00638286
391.492 0.831736 0.00630665
391.856 0.835238 0.00626498
392.219 0.840897 0.00620266
392.583 0.844257 0.00625843
392.947 0.850482 0.0063756
393.311 0.844634 0.00643515
393.675 0.844397 0.00646273
394.039 0.839661 0.00646131
394.403 0.851892 0.0065326
394.766 0.858995 0.00660235
395.13 0.849862 0.00657205
395.494 0.847926 0.00655553
395.857 0.853079 0.0065714
396.221 0.852566 0.00653748
396.584 0.857368 0.00651407
396.948 0.851806 0.00642451
397.311 0.852968 0.00633107
397.675 0.861836 0.0063258
398.038 0.860044 0.00629986
398.401 0.862636 0.00639502
398.765 0.859931 0.00648052
399.128 0.866173 0.00660011
399.491 0.86088 0.00662421
399.854 0.863689 0.00666106
400.218 0.860162 0.00663406
400.581 0.864891 0.0067219
400.944 0.859656 0.00669264
401.307 0.8695 0.00684401
401.67 0.8701 0.00682842
402.033 0.868345 0.00682695
402.396 0.863229 0.00681236
402.759 0.862743 0.00680779
403.122 0.861387 0.00679552
403.485 0.873394 0.00683198
403.847 0.865323 0.00675922
404.21 0.867001 0.00673367
404.573 0.874793 0.00673639
404.936 0.869748 0.00665637
405.298 0.874731 0.00676106
405.661 0.877958 0.00687373
406.023 0.879588 0.00695933
406.386 0.870059 0.00693782
406.749 0.881157 0.00704402
407.111 0.87951 0.0070723
407.473 0.874892 0.00695597
407.836 0.884999 0.00693772
408.198 0.890131 0.00694158
408.561 0.888076 0.00693527
408.923 0.876216 0.00686427
409.285 0.870665 0.00683316
409.647 0.885398 0.00699217
410.009 0.886524 0.00706098
410.372 0.880976 0.00703812
410.734 0.884308 0.0070869
411.096 0.886577 0.00709163
411.458 0.882256 0.00707712
411.82 0.88519 0.0070405
412.182 0.881344 0.00695468
412.544 0.885615 0.0069992
412.906 0.893642 0.00702993
413.267 0.888834 0.00699673
413.629 0.892684 0.00708411
413.991 0.889814 0.00711086
414.353 0.899419 0.00715884
414.714 0.900208 0.0072552
415.076 0.887722 0.00718164
415.438 0.896858 0.00721122
415.799 0.897222 0.0071712
416.161 0.896866 0.0072389
416.522 0.904088 0.00731332
416.884 0.894772 0.00727776
417.245 0.902356 0.00732163
417.607 0.892692 0.00727042
417.968 0.891321 0.00729208
418.329 0.894173 0.00725108
418.691 0.894126 0.00725782
419.052 0.903626 0.00728509
419.413 0.899857 0.007254
419.774 0.898006 0.00719829
420.135 0.893028 0.00704024
420.497 0.894875 0.00693433
420.858 0.898519 0.0068519
421.219 0.902948 0.0068508
421.58 0.89944 0.0068936
421.941 0.894971 0.00696057
422.302 0.904309 0.00714119
422.662 0.909032 0.00719766
423.023 0.897214 0.0071893
423.384 0.901776 0.00723614
423.745 0.88979 0.00716337
424.106 0.908106 0.00723733
424.466 0.89915 0.00714246
424.827 0.898993 0.00719953
425.187 0.905236 0.00736493
425.548 0.911704 0.0074827
425.909 0.897905 0.00744979
426.269 0.906764 0.00743667
426.63 0.892049 0.00734856
426.99 0.896729 0.00728099
427.35 0.903446 0.00733926
427.711 0.900182 0.00732116
428.071 0.900551 0.0072541
428.431 0.894981 0.00711558
428.792 0.900727 0.00691342
429.152 0.901855 0.00671312
429.512 0.913726 0.00671684
429.872 0.908044 0.0067112
430.232 0.909209 0.00678355
430.592 0.920556 0.00702571
430.952 0.916093 0.00721752
431.312 0.909453 0.00735039
431.672 0.914126 0.00751963
432.032 0.9127 0.00752097
432.392 0.906536 0.00744053
432.752 0.899812 0.0070788
433.111 0.908285 0.00690181
433.471 0.924069 0.00699852
433.831 0.927117 0.00729293
434.19 0.915724 0.00727445
434.55 0.911418 0.00724456
434.91 0.917313 0.00736576
435.269 0.908911 0.00726832
435.629 0.913487 0.00725169
435.988 0.915618 0.00723463
436.348 0.918625 0.00729042
436.707 0.92042 0.00743011
437.066 0.9049 0.00737594
437.426 0.914041 0.00737503
437.785 0.909621 0.0073102
438.144 0.91622 0.00732363
438.503 0.911731 0.00737491
438.862 0.916085 0.00741774
439.222 0.913571 0.00744342
439.581 0.913575 0.00751155
439.94 0.920159 0.00751163
440.299 0.914109 0.00722763
440.658 0.902193 0.0069359
441.017 0.912861 0.00694879
441.376 0.917098 0.00702476
441.734 0.913852 0.00710668
442.093 0.914091 0.0071281
442.452 0.909881 0.00706649
442.811 0.913231 0.00702343
443.169 0.917788 0.00706199
443.528 0.925365 0.00719599
443.887 0.913477 0.00717892
444.245 0.906133 0.00715183
444.604 0.921708 0.00730872
444.962 0.918066 0.00734374
445.321 0.916583 0.00732548
445.679 0.913237 0.00728132
446.038 0.926732 0.0073019
446.396 0.919712 0.00734548
446.754 0.914325 0.00743471
447.112 0.91978 0.00747809
447.471 0.917576 0.00753873
447.829 0.919834 0.00758027
448.187 0.912873 0.00752418
448.545 0.919218 0.00753918
448.903 0.923647 0.00757259
449.261 0.913909 0.00755359
449.619 0.92617 0.00766224
449.977 0.921566 0.00765993
450.335 0.927817 0.00776752
450.693 0.92065 0.00777353
451.051 0.928536 0.00783133
451.409 0.913133 0.00774075
451.766 0.935234 0.00789316
452.124 0.93186 0.00796711
452.482 0.921289 0.00798057
452.839 0.912714 0.00799499
453.197 0.920673 0.00812698
453.555 0.928307 0.00817406
453.912 0.931259 0.00823398
454.27 0.905034 0.0079395
454.627 0.926383 0.00796886
454.984 0.919948 0.00789975
455.342 0.933001 0.00807049
455.699 0.909266 0.00803574
456.056 0.922321 0.00810826
456.414 0.91367 0.00796495
456.771 0.931589 0.00795984
457.128 0.928854 0.0078949
457.485 0.913108 0.007745
457.842 0.912881 0.00779032
458.199 0.919858 0.00783516
458.556 0.92515 0.00778413
458.913 0.934132 0.00784584
459.27 0.928338 0.0077567
459.627 0.930775 0.0078402
459.984 0.916301 0.007748
460.341 0.932265 0.00783458
460.697 0.934991 0.00792733
461.054 0.932517 0.0081081
461.411 0.928172 0.00826557
461.767 0.924665 0.00835142
462.124 0.931299 0.00843201
462.481 0.92063 0.00825328
462.837 0.925457 0.00816249
463.194 0.920423 0.00795886
463.55 0.921659 0.00800671
463.907 0.92066 0.00781242
464.263 0.9225 0.0077098
464.619 0.925884 0.00760636
464.976 0.921936 0.00745164
465.332 0.934302 0.00747861
465.688 0.930669 0.00759932
466.044 0.931814 0.00791106
466.4 0.941933 0.00813617
466.756 0.932094 0.00816286
467.112 0.929947 0.00812624
467.468 0.942682 0.00821975
467.824 0.931732 0.00815922
468.18 0.93207 0.00829961
468.536 0.927622 0.0083212
468.892 0.929797 0.00841458
469.248 0.925894 0.00843557
469.604 0.926398 0.00851038
469.959 0.938246 0.00860238
470.315 0.923742 0.00849233
470.671 0.927283 0.00851906
471.026 0.926857 0.0084509
471.382 0.925056 0.00837547
471.737 0.929785 0.00831335
472.093 0.923362 0.00817316
472.448 0.92924 0.008079
472.804 0.918755 0.00789665
473.159 0.92889 0.00790622
473.514 0.928011 0.00791021
473.87 0.918041 0.00778978
474.225 0.922872 0.00759836
474.58 0.928727 0.00745479
474.935 0.935796 0.00749093
475.29 0.932754 0.00757585
475.645 0.934543 0.00763285
476 0.929101 0.00761196
476.355 0.934252 0.00770665
476.71 0.929967 0.00771026
477.065 0.928728 0.0075527
477.42 0.922903 0.00735862
477.775 0.93402 0.00741538
478.13 0.919782 0.00736473
478.485 0.92874 0.00739513
478.839 0.92366 0.00733118
479.194 0.928179 0.0071654
479.549 0.920199 0.00698327
479.903 0.9423 0.00707768
480.258 0.933006 0.00715055
480.612 0.923757 0.00699744
480.967 0.926017 0.00686703
481.321 0.936524 0.00686571
481.675 0.941267 0.00700659
482.03 0.940344 0.00714725
482.384 0.92815 0.00713337
482.738 0.926123 0.0070869
483.093 0.936515 0.00709902
483.447 0.921119 0.00686591
483.801 0.921637 0.0066928
484.155 0.935766 0.00664206
484.509 0.869309 0.00594761
484.863 0.85544 0.0039616
485.217 0.919771 0.00360126
485.571 0.942788 0.00360689
485.925 0.997112 0.00451891
486.279 0.965211 0.00529785
486.632 0.954317 0.00575327
486.986 0.955582 0.00624971
487.34 0.946735 0.00668136
487.694 0.936197 0.00688038
488.047 0.926526 0.00692571
488.401 0.93724 0.00695752
488.754 0.936794 0.00699937
489.108 0.933639 0.00708396
489.461 0.934949 0.00716149
489.815 0.940907 0.00726837
490.168 0.924331 0.00711901
490.522 0.940668 0.00715769
490.875 0.930062 0.00712654
491.228 0.933975 0.00717698
491.581 0.931514 0.0071231
491.935 0.939973 0.00717452
492.288 0.932464 0.00716882
492.641 0.926953 0.00710695
492.994 0.929738 0.00709741
493.347 0.934863 0.00707355
493.7 0.929742 0.00701706
494.053 0.935578 0.0070621
494.406 0.93826 0.00716567
494.759 0.935907 0.00732342
495.111 0.927799 0.00711872
495.464 0.919525 0.00678528
495.817 0.922522 0.00660113
496.169 0.944877 0.00686344
496.522 0.947 0.00713939
496.875 0.933904 0.00735682
497.227 0.926674 0.00738229
497.58 0.932675 0.00745303
497.932 0.934157 0.00739464
498.285 0.932279 0.00733534
498.637 0.925151 0.00713812
498.989 0.938217 0.00708471
499.342 0.940023 0.00709495
499.694 0.938484 0.00723174
500.046 0.935321 0.00734856
500.398 0.928375 0.0071468
500.751 0.927204 0.00701908
501.103 0.933143 0.00705954
501.455 0.933429 0.00704668
501.807 0.928694 0.00704093
502.159 0.938765 0.00707979
502.511 0.93183 0.00706501
502.862 0.93942 0.00710944
503.214 0.944094 0.00721814
503.566 0.939093 0.0073297
503.918 0.929941 0.00739005
504.27 0.930855 0.00737309
504.621 0.941337 0.00742017
504.973 0.94002 0.00748743
505.324 0.937757 0.00745275
505.676 0.934576 0.00730913
506.027 0.938152 0.00728932
506.379 0.942574 0.00753715
506.73 0.946665 0.00771892
507.082 0.930305 0.0075839
507.433 0.933445 0.00748535
507.784 0.943572 0.00747417
508.136 0.955995 0.00761959
508.487 0.935085 0.00756899
508.838 0.941847 0.00770262
509.189 0.931234 0.00766398
509.54 0.937548 0.0076022
509.891 0.95242 0.00774194
510.242 0.931879 0.00763267
510.593 0.940613 0.00771971
510.944 0.939932 0.00777304
511.295 0.939944 0.00788937
511.646 0.947365 0.00805763
511.996 0.932043 0.00795007
512.347 0.943641 0.0079397
512.698 0.941304 0.00791207
513.049 0.928745 0.00787437
513.399 0.945644 0.00805598
513.75 0.934909 0.00797336
514.1 0.940896 0.00807054
514.451 0.946809 0.00830357
514.801 0.941382 0.00834138
515.152 0.936991 0.00821556
515.502 0.925486 0.00801632
515.852 0.936191 0.00799099
516.202 0.944743 0.00802343
516.553 0.944643 0.0081127
516.903 0.931998 0.00817794
517.253 0.945093 0.00837261
517.603 0.938504 0.00839892
517.953 0.921795 0.00823181
518.303 0.931623 0.00814073
518.653 0.932687 0.00802248
519.003 0.942358 0.00813573
519.353 0.947391 0.00842127
519.703 0.951829 0.00869009
520.052 0.933622 0.00862008
520.402 0.937007 0.00861409
520.752 0.944477 0.00855379
521.102 0.928643 0.00851252
521.451 0.938492 0.00868887
521.801 0.932316 0.00863674
522.15 0.940443 0.00861813
522.5 0.938706 0.00850539
522.849 0.937774 0.00852383
523.199 0.931948 0.00838622
523.548 0.93725 0.00838905
523.897 0.937533 0.0083742
524.246 0.942848 0.0085687
524.596 0.942347 0.00870721
524.945 0.916503 0.00852757
525.294 0.937389 0.00861577
525.643 0.930923 0.00859479
525.992 0.930476 0.00857368
526.341 0.930902 0.0085087
526.69 0.946128 0.00866489
527.039 0.94787 0.00874974
527.388 0.934106 0.00873706
527.737 0.925338 0.00846535
528.086 0.931229 0.00822596
528.434 0.941655 0.00810022
528.783 0.947491 0.0082291
529.132 0.942514 0.00837776
529.48 0.939122 0.00850108
529.829 0.959215 0.00868314
530.177 0.946058 0.00867787
530.526 0.947644 0.00874295
530.874 0.932266 0.00858225
531.223 0.934043 0.00857203
531.571 0.925155 0.0085274
531.919 0.936469 0.00860236
532.268 0.931832 0.00835862
532.616 0.933844 0.00808796
532.964 0.942077 0.00796738
533.312 0.94947 0.0080193
533.66 0.94745 0.00800882
534.008 0.934996 0.00792865
534.356 0.93754 0.00792689
534.704 0.951139 0.0080638
535.052 0.936773 0.00807561
535.4 0.948341 0.00829668
535.748 0.948834 0.00852219
536.095 0.94129 0.00870496
536.443 0.937826 0.00872922
536.791 0.938166 0.00858979
537.139 0.93488 0.00836177
537.486 0.930544 0.00817277
537.834 0.941017 0.00813191
538.181 0.947504 0.00812797
538.529 0.943849 0.00811383
538.876 0.946333 0.00814046
539.223 0.948868 0.00823841
539.571 0.942154 0.00838339
539.918 0.929844 0.00832327
540.265 0.927903 0.00817194
540.613 0.944841 0.00812627
540.96 0.943158 0.00817447
541.307 0.934552 0.0081646
541.654 0.93717 0.00822714
542.001 0.941578 0.00818859
542.348 0.936408 0.00818129
542.695 0.931408 0.00816913
543.042 0.929802 0.00804449
543.388 0.937205 0.00799033
543.735 0.94012 0.00796738
544.082 0.930388 0.00792659
544.429 0.938394 0.00796865
544.775 0.943542 0.00815465
545.122 0.95215 0.00843014
545.469 0.950323 0.00859342
545.815 0.93548 0.00851577
546.162 0.933806 0.00844615
546.508 0.935902 0.00827861
546.854 0.935751 0.00805571
547.201 0.927796 0.00766472
547.547 0.945336 0.00765734
547.893 0.944616 0.00777228
548.24 0.95449 0.00815611
548.586 0.953638 0.00860197
548.932 0.950519 0.00871213
549.278 0.938211 0.00875241
549.624 0.937216 0.00863171
549.97 0.952791 0.00879802
550.316 0.957034 0.00901288
550.662 0.93722 0.00898196
551.008 0.922731 0.00861845
551.353 0.937823 0.00819994
551.699 0.92721 0.00784769
552.045 0.955718 0.00813515
552.391 0.945265 0.00830464
552.736 0.94245 0.00833851
553.082 0.94235 0.00837064
553.427 0.949744 0.00849711
553.773 0.944069 0.00876449
554.118 0.94887 0.00888047
554.464 0.936311 0.00858572
554.809 0.924349 0.00822676
555.154 0.932369 0.00806624
555.5 0.955222 0.00822028
555.845 0.96193 0.00848352
556.19 0.941238 0.00858508
556.535 0.938679 0.00881489
556.88 0.938622 0.00874546
557.225 0.956719 0.00876914
557.57 0.939097 0.00878803
557.915 0.951282 0.00911268
558.26 0.939497 0.00915306
558.605 0.931604 0.00914548
558.95 0.92588 0.00897022
559.295 0.923777 0.00852257
559.639 0.925396 0.00817299
559.984 0.934225 0.00792639
560.329 0.943146 0.00787399
560.673 0.956373 0.00794855
561.018 0.951008 0.00811894
561.362 0.9482 0.00829545
561.707 0.944621 0.00849783
562.051 0.937042 0.00839278
562.395 0.930897 0.00833319
562.74 0.940728 0.00818757
563.084 0.935771 0.00803845
563.428 0.941664 0.00788221
563.772 0.949608 0.00794856
564.117 0.945403 0.00787558
564.461 0.94348 0.00783034
564.805 0.93066 0.00786029
565.149 0.93784 0.00786052
565.493 0.934715 0.00782418
565.836 0.933537 0.00770808
566.18 0.939698 0.00764405
566.524 0.921257 0.00711112
566.868 0.933748 0.00691386
567.212 0.941353 0.00681072
567.555 0.930913 0.00669024
567.899 0.925588 0.00640743
568.242 0.928235 0.00614384
568.586 0.917721 0.00575259
568.929 0.923239 0.00539805
569.273 0.931714 0.00510498
569.616 0.941981 0.00506889
569.96 0.931295 0.00497525
570.303 0.937109 0.00484098
570.646 0.934883 0.00476154
570.989 0.93387 0.00462869
571.333 0.947481 0.00465907
571.676 0.953506 0.00480931
572.019 0.955676 0.00521745
572.362 0.925741 0.00498739
572.705 0.922051 0.00461906
573.048 0.927653 0.00437724
573.391 0.931588 0.00424468
573.733 0.930372 0.00414743
574.076 0.934286 0.00411022
574.419 0.946442 0.00419947
574.762 0.945795 0.0044198
575.104 0.955812 0.00473392
575.447 0.936497 0.00476056
575.789 0.929519 0.0044935
576.132 0.930127 0.00419624
576.474 0.933382 0.00417729
576.817 0.918946 0.00385945
577.159 0.923595 0.00365036
577.501 0.936893 0.0036306
577.844 0.951307 0.00385863
578.186 0.966155 0.00433501
578.528 0.941452 0.00454533
578.87 0.937398 0.00456059
579.212 0.9225 0.00443288
579.554 0.933797 0.00427726
579.896 0.935426 0.00431284
580.238 0.917659 0.00412228
580.58 0.906357 0.00359529
580.922 0.90351 0.00345292
581.264 0.903466 0.00345275
581.606 0.914958 0.00349667
581.947 0.949445 0.00376703
582.289 0.966097 0.00417711
582.631 0.963244 0.00463625
582.972 0.940072 0.00493075
583.314 0.936061 0.00494129
583.655 0.926387 0.00481335
583.997 0.911517 0.00440055
584.338 0.914602 0.00405952
584.679 0.918959 0.00388282
585.021 0.941464 0.00395913
585.362 0.955113 0.00426796
585.703 0.959465 0.00459701
586.044 0.930454 0.00465175
586.385 0.925261 0.00441287
586.726 0.925301 0.00419646
587.067 0.953803 0.00433997
587.408 0.949378 0.0045837
587.749 0.950552 0.0048027
588.09 0.954299 0.00502375
588.431 0.952616 0.00527715
588.772 0.945969 0.00553467
589.113 0.932802 0.00543921
589.453 0.944375 0.00544716
589.794 0.95051 0.00557835
590.134 0.949061 0.00585285
590.475 0.937349 0.00600467
590.815 0.925527 0.00595435
591.156 0.945707 0.00600755
591.496 0.916834 0.00585952
591.837 0.89641 0.00502561
592.177 0.922374 0.00460669
592.517 0.933305 0.00434556
592.857 0.951951 0.00455663
593.198 0.963173 0.00485257
593.538 0.960915 0.00531541
593.878 0.950303 0.00556692
594.218 0.92444 0.00538173
594.558 0.934966 0.00517719
594.898 0.938717 0.00525747
595.237 0.958409 0.0055911
595.577 0.949133 0.00594147
595.917 0.945526 0.00627369
596.257 0.929661 0.00608319
596.596 0.925834 0.00590427
596.936 0.939613 0.0057625
597.276 0.943665 0.00599126
597.615 0.931461 0.00595133
597.955 0.904682 0.00526807
598.294 0.93022 0.00490226
598.633 0.935904 0.00486302
598.973 0.949756 0.00508561
599.312 0.934804 0.00507202
599.651 0.940942 0.00507875
599.991 0.943875 0.0052208
600.33 0.947002 0.00528541
600.669 0.946649 0.00544294
601.008 0.946266 0.00560454
601.347 0.95215 0.00585846
601.686 0.931914 0.00568663
602.025 0.938286 0.00570506
602.364 0.920537 0.00542366
602.702 0.939083 0.0053753
603.041 0.935239 0.00533804
603.38 0.946768 0.00556885
603.719 0.96068 0.00589138
604.057 0.943657 0.00604782
604.396 0.93071 0.00601137
604.734 0.923617 0.00584567
605.073 0.922106 0.00533454
605.411 0.939901 0.00538842
605.75 0.945687 0.00551301
606.088 0.949052 0.00586915
606.426 0.936902 0.00576314
606.764 0.93798 0.00566943
607.103 0.941737 0.00575121
607.441 0.941549 0.00600616
607.779 0.939771 0.0061728
608.117 0.939909 0.00614302
608.455 0.951184 0.00635945
608.793 0.925499 0.00644465
609.131 0.918017 0.00607308
609.469 0.930519 0.00589063
609.806 0.936275 0.0058872
610.144 0.942941 0.0063402
610.482 0.939241 0.00651347
610.819 0.938573 0.00647306
611.157 0.93993 0.00650006
611.495 0.944205 0.00672551
611.832 0.938104 0.00678275
612.17 0.933073 0.00671611
612.507 0.933644 0.0066293
612.844 0.932253 0.00667699
613.182 0.937037 0.0067298
613.519 0.928102 0.00665954
613.856 0.934541 0.00663971
614.193 0.922953 0.00657586
614.53 0.929016 0.00644126
614.867 0.935592 0.00637557
615.205 0.952715 0.00676236
615.541 0.943536 0.00694051
615.878 0.933471 0.00723329
616.215 0.934994 0.00724779
616.552 0.937263 0.00729354
616.889 0.926441 0.00714376
617.226 0.932615 0.00703706
617.562 0.939934 0.00718967
617.899 0.943473 0.00763789
618.235 0.944694 0.0080699
618.572 0.936601 0.00838527
618.908 0.920634 0.00816059
619.245 0.92657 0.00782701
619.581 0.924149 0.00760926
619.918 0.955553 0.00816013
620.254 0.954751 0.00920344
620.59 0.93047 0.00949539
620.926 0.918121 0.00892669
621.262 0.931092 0.00849647
621.599 0.933042 0.00834937
621.935 0.930685 0.00837639
622.271 0.931534 0.00807403
622.606 0.924745 0.00780519
622.942 0.945981 0.00799069
623.278 0.941679 0.00828261
623.614 0.914155 0.00784869
623.95 0.933806 0.00780579
624.285 0.927427 0.00786913
624.621 0.950849 0.00838842
624.957 0.941213 0.00865498
625.292 0.929966 0.00879505
625.628 0.948628 0.00922685
625.963 0.931101 0.00925979
626.299 0.922383 0.00905251
626.634 0.923231 0.00889917
626.969 0.939704 0.00908226
627.304 0.955082 0.00975098
627.64 0.930192 0.0103894
627.975 0.93204 0.010448
628.31 0.909011 0.009835
628.645 0.93075 0.00955873
628.98 0.934542 0.00974053
629.315 0.925199 0.00981641
629.65 0.915776 0.00986173
629.985 0.927911 0.00993658
630.319 0.94647 0.0104378
630.654 0.91891 0.0104679
630.989 0.928766 0.0104569
631.323 0.936152 0.0107028
631.658 0.946384 0.0110737
631.993 0.945325 0.0115814
632.327 0.913566 0.011487
632.662 0.918006 0.0114911
632.996 0.930726 0.0114147
633.33 0.94422 0.0113912
633.665 0.948071 0.0116123
633.999 0.928453 0.0118077
634.333 0.930936 0.011978
634.667 0.929255 0.0119753
635.001 0.912705 0.0115331
635.335 0.914764 0.0111941
635.669 0.924247 0.0107965
636.003 0.936609 0.0108736
636.337 0.913489 0.0111614
636.671 0.935153 0.0118469
637.005 0.931858 0.0123223
637.339 0.917983 0.0122714
637.672 0.92215 0.0119811
638.006 0.931346 0.0117311
638.339 0.924034 0.011662
638.673 0.939564 0.0121682
639.006 0.932219 0.0124099
639.34 0.923447 0.01248
639.673 0.93497 0.0126808
640.007 0.92856 0.0126549
640.34 0.929624 0.012782
640.673 0.93793 0.0131161
641.006 0.940816 0.0132751
641.34 0.929239 0.0132961
641.673 0.935124 0.0136611
642.006 0.925584 0.0138452
642.339 0.914256 0.0136014
642.672 0.923934 0.0135514
643.004 0.924954 0.0136169
643.337 0.931874 0.0139604
643.67 0.905695 0.0138934
644.003 0.906506 0.0136632
644.336 0.921048 0.0138553
644.668 0.924028 0.0139171
645.001 0.945544 0.0142508
645.333 0.949299 0.0144915
645.666 0.948306 0.0148953
645.998 0.939286 0.0151952
646.331 0.922868 0.0150684
646.663 0.923969 0.0150559
646.995 0.897915 0.0141104
647.327 0.906053 0.0132516
647.66 0.916333 0.0123748
647.992 0.913672 0.0120344
648.324 0.918567 0.0119587
648.656 0.929127 0.0121792
648.988 0.932805 0.012596
649.32 0.923393 0.0132401
649.652 0.923956 0.0140351
649.983 0.912484 0.0143183
650.315 0.930458 0.014671
650.647 0.909788 0.0142655
650.979 0.913025 0.0136904
651.31 0.916636 0.0132105
651.642 0.899459 0.0126085
651.973 0.905854 0.0126097
652.305 0.920969 0.0127054
652.636 0.918739 0.0127501
652.967 0.941935 0.0132704
653.299 0.920838 0.0133532
653.63 0.898035 0.01325
653.961 0.912425 0.0127163
654.292 0.841355 0.0102066
654.623 0.661843 0.00375576
654.955 0.89671 0.00342693
655.286 0.896655 0.00342672
655.616 0.896599 0.00342651
655.947 0.896542 0.00342629
656.278 0.896485 0.00342608
656.609 0.896427 0.00342585
656.94 1.0059 0.00456391
657.27 0.981657 0.00534216
657.601 0.965497 0.00607112
657.932 0.967457 0.00722798
658.262 0.972624 0.00884724
658.593 0.964809 0.0107558
658.923 0.965887 0.0128653
659.254 0.944555 0.0141718
659.584 0.933197 0.0151322
659.914 0.9253 0.015765
660.244 0.920386 0.016259
660.575 0.91942 0.0163512
660.905 0.940539 0.0165403
661.235 0.908496 0.0160421
661.565 0.900024 0.0157785
661.895 0.936159 0.0160508
662.225 0.936351 0.0162832
662.555 0.921027 0.0162912
662.884 0.913835 0.0162154
663.214 0.90202 0.0158042
663.544 0.904921 0.0156171
663.873 0.945595 0.0159414
664.203 0.90162 0.0150963
664.533 0.926985 0.0151864
664.862 0.931774 0.0150045
665.192 0.917844 0.0151566
665.521 0.938139 0.0159977
665.85 0.914915 0.0164882
666.18 0.925669 0.0172002
666.509 0.914717 0.0170323
666.838 0.913595 0.0169486
667.167 0.922126 0.0167454
667.496 0.919893 0.0168147
667.825 0.889821 0.0164516
668.154 0.887076 0.0164769
668.483 0.913321 0.0167469
668.812 0.906648 0.0163247
669.141 0.92656 0.0163582
669.47 0.90657 0.0157914
669.798 0.913939 0.0159715
670.127 0.917608 0.0163815
670.456 0.892565 0.0155089
670.784 0.913478 0.0141375
671.113 0.907376 0.0128493
671.441 0.899073 0.011931
671.77 0.916734 0.0121094
672.098 0.929082 0.0126301
672.426 0.93628 0.0138836
672.755 0.909897 0.0146626
673.083 0.913334 0.0151474
673.411 0.913688 0.0152739
673.739 0.919464 0.015421
674.067 0.88134 0.0155759
674.395 0.934847 0.016443
674.723 0.880885 0.0155149
675.051 0.918283 0.0156666
675.379 0.914932 0.0156944
675.706 0.912335 0.0156524
676.034 0.893514 0.0158018
676.362 0.913898 0.0162643
676.689 0.885358 0.0151981
677.017 0.89716 0.014167
677.344 0.898694 0.0135688
677.672 0.917088 0.0137314
677.999 0.926004 0.0142167
678.327 0.913004 0.0138904
678.654 0.887224 0.012971
678.981 0.911028 0.0127767
679.308 0.903718 0.0126576
679.636 0.915745 0.0132131
679.963 0.913258 0.0138433
680.29 0.926404 0.0143608
680.617 0.914082 0.0140123
680.944 0.913696 0.0137372
681.271 0.923521 0.0138705
681.597 0.906639 0.0145436
681.924 0.904371 0.015527
682.251 0.886249 0.0157736
682.578 0.891614 0.0151159
682.904 0.900846 0.0142319
683.231 0.902324 0.0135944
683.557 0.8942 0.0131626
683.884 0.903822 0.0129388
684.21 0.883342 0.0123911
684.536 0.890392 0.0120105
684.863 0.929341 0.0121213
685.189 0.910693 0.0120357
685.515 0.908376 0.0125457
685.841 0.908668 0.0130643
686.167 0.911328 0.0132807
686.493 0.901144 0.0129055
686.819 0.897511 0.0129493
687.145 0.916988 0.0135431
687.471 0.930719 0.0146132
687.797 0.909515 0.0151776
688.123 0.886828 0.0148532
688.448 0.875901 0.0145332
688.774 0.901762 0.014168
689.1 0.911982 0.0143971
689.425 0.909651 0.0148894
689.751 0.915231 0.0152395
690.076 0.897025 0.0145686
690.402 0.902381 0.0136052
690.727 0.912598 0.0131958
691.052 0.924157 0.0134294
691.377 0.922816 0.0139125
691.703 0.913197 0.0141221
692.028 0.918776 0.0143912
692.353 0.906041 0.0138802
692.678 0.894827 0.0137865
693.003 0.908373 0.0140904
693.328 0.921951 0.0153956
693.652 0.928035 0.0163801
693.977 0.882918 0.0158315
694.302 0.877213 0.0150077
694.627 0.889012 0.0145547
694.951 0.913713 0.0152223
695.276 0.919474 0.016484
695.6 0.887067 0.016953
695.925 0.861967 0.0152036
696.249 0.894594 0.0135579
696.574 0.891926 0.0124793
696.898 0.914535 0.0129181
697.222 0.892789 0.0134689
697.546 0.905359 0.0141631
697.871 0.891355 0.0145015
698.195 0.91385 0.0148493
698.519 0.8939 0.0149693
698.843 0.900688 0.0153811
699.167 0.903044 0.0159799
699.491 0.901447 0.0165322
699.814 0.894307 0.0168641
700.138 0.898025 0.0168586
700.462 0.899426 0.0170207
700.786 0.889266 0.0169491
701.109 0.890716 0.0165854
701.433 0.867502 0.0156855
701.756 0.894449 0.0154213
702.08 0.905569 0.0154179
702.403 0.885733 0.0153826
702.726 0.890157 0.016052
703.05 0.882286 0.0165184
703.373 0.896617 0.016986
703.696 0.900387 0.016997
704.019 0.91954 0.0177058
704.342 0.899712 0.0180531
704.665 0.871892 0.0184322
704.988 0.895378 0.0188959
705.311 0.882249 0.0178948
705.634 0.8792 0.0163198
705.957 0.896511 0.0147324
706.28 0.869942 0.0133773
706.602 0.90058 0.0131791
706.925 0.883681 0.0131772
707.247 0.902111 0.0138174
707.57 0.906653 0.0145084
707.892 0.897414 0.0147874
708.215 0.911463 0.0155812
708.537 0.889296 0.0160222
708.859 0.914624 0.0165643
709.182 0.908494 0.0164179
709.504 0.873079 0.0155136
709.826 0.889608 0.0153366
710.148 0.902654 0.0155565
710.47 0.930425 0.0161922
710.792 0.910426 0.0165046
711.114 0.886423 0.0167763
711.436 0.889597 0.0173906
711.758 0.887147 0.0171506
712.079 0.891402 0.0169762
712.401 0.901379 0.0165202
712.723 0.877859 0.0155024
713.044 0.874969 0.0147439
713.366 0.8831 0.014417
713.687 0.886443 0.0143936
714.009 0.897041 0.0149854
714.33 0.894265 0.0152254
714.652 0.885784 0.0156078
714.973 0.909739 0.0163253
715.294 0.901082 0.0169852
715.615 0.913282 0.0181487
715.936 0.876911 0.018247
716.257 0.887332 0.0186732
716.578 0.894161 0.0188586
716.899 0.88324 0.0184898
717.22 0.859506 0.017019
717.541 0.866593 0.0166372
717.862 0.871236 0.0162989
718.182 0.873614 0.0165731
718.503 0.881482 0.0162065
718.824 0.896205 0.0165541
719.144 0.904435 0.016828
719.465 0.88461 0.0170997
719.785 0.873019 0.0168514
720.105 0.872221 0.016371
720.426 0.876131 0.0162612
720.746 0.897952 0.0166979
721.066 0.88049 0.0166117
721.386 0.881134 0.0168126
721.706 0.885592 0.0173124
722.026 0.869984 0.0173623
722.346 0.876879 0.0177496
722.666 0.881964 0.0176675
722.986 0.882027 0.0172974
723.306 0.897243 0.0175051
723.626 0.878676 0.0176467
723.946 0.870773 0.0175902
724.265 0.86628 0.0168218
724.585 0.898464 0.0162526
724.904 0.876836 0.015602
725.224 0.897157 0.0159209
725.543 0.886569 0.015804
725.863 0.876327 0.0157341
726.182 0.893368 0.0162866
726.501 0.882808 0.0168378
726.82 0.871663 0.0168703
727.14 0.853721 0.0160846
727.459 0.884581 0.0160101
727.778 0.862374 0.0155607
728.097 0.880668 0.0159407
728.416 0.869036 0.0156308
728.734 0.874625 0.0153114
729.053 0.879554 0.015107
729.372 0.887852 0.0151679
729.691 0.8557 0.0145919
730.009 0.865373 0.0138778
730.328 0.875254 0.013517
730.647 0.892692 0.0135975
730.965 0.885224 0.0138702
731.283 0.910437 0.0146219
731.602 0.89153 0.0148449
731.92 0.890617 0.0147245
732.238 0.88704 0.0143043
732.557 0.865545 0.0137676
732.875 0.88784 0.0138854
733.193 0.873799 0.0130361
733.511 0.89053 0.0126584
733.829 0.879295 0.01269
734.147 0.887705 0.0135419
734.465 0.884665 0.0143146
734.782 0.881706 0.014283
735.1 0.887675 0.0141488
735.418 0.88095 0.0139535
735.735 0.873049 0.0138002
736.053 0.889313 0.0140128
736.371 0.873721 0.0138399
736.688 0.864194 0.0141546
737.005 0.881265 0.0151486
737.323 0.876675 0.0158599
737.64 0.880134 0.0161175
737.957 0.894088 0.0157035
738.274 0.857813 0.0140103
738.592 0.874345 0.0135196
738.909 0.889481 0.0137974
739.226 0.890643 0.014964
739.543 0.86777 0.0159455
739.86 0.868838 0.016721
740.176 0.890188 0.0176342
740.493 0.909315 0.0186333
740.81 0.889104 0.0187013
741.127 0.83749 0.0177401
741.443 0.887635 0.0176854
741.76 0.875434 0.0167323
742.076 0.870311 0.0165928
742.393 0.857591 0.0170476
742.709 0.876795 0.0182533
743.025 0.893859 0.0191838
743.342 0.870591 0.0187276
743.658 0.879982 0.0185413
743.974 0.864797 0.0180035
744.29 0.852142 0.0175414
744.606 0.876215 0.0181243
744.922 0.872526 0.0182435
745.238 0.877288 0.0183142
745.554 0.876582 0.0186121
745.87 0.859531 0.0185998
746.186 0.855744 0.0181132
746.501 0.871052 0.0176137
746.817 0.880694 0.0175702
747.132 0.890006 0.018718
747.448 0.865132 0.0194259
747.763 0.854857 0.0194169
748.079 0.849772 0.0186798
748.394 0.85709 0.0174302
748.71 0.847399 0.0161803
749.025 0.848657 0.015081
749.34 0.854445 0.0148088
749.655 0.868839 0.0150286
749.97 0.885511 0.0157741
750.285 0.874797 0.0159017
750.6 0.871246 0.0157026
750.915 0.859424 0.0150126
751.23 0.88488 0.0153741
751.545 0.864364 0.01564
751.859 0.87169 0.0164763
752.174 0.877713 0.0171384
752.489 0.846668 0.0159673
752.803 0.856996 0.0151742
753.118 0.876968 0.0150251
753.432 0.877026 0.0153444
753.747 0.898528 0.0162261
754.061 0.865405 0.0156294
754.375 0.863372 0.0149256
754.689 0.849059 0.0143719
755.004 0.866644 0.0142667
755.318 0.862801 0.0140561
755.632 0.852587 0.013408
755.946 0.866031 0.0131609
756.26 0.865509 0.012704
756.573 0.847619 0.0118625
756.887 0.867794 0.0116493
757.201 0.866392 0.0116749
757.515 0.866986 0.0126281
757.828 0.876704 0.0136976
758.142 0.842484 0.0135896
758.455 0.846903 0.0127987
758.769 0.861702 0.0121914
759.082 0.874451 0.0120539
759.396 0.874824 0.0117822
759.709 0.869818 0.0116397
760.022 0.864629 0.0115412
760.335 0.870453 0.0120943
760.648 0.869685 0.0128634
760.962 0.869175 0.0138377
761.275 0.850304 0.0145241
761.587 0.8704 0.0150507
761.9 0.876514 0.0152112
762.213 0.843344 0.0144687
762.526 0.867997 0.0141408
762.839 0.863691 0.0140433
763.151 0.844441 0.0135421
763.464 0.843425 0.0128439
763.776 0.851288 0.012066
764.089 0.860506 0.0116203
764.401 0.862054 0.0119426
764.714 0.876645 0.0126652
765.026 0.860735 0.0133689
765.338 0.861372 0.0142082
765.65 0.881205 0.0155549
765.962 0.857294 0.0161598
766.275 0.864251 0.0169112
766.587 0.856552 0.0170586
766.898 0.838474 0.0164241
767.21 0.86232 0.0159462
767.522 0.843575 0.01453
767.834 0.858325 0.0139411
768.146 0.85224 0.0139314
768.457 0.861334 0.0145479
768.769 0.83353 0.0150997
769.08 0.850114 0.0156341
769.392 0.830781 0.014992
769.703 0.847154 0.0143486
770.015 0.846071 0.0137539
770.326 0.857911 0.0137495
770.637 0.878369 0.0143419
770.948 0.876751 0.0153063
771.26 0.862177 0.0162424
771.571 0.860709 0.0165074
771.882 0.876625 0.0166335
772.193 0.859857 0.0160876
772.504 0.840114 0.0161386
772.814 0.862974 0.0170088
773.125 0.851334 0.0171512
773.436 0.840333 0.0174296
773.747 0.85385 0.0181567
774.057 0.840401 0.0185036
774.368 0.855401 0.0187357
774.678 0.866271 0.0193086
774.989 0.847971 0.0196451
775.299 0.876063 0.0205116
775.609 0.855896 0.0202857
775.919 0.836377 0.0198355
776.23 0.843393 0.0196867
776.54 0.852378 0.0201019
776.85 0.834609 0.0197226
777.16 0.85032 0.0197794
777.47 0.843858 0.0188377
777.78 0.853691 0.0178539
778.089 0.82804 0.0166094
778.399 0.867486 0.0169548
778.709 0.863331 0.017258
779.019 0.860282 0.0182138
779.328 0.850113 0.0192705
779.638 0.846969 0.0193184
779.947 0.831956 0.0179426
780.257 0.825592 0.0161038
780.566 0.86118 0.0156741
780.875 0.8444 0.0155652
781.185 0.871479 0.0166184
781.494 0.862934 0.0171632
781.803 0.838398 0.0170267
782.112 0.851809 0.0176257
782.421 0.846161 0.0174428
782.73 0.837881 0.0170045
783.039 0.855328 0.0172124
783.348 0.85097 0.0180189
783.656 0.844446 0.0195168
783.965 0.806325 0.0193393
784.274 0.843886 0.0193604
784.582 0.858754 0.0188975
784.891 0.846444 0.0184077
785.199 0.816407 0.0181972
785.508 0.87437 0.0195731
785.816 0.837084 0.0194833
786.124 0.857231 0.0196955
786.432 0.838497 0.0182685
786.741 0.847441 0.0176869
787.049 0.862913 0.0176314
787.357 0.835473 0.0173102
787.665 0.824676 0.017115
787.973 0.865316 0.017703
788.281 0.866679 0.018279
788.588 0.853945 0.0188808
788.896 0.828663 0.0197238
789.204 0.83723 0.0204482
789.511 0.851545 0.0209802
789.819 0.803538 0.0204755
790.126 0.821803 0.0208653
790.434 0.837644 0.0212216
790.741 0.845404 0.0214917
791.049 0.813032 0.0208045
791.356 0.84572 0.021785
791.663 0.877579 0.0233228
791.97 0.854877 0.022555
792.277 0.871745 0.0235195
792.584 0.836278 0.021415
792.891 0.788406 0.018276
793.198 0.827284 0.0172288
793.505 0.869243 0.0171914
793.812 0.83092 0.0169954
794.119 0.832609 0.0175173
794.425 0.856628 0.018105
794.732 0.847542 0.0187954
795.038 0.865947 0.0210482
795.345 0.842755 0.0223356
795.651 0.825333 0.0233352
795.958 0.794267 0.0231867
796.264 0.805875 0.0224795
796.57 0.808794 0.0212565
796.876 0.845804 0.0211791
797.183 0.84934 0.0217375
797.489 0.829155 0.0223159
797.795 0.828834 0.0225185
798.101 0.859603 0.0232013
798.406 0.82992 0.0225855
798.712 0.834053 0.022913
799.018 0.838118 0.0237822
799.324 0.875425 0.0245053
799.629 0.801793 0.0236803
799.935 0.835847 0.0242215
800.24 0.839039 0.0244411
800.546 0.782694 0.023405
800.851 0.860575 0.0255927
801.157 0.804631 0.0250856
801.462 0.791516 0.0252574
801.767 0.764863 0.0251008
802.072 0.775766 0.0243327
802.377 0.831873 0.0243488
802.682 0.816859 0.0235273
802.987 0.81757 0.0236472
803.292 0.835332 0.0252537
803.597 0.834039 0.025647
803.902 0.841423 0.0258534
804.207 0.799797 0.02449
804.511 0.803066 0.0241175
804.816 0.770471 0.0229074
805.12 0.803531 0.0217457
805.425 0.833756 0.0207938
805.729 0.85293 0.0209048
806.034 0.821436 0.0211477
806.338 0.803965 0.0217129
806.642 0.839495 0.0231066
806.946 0.822182 0.0228102
807.251 0.84345 0.0231126
807.555 0.82345 0.0227522
807.859 0.851758 0.0229569
808.162 0.824704 0.0226947
808.466 0.838545 0.0237782
808.77 0.794035 0.0236492
809.074 0.795454 0.0242232
809.378 0.827765 0.0252268
809.681 0.814821 0.0255083
809.985 0.843312 0.0258088
810.288 0.824761 0.025155
810.592 0.862065 0.0265939
810.895 0.823759 0.0261441
811.198 0.815622 0.0264945
811.502 0.887392 0.0294365
811.805 0.796874 0.0274408
812.108 0.82181 0.0285296
812.411 0.832419 0.0273262
812.714 0.780471 0.0239742
813.017 0.815837 0.0231971
813.32 0.851772 0.0236515
813.623 0.796169 0.0231207
813.926 0.866866 0.0264184
814.228 0.856711 0.0273378
814.531 0.815354 0.0274592
814.833 0.804256 0.0275661
815.136 0.750957 0.0266951
815.438 0.847997 0.0289885
815.741 0.804623 0.0278856
816.043 0.870291 0.0285781
816.345 0.841029 0.0270398
816.648 0.811862 0.0267737
816.95 0.829483 0.0274391
817.252 0.826987 0.0280491
817.554 0.812253 0.0278679
817.856 0.822539 0.0286723
818.158 0.778453 0.0286072
818.46 0.872952 0.0309986
818.761 0.81139 0.0293183
819.063 0.832435 0.029655
819.365 0.844202 0.0294679
819.666 0.834046 0.027607
819.968 0.841956 0.0268361
820.269 0.814152 0.0253063
820.571 0.808362 0.0259066
820.872 0.821283 0.0270264
821.173 0.816914 0.0280932
821.475 0.823678 0.0287911
821.776 0.781848 0.0283241
822.077 0.81565 0.0290779
822.378 0.74775 0.0273436
822.679 0.850112 0.0299328
822.98 0.786904 0.0293008
823.281 0.855895 0.0311455
823.581 0.824364 0.0303642
823.882 0.822937 0.0309598
824.183 0.79793 0.0297113
824.483 0.840687 0.0298742
824.784 0.767543 0.0269408
825.084 0.841421 0.0285016
825.385 0.80509 0.0274404
825.685 0.804339 0.0284508
825.985 0.851072 0.0300933
826.286 0.850606 0.0299396
826.586 0.783539 0.0277544
826.886 0.78166 0.0275708
827.186 0.813714 0.0277616
827.486 0.828506 0.0291008
827.786 0.806428 0.0297263
828.086 0.843228 0.0307653
828.386 0.766364 0.0283148
828.685 0.823788 0.029347
828.985 0.81365 0.0301669
829.285 0.803818 0.0300842
829.584 0.797542 0.0301008
829.884 0.780542 0.0307103
830.183 0.778006 0.0308825
830.482 0.87634 0.0340496
830.782 0.772078 0.0322566
831.081 0.875226 0.036333
831.38 0.863963 0.0353345
831.679 0.768496 0.0310213
831.978 0.797622 0.0315908
832.277 0.769309 0.0304422
832.576 0.834206 0.0320448
832.875 0.830256 0.0322178
833.174 0.780134 0.0305475
833.472 0.825155 0.0325227
833.771 0.859324 0.032459
834.07 0.791575 0.0304967
834.368 0.81566 0.0311382
834.667 0.766136 0.0307983
834.965 0.814857 0.0323887
835.263 0.823771 0.032831
835.562 0.809922 0.0322501
835.86 0.727277 0.0306127
836.158 0.8849 0.0348011
836.456 0.850702 0.0357899
836.754 0.786932 0.0325565
837.052 0.872254 0.0352096
837.35 0.78446 0.0328877
837.648 0.901404 0.0369359
837.946 0.782741 0.0332324
838.243 0.853603 0.0356271
838.541 0.833762 0.0349897
838.839 0.705694 0.0308907
839.136 0.87806 0.0351373
839.434 0.85425 0.0345949
839.731 0.776459 0.0319687
840.028 0.902317 0.0367641
840.326 0.810239 0.0333754
840.623 0.833819 0.0347672
840.92 0.832758 0.0349476
841.217 0.898139 0.0378426
841.514 0.824386 0.0352902
841.811 0.744511 0.0329866
842.108 0.801995 0.034421
842.405 0.837619 0.035544
842.701 0.726337 0.0320389
842.998 0.810018 0.0351157
843.295 0.788581 0.0340596
843.591 0.857716 0.0363413
843.888 0.742181 0.0337397
844.184 0.8248 0.0360653
844.481 0.799628 0.0346283
844.777 0.904445 0.0384978
845.073 0.84118 0.0365641
845.369 0.786435 0.034538
845.665 0.919225 0.0383094
845.962 0.843669 0.0364195
846.258 0.769953 0.0354415
846.553 0.891324 0.0387855
846.849 0.767995 0.0348116
847.145 0.789529 0.0347117
847.441 0.834727 0.036206
847.737 0.903867 0.0387729
848.032 0.789836 0.0347635
848.328 0.823758 0.0355412
848.623 0.981673 0.0425118
848.919 0.809695 0.0365525
849.214 0.800232 0.0356547
849.509 0.845421 0.0375202
849.805 0.834853 0.0363868
850.1 0.798424 0.0362329
850.395 0.850001 0.0383721
850.69 0.799788 0.0370157
850.985 0.757756 0.0343073
851.28 0.780996 0.0355252
851.575 0.797551 0.0352389
851.869 0.822955 0.0359458
852.164 0.762223 0.0340764
852.459 0.75877 0.0326341
852.753 0.79711 0.0327248
853.048 0.758774 0.0312406
853.342 0.775329 0.0303593
853.637 0.792485 0.0313593
853.931 0.77793 0.0310601
854.225 0.834362 0.0324463
854.52 0.780553 0.0314501
854.814 0.840999 0.0335176
855.108 0.881548 0.0358507
855.402 0.89133 0.0351928
855.696 0.885923 0.0358776
855.99 0.832234 0.0345483
856.283 0.810169 0.0339319
856.577 0.835676 0.0342752
856.871 0.793339 0.0331119
857.164 0.771657 0.0335782
857.458 0.80776 0.035206
857.751 0.759818 0.033278
858.045 0.858898 0.0371161
858.338 0.828298 0.0349176
858.632 0.806293 0.0360056
858.925 0.870281 0.0372934
859.218 0.805454 0.0360498
859.511 0.779062 0.0351089
859.804 0.805686 0.036584
860.097 0.762835 0.0343776
860.39 0.857091 0.0374773
860.683 0.816877 0.0361125
860.976 0.810653 0.0370928
861.268 0.803576 0.0365523
861.561 0.801123 0.0364407
861.854 0.878438 0.0383068
862.146 0.849646 0.0380931
862.439 0.867496 0.0376274
862.731 0.763689 0.0354962
863.023 0.834029 0.0362532
863.316 0.785796 0.0357646
863.608 0.730872 0.0327117
863.9 0.834038 0.0382538
864.192 0.810247 0.0363266
864.484 0.923159 0.0395387
864.776 0.805032 0.0355101
865.068 0.895893 0.0391953
865.36 0.816967 0.0369023
865.651 0.798883 0.0365542
865.943 0.895882 0.0396494
866.235 0.786924 0.0364649
866.526 0.848351 0.0386345
866.818 0.832275 0.0379469
867.109 0.857697 0.0388094
867.4 0.811409 0.0365248
867.692 0.819408 0.0368848
867.983 0.838646 0.037199
868.274 0.829397 0.0366459
868.565 0.814413 0.0367233
868.856 0.858078 0.0383836
869.147 0.844438 0.0376031
869.438 0.854877 0.0397837
869.729 0.912546 0.0409362
870.02 0.844677 0.0389281
870.31 0.864254 0.0392891
870.601 0.771249 0.0357601
870.892 0.834289 0.0381061
871.182 0.818006 0.0382563
871.473 0.876142 0.0383937
871.763 0.843146 0.0386022
872.053 0.89891 0.0393484
872.343 0.831048 0.0373016
872.634 0.826828 0.0388869
872.924 0.898616 0.0416151
873.214 0.811241 0.037753
873.504 0.83956 0.0387859
873.794 0.789318 0.0370993
874.084 0.733021 0.0353984
874.373 0.895255 0.0404151
874.663 0.817275 0.0372409
874.953 0.868518 0.0400507
875.242 0.804852 0.0379969
875.532 0.8132 0.0370772
875.821 0.855758 0.0394623
876.111 0.810587 0.0372894
876.4 0.778891 0.0358313
876.689 0.806624 0.0365836
876.978 0.895001 0.0394787
877.268 0.846899 0.0383208
877.557 0.792122 0.0370227
877.846 0.893566 0.0395468
878.134 0.91528 0.0410588
878.423 0.915448 0.0410664
878.712 0.915617 0.0410739
