178.41 0.531919 0.113586
178.791 0.535287 0.114306
179.172 0.538631 0.11502
179.553 0.835004 0.835004
179.934 0.23894 0.23894
180.316 0.582198 0.582198
180.697 0.823252 0.823252
181.078 0.650546 0.650546
181.459 0.451131 0.451131
181.84 0.480247 0.480247
182.221 2.88917 2.88917
182.602 -0.679158 -0.679158
182.983 0.226599 0.060713
183.364 0.97627 0.323987
183.744 0.703683 0.089643
184.125 0.553795 0.0672069
184.506 0.680972 0.0660112
184.887 0.94016 0.0894742
185.268 0.879593 0.0761246
185.648 0.518196 0.0423444
186.029 0.64621 0.0455416
186.41 0.592134 0.041067
186.791 0.599843 0.0384633
187.171 0.596741 0.0353275
187.552 0.485508 0.0269129
187.932 0.451558 0.0237203
188.313 0.486143 0.0249009
188.694 0.440114 0.0221743
189.074 0.481778 0.023264
189.455 0.461092 0.0221553
189.835 0.463921 0.0220895
190.216 0.446798 0.0210121
190.596 0.468803 0.0211929
190.977 0.468075 0.0206571
191.357 0.45447 0.0206349
191.737 0.466283 0.0206352
192.118 0.484029 0.0213554
192.498 0.448931 0.0198123
192.878 0.458312 0.0194869
193.258 0.450233 0.0195381
193.639 0.48287 0.0202579
194.019 0.456933 0.0193739
194.399 0.464336 0.0194562
194.779 0.446668 0.0190309
195.159 0.457145 0.0187088
195.54 0.436083 0.0180932
195.92 0.409883 0.0172866
196.3 0.431485 0.0177899
196.68 0.447343 0.0184527
197.06 0.431813 0.0178034
197.44 0.429474 0.0174853
197.82 0.405724 0.016883
198.2 0.407922 0.0168144
198.58 0.394209 0.0159897
198.959 0.383024 0.0157277
199.339 0.382234 0.0155511
199.719 0.419919 0.0167689
200.099 0.354815 0.0148083
200.479 0.369472 0.0150248
200.858 0.355999 0.0145831
201.238 0.368511 0.0150174
201.618 0.359204 0.0145732
201.998 0.344386 0.0140641
202.377 0.339644 0.0138378
202.757 0.336035 0.0135295
203.136 0.341074 0.0137736
203.516 0.321504 0.0131827
203.896 0.311987 0.0125844
204.275 0.323286 0.0129509
204.655 0.321234 0.0126605
205.034 0.296303 0.0120976
205.414 0.303774 0.0119175
205.793 0.313017 0.0120085
206.172 0.28955 0.0113842
206.552 0.287907 0.0114023
206.931 0.295643 0.0113585
207.31 0.288831 0.0110853
207.69 0.274102 0.0105465
208.069 0.282755 0.0107871
208.448 0.267088 0.0102852
208.827 0.261595 0.0100969
209.207 0.258239 0.00981955
209.586 0.254763 0.00961487
209.965 0.259459 0.00972769
210.344 0.247363 0.00929449
210.723 0.244357 0.00908768
211.102 0.241766 0.00889445
211.481 0.244463 0.00890718
211.86 0.233141 0.00863017
212.239 0.232326 0.0084365
212.618 0.229003 0.00828965
212.997 0.23704 0.00842599
213.376 0.230987 0.00810027
213.755 0.219044 0.00777103
214.134 0.231236 0.0079478
214.513 0.232085 0.00789838
214.891 0.219894 0.00750683
215.27 0.221022 0.007472
215.649 0.21933 0.00728443
216.028 0.218628 0.00721966
216.406 0.220856 0.00714324
216.785 0.212279 0.00695251
217.164 0.207008 0.00672821
217.542 0.211822 0.00669311
217.921 0.206201 0.00652469
218.3 0.207143 0.00654161
218.678 0.211255 0.0064668
219.057 0.206168 0.00632191
219.435 0.206001 0.00621645
219.814 0.199113 0.00602868
220.192 0.203351 0.00599607
220.57 0.19346 0.00576319
220.949 0.19457 0.00574067
221.327 0.196745 0.00564357
221.705 0.194526 0.00555685
222.084 0.188783 0.00538231
222.462 0.203938 0.00556141
222.84 0.195475 0.00536144
223.218 0.194917 0.00527921
223.597 0.193149 0.00515249
223.975 0.186739 0.00497851
224.353 0.187873 0.00491759
224.731 0.18416 0.00478837
225.109 0.189262 0.00482088
225.487 0.191591 0.00478983
225.865 0.188394 0.00467455
226.243 0.19188 0.00465349
226.621 0.187698 0.00453093
226.999 0.18179 0.00438618
227.377 0.185423 0.0043745
227.755 0.18165 0.00425298
228.133 0.181293 0.00419651
228.511 0.186323 0.00424085
228.889 0.181365 0.004105
229.266 0.18665 0.0041355
229.644 0.18311 0.00401084
230.022 0.181442 0.0039494
230.4 0.179808 0.00388963
230.777 0.184039 0.00389639
231.155 0.183828 0.00384893
231.533 0.179484 0.00373717
231.91 0.176445 0.00365769
232.288 0.183587 0.00371147
232.665 0.180534 0.00363642
233.043 0.181316 0.00360249
233.42 0.181556 0.00358582
233.798 0.180103 0.00352319
234.175 0.182361 0.00351133
234.553 0.185137 0.00351947
234.93 0.182734 0.00345105
235.307 0.182973 0.00343125
235.685 0.183212 0.00338715
236.062 0.182433 0.00335673
236.439 0.178575 0.00329634
236.816 0.182311 0.00328917
237.194 0.181178 0.0032475
237.571 0.183976 0.00325373
237.948 0.182929 0.00322694
238.325 0.18396 0.00321048
238.702 0.181779 0.00316334
239.079 0.183569 0.00315138
239.456 0.182308 0.00311723
239.833 0.182485 0.00309384
240.21 0.184668 0.00309505
240.587 0.184705 0.00307109
240.964 0.185412 0.00305799
241.341 0.184581 0.00303086
241.718 0.186511 0.00301982
242.095 0.184285 0.00298942
242.472 0.183873 0.00295925
242.849 0.185833 0.00297081
243.225 0.183463 0.00291351
243.602 0.186652 0.00293915
243.979 0.186659 0.00293327
244.356 0.185545 0.00289521
244.732 0.185296 0.00286577
245.109 0.185591 0.00286238
245.486 0.186417 0.00284519
245.862 0.189315 0.00286415
246.239 0.186065 0.00282134
246.615 0.184737 0.00279325
246.992 0.188575 0.00280666
247.368 0.188154 0.00279101
247.745 0.18817 0.00277689
248.121 0.186762 0.00273867
248.497 0.188135 0.00275626
248.874 0.188178 0.00274206
249.25 0.188216 0.00271458
249.626 0.189619 0.00271511
250.003 0.187526 0.00268787
250.379 0.18979 0.00268694
250.755 0.189959 0.00267692
251.131 0.189079 0.00265585
251.507 0.190852 0.00267442
251.884 0.189039 0.00263363
252.26 0.189868 0.00263882
252.636 0.189302 0.00261414
253.012 0.190764 0.0026147
253.388 0.192255 0.00261341
253.764 0.191271 0.00259851
254.14 0.191651 0.00259589
254.516 0.191786 0.00258881
254.892 0.192551 0.00259153
255.268 0.190849 0.00256875
255.643 0.191225 0.00256405
256.019 0.189373 0.00253612
256.395 0.191633 0.00255326
256.771 0.191607 0.00253888
257.147 0.192307 0.00253781
257.522 0.192346 0.00254067
257.898 0.191086 0.00251955
258.274 0.192379 0.00252629
258.649 0.192406 0.00252019
259.025 0.192605 0.00250958
259.4 0.192613 0.00250416
259.776 0.192241 0.002501
260.151 0.194916 0.00252114
260.527 0.195301 0.00251942
260.902 0.194092 0.00249778
261.278 0.193657 0.00249027
261.653 0.194248 0.00249536
262.028 0.194098 0.00249464
262.404 0.194871 0.00249736
262.779 0.195267 0.00249025
263.154 0.195585 0.0024856
263.53 0.195058 0.00247268
263.905 0.194448 0.00247564
264.28 0.195732 0.00248614
264.655 0.195122 0.00247565
265.03 0.196016 0.00249097
265.405 0.194365 0.00247146
265.781 0.196409 0.00247575
266.156 0.196253 0.00248541
266.531 0.19559 0.00246646
266.906 0.19723 0.00247894
267.281 0.196406 0.00246257
267.655 0.196135 0.00247929
268.03 0.194355 0.00245928
268.405 0.19572 0.00247247
268.78 0.19747 0.00248652
269.155 0.195425 0.0024616
269.53 0.194865 0.00245934
269.904 0.196497 0.00246875
270.279 0.197241 0.00248255
270.654 0.195105 0.00245695
271.029 0.196027 0.00246969
271.403 0.196624 0.00247323
271.778 0.197013 0.00247306
272.152 0.196525 0.00247359
272.527 0.19676 0.00247277
272.901 0.198271 0.00247765
273.276 0.19861 0.00247517
273.65 0.196344 0.00245488
274.025 0.199171 0.00248848
274.399 0.198046 0.00248319
274.774 0.196972 0.00246635
275.148 0.196765 0.0024605
275.522 0.196393 0.00245166
275.897 0.196903 0.00246528
276.271 0.195689 0.00245896
276.645 0.197386 0.00246222
277.019 0.198799 0.00247271
277.393 0.195673 0.00244624
277.768 0.197823 0.00246921
278.142 0.195524 0.00244494
278.516 0.198677 0.00248353
278.89 0.196352 0.00245731
279.264 0.195847 0.00246192
279.638 0.196276 0.00245327
280.012 0.196314 0.00245057
280.386 0.197149 0.00247102
280.76 0.194784 0.00244697
281.133 0.195639 0.00245485
281.507 0.193315 0.0024366
281.881 0.194334 0.00244029
282.255 0.193157 0.00243835
282.629 0.19242 0.00243897
283.002 0.19304 0.00244187
283.376 0.194206 0.00244783
283.75 0.193535 0.0024502
284.123 0.192879 0.00244184
284.497 0.191978 0.00243986
284.87 0.190865 0.00243416
285.244 0.191675 0.00243135
285.618 0.191425 0.00243491
285.991 0.190553 0.00244018
286.364 0.192759 0.00245826
286.738 0.19044 0.00243857
287.111 0.188402 0.00241599
287.485 0.188743 0.00243076
287.858 0.18926 0.0024394
288.231 0.189573 0.00244619
288.605 0.188713 0.00244509
288.978 0.188624 0.00243522
289.351 0.187114 0.00243643
289.724 0.187777 0.00245015
290.097 0.18715 0.00244202
290.47 0.187279 0.00245014
290.843 0.184041 0.00242671
291.217 0.18623 0.00244908
291.59 0.184885 0.00245509
291.963 0.185928 0.00245625
292.336 0.183029 0.00244353
292.708 0.181989 0.00243497
293.081 0.181127 0.00243379
293.454 0.184201 0.00245797
293.827 0.182732 0.002456
294.2 0.181295 0.00245796
294.573 0.179977 0.0024417
294.945 0.181568 0.00246826
295.318 0.177105 0.00242602
295.691 0.180437 0.00246201
296.064 0.178543 0.00245149
296.436 0.176435 0.00243993
296.809 0.176702 0.00244281
297.181 0.175844 0.00244423
297.554 0.177879 0.00246501
297.926 0.175597 0.00244897
298.299 0.173959 0.00243911
298.671 0.174123 0.00243062
299.044 0.173876 0.00244186
299.416 0.17264 0.00242887
299.788 0.174084 0.00244233
300.161 0.172836 0.00243635
300.533 0.172871 0.002438
300.905 0.171603 0.00241729
301.278 0.172977 0.00243077
301.65 0.169849 0.00240766
302.022 0.170939 0.00242586
302.394 0.171038 0.00243107
302.766 0.172088 0.00243313
303.138 0.168626 0.00241797
303.51 0.167816 0.00239562
303.882 0.168192 0.00240942
304.254 0.167016 0.00239422
304.626 0.166328 0.0023868
304.998 0.164375 0.00237073
305.37 0.162057 0.00236785
305.742 0.162678 0.00236395
306.114 0.161738 0.00235967
306.485 0.160368 0.00234493
306.857 0.16043 0.00234376
307.229 0.158791 0.00233669
307.601 0.159303 0.00234573
307.972 0.158959 0.00234073
308.344 0.159975 0.00234947
308.716 0.161162 0.00237117
309.087 0.160888 0.00235783
309.459 0.161463 0.0023679
309.83 0.165889 0.00239853
310.202 0.16802 0.00240782
310.573 0.169679 0.0024197
310.945 0.175093 0.00246855
311.316 0.178134 0.00249345
311.687 0.182821 0.00251524
312.059 0.189572 0.00256685
312.43 0.195518 0.00260997
312.801 0.200182 0.00263371
313.172 0.205976 0.00268271
313.544 0.210842 0.0027137
313.915 0.217326 0.00275186
314.286 0.220927 0.00277544
314.657 0.228781 0.00281909
315.028 0.230616 0.00283677
315.399 0.234281 0.00286069
315.77 0.237723 0.0028811
316.141 0.237012 0.00287849
316.512 0.240274 0.00289973
316.883 0.240207 0.00291368
317.254 0.241172 0.00291699
317.625 0.238783 0.00290814
317.996 0.237879 0.002896
318.366 0.235339 0.00288585
318.737 0.234984 0.00288098
319.108 0.236017 0.00289137
319.478 0.239292 0.00292135
319.849 0.242092 0.00292925
320.22 0.250539 0.00298868
320.59 0.258354 0.0030335
320.961 0.267855 0.00309693
321.331 0.282479 0.00317297
321.702 0.295076 0.00327084
322.072 0.306115 0.00332694
322.443 0.322829 0.00342076
322.813 0.334619 0.00347452
323.184 0.346501 0.00355214
323.554 0.357138 0.00360645
323.924 0.366006 0.0036431
324.295 0.379332 0.00372854
324.665 0.386353 0.00376719
325.035 0.392788 0.00378878
325.405 0.400625 0.00383897
325.775 0.412428 0.00391925
326.145 0.41578 0.00393249
326.515 0.426427 0.00400759
326.886 0.427433 0.00401247
327.256 0.429059 0.00402082
327.626 0.433389 0.00407247
327.995 0.43748 0.00410655
328.365 0.439322 0.00412007
328.735 0.440295 0.00414182
329.105 0.44248 0.00418588
329.475 0.44127 0.00421818
329.845 0.435008 0.0042023
330.215 0.438428 0.00420924
330.584 0.438266 0.00416174
330.954 0.447107 0.00414995
331.324 0.446485 0.00405204
331.693 0.445231 0.00398308
332.063 0.444859 0.00395741
332.432 0.444786 0.00393146
332.802 0.435289 0.00388862
333.171 0.434905 0.00392318
333.541 0.426124 0.00395149
333.91 0.421209 0.00395842
334.28 0.418894 0.00397733
334.649 0.410379 0.00394662
335.018 0.406018 0.0039354
335.388 0.399108 0.00391108
335.757 0.388234 0.00385479
336.126 0.382718 0.00384205
336.495 0.374301 0.00380167
336.865 0.365351 0.00376166
337.234 0.35704 0.00374344
337.603 0.345673 0.00367299
337.972 0.340647 0.00365759
338.341 0.329409 0.00358642
338.71 0.327258 0.00358352
339.079 0.319207 0.00354375
339.448 0.314346 0.00350355
339.817 0.310789 0.00349068
340.186 0.31178 0.00350284
340.554 0.308299 0.00349323
340.923 0.309566 0.0034939
341.292 0.312037 0.00352675
341.661 0.313044 0.00352277
342.029 0.311783 0.00351182
342.398 0.315883 0.00355045
342.767 0.313157 0.00354804
343.135 0.313652 0.00352938
343.504 0.314556 0.00355884
343.872 0.31191 0.0035238
344.241 0.306666 0.00349549
344.609 0.30554 0.00350024
344.978 0.302921 0.00348929
345.346 0.301723 0.00347255
345.715 0.297907 0.00346392
346.083 0.295734 0.00345026
346.451 0.29911 0.00348153
346.82 0.293583 0.00344615
347.188 0.296809 0.00346145
347.556 0.293397 0.00345275
347.924 0.289331 0.00341153
348.292 0.292717 0.0034765
348.66 0.290852 0.00345633
349.028 0.287685 0.00342758
349.396 0.286927 0.0034291
349.764 0.289784 0.00344376
350.132 0.291021 0.00346998
350.5 0.292642 0.00346639
350.868 0.296271 0.00351176
351.236 0.297248 0.00350974
351.604 0.298652 0.00352974
351.972 0.297869 0.00353025
352.34 0.298792 0.00353502
352.707 0.304334 0.00356894
353.075 0.306734 0.00357484
353.443 0.309296 0.00360195
353.81 0.312462 0.00363496
354.178 0.316758 0.00366055
354.545 0.322601 0.0036803
354.913 0.324968 0.00370617
355.28 0.329777 0.00372689
355.648 0.333696 0.00375715
356.015 0.340634 0.0038088
356.383 0.344366 0.00382301
356.75 0.348675 0.00386017
357.117 0.354078 0.00388852
357.485 0.36165 0.00394386
357.852 0.361245 0.0039381
358.219 0.371855 0.00399995
358.586 0.372824 0.00400147
358.954 0.37659 0.00402813
359.321 0.384679 0.00407406
359.688 0.392221 0.00412724
360.055 0.395562 0.00413722
360.422 0.397368 0.0041419
360.789 0.406404 0.00420837
361.156 0.410053 0.00422616
361.523 0.414466 0.00426537
361.89 0.421435 0.00430145
362.256 0.419398 0.00426355
362.623 0.430676 0.0043557
362.99 0.437048 0.0044054
363.357 0.442652 0.00442811
363.724 0.446695 0.00444198
364.09 0.452136 0.00447605
364.457 0.455508 0.00451294
364.823 0.458042 0.00449499
365.19 0.46278 0.00451475
365.557 0.47088 0.00457286
365.923 0.471489 0.00457641
366.29 0.475276 0.00460049
366.656 0.482601 0.00464161
367.022 0.481338 0.0046116
367.389 0.486434 0.00466636
367.755 0.487973 0.00466468
368.121 0.497563 0.00473681
368.488 0.496137 0.00472357
368.854 0.497097 0.00472999
369.22 0.508196 0.00481813
369.586 0.508901 0.00483299
369.952 0.510135 0.00484643
370.318 0.51565 0.00488779
370.684 0.528973 0.00496549
371.051 0.52877 0.00495551
371.416 0.534637 0.00500883
371.782 0.53894 0.00501283
372.148 0.543745 0.00504533
372.514 0.546505 0.00507931
372.88 0.548495 0.00508244
373.246 0.561656 0.00515884
373.612 0.56184 0.00514901
373.977 0.561827 0.00513027
374.343 0.571776 0.00517184
374.709 0.574494 0.00516731
375.074 0.574695 0.0051875
375.44 0.579549 0.00522183
375.806 0.584899 0.00527198
376.171 0.588828 0.00528504
376.537 0.589207 0.00526855
376.902 0.599859 0.00533946
377.268 0.602011 0.00532791
377.633 0.600683 0.00531062
377.998 0.603707 0.00528607
378.364 0.611051 0.0052991
378.729 0.611666 0.00529221
379.094 0.610931 0.00530727
379.459 0.612733 0.00537983
379.825 0.616015 0.0053942
380.19 0.621178 0.00541947
380.555 0.622358 0.00547309
380.92 0.628488 0.00554226
381.285 0.637608 0.00560704
381.65 0.634415 0.00556036
382.015 0.634981 0.00554069
382.38 0.643684 0.00560428
382.745 0.643736 0.00564963
383.11 0.639134 0.00561925
383.474 0.645719 0.00565029
383.839 0.644735 0.00564493
384.204 0.656137 0.00572108
384.569 0.650644 0.00569399
384.933 0.657673 0.00573612
385.298 0.660746 0.00578907
385.663 0.6706 0.00584435
386.027 0.666334 0.00578829
386.392 0.669829 0.00578445
386.756 0.670281 0.00574922
387.121 0.678179 0.0057892
387.485 0.672335 0.00571737
387.849 0.672433 0.00568134
388.214 0.684656 0.00581332
388.578 0.677737 0.00578354
388.942 0.686213 0.00588805
389.307 0.682288 0.00584323
389.671 0.691914 0.00591818
390.035 0.686215 0.00586165
390.399 0.696508 0.00590741
390.763 0.696317 0.00587622
391.127 0.700483 0.00584929
391.492 0.708269 0.00581976
391.856 0.707149 0.00576461
392.219 0.704475 0.00567727
392.583 0.707851 0.00573058
392.947 0.709006 0.00582121
393.311 0.70853 0.00589391
393.675 0.713396 0.00594029
394.039 0.71404 0.0059584
394.403 0.720942 0.00600958
394.766 0.725569 0.00606796
395.13 0.727653 0.0060812
395.494 0.728877 0.00607793
395.857 0.739337 0.00611765
396.221 0.741034 0.00609488
396.584 0.746477 0.00607823
396.948 0.744068 0.00600449
397.311 0.748544 0.00593089
397.675 0.751838 0.00590833
398.038 0.749354 0.00588049
398.401 0.750276 0.00596401
398.765 0.75134 0.00605754
399.128 0.761466 0.00618834
399.491 0.764102 0.00624077
399.854 0.762222 0.00625756
400.218 0.76452 0.00625436
400.581 0.772893 0.00635435
400.944 0.768014 0.00632586
401.307 0.779927 0.00648191
401.67 0.781615 0.0064719
402.033 0.783755 0.00648591
402.396 0.784229 0.00649316
402.759 0.785695 0.00649669
403.122 0.790003 0.00650785
403.485 0.795328 0.00651951
403.847 0.801574 0.00650548
404.21 0.807859 0.00649994
404.573 0.808696 0.0064769
404.936 0.795532 0.00636604
405.298 0.800117 0.00646628
405.661 0.809642 0.00660088
406.023 0.809868 0.00667782
406.386 0.807852 0.00668521
406.749 0.818003 0.0067869
407.111 0.826724 0.00685679
407.473 0.824272 0.00675174
407.836 0.829698 0.00671746
408.198 0.832615 0.00671356
408.561 0.828071 0.00669688
408.923 0.821928 0.00664822
409.285 0.824236 0.00664847
409.647 0.83521 0.00679111
410.009 0.839547 0.00687136
410.372 0.840211 0.00687335
410.734 0.844856 0.00692701
411.096 0.84762 0.00693407
411.458 0.856541 0.00697322
411.82 0.855839 0.00692279
412.182 0.849099 0.00682627
412.544 0.856668 0.00688386
412.906 0.859359 0.00689377
413.267 0.857726 0.0068732
413.629 0.858878 0.00694867
413.991 0.86554 0.0070132
414.353 0.869252 0.00703777
414.714 0.8733 0.00714594
415.076 0.863825 0.00708432
415.438 0.873314 0.00711594
415.799 0.868959 0.00705735
416.161 0.868169 0.00712215
416.522 0.874922 0.00719439
416.884 0.875646 0.00719956
417.245 0.88182 0.00723784
417.607 0.873557 0.00719208
417.968 0.885352 0.00726762
418.329 0.874404 0.00717048
418.691 0.887313 0.00723012
419.052 0.883951 0.00720535
419.413 0.89022 0.00721506
419.774 0.891099 0.00717055
420.135 0.89471 0.00704687
420.497 0.89074 0.00691829
420.858 0.89838 0.00685137
421.219 0.894034 0.0068169
421.58 0.889718 0.00685624
421.941 0.885559 0.00692388
422.302 0.892307 0.00709364
422.662 0.893587 0.00713625
423.023 0.895772 0.00718352
423.384 0.896253 0.00721394
423.745 0.897603 0.00719475
424.106 0.899802 0.00720416
424.466 0.900688 0.00714856
424.827 0.887205 0.00715218
425.187 0.905537 0.00736615
425.548 0.904089 0.00745138
425.909 0.899095 0.00745473
426.269 0.900888 0.00741253
426.63 0.905622 0.00740426
426.99 0.905201 0.0073153
427.35 0.902426 0.00733511
427.711 0.909279 0.00735806
428.071 0.902123 0.00726042
428.431 0.909708 0.00717389
428.792 0.918521 0.00698137
429.152 0.920186 0.006781
429.512 0.917185 0.00672954
429.872 0.91086 0.0067216
430.232 0.904577 0.00676625
430.592 0.907523 0.0069758
430.952 0.905771 0.00717674
431.312 0.906561 0.00733869
431.672 0.911356 0.00750823
432.032 0.91573 0.00753345
432.392 0.929659 0.00753482
432.752 0.931615 0.00720281
433.111 0.921156 0.00695054
433.471 0.917549 0.00697379
433.831 0.917801 0.0072562
434.19 0.91762 0.00728198
434.55 0.916694 0.0072655
434.91 0.921166 0.00738121
435.269 0.925349 0.00733375
435.629 0.922732 0.00728829
435.988 0.928789 0.00728648
436.348 0.914449 0.00727383
436.707 0.917486 0.00741825
437.066 0.920906 0.00744089
437.426 0.923539 0.00741324
437.785 0.92251 0.00736181
438.144 0.925744 0.00736159
438.503 0.924725 0.00742728
438.862 0.923092 0.00744605
439.222 0.924799 0.00748902
439.581 0.920993 0.00754199
439.94 0.941839 0.00759961
440.299 0.941481 0.00733505
440.658 0.923608 0.00701773
441.017 0.924759 0.00699393
441.376 0.925537 0.007057
441.734 0.926786 0.00715679
442.093 0.923648 0.00716527
442.452 0.926838 0.00713203
442.811 0.926647 0.00707483
443.169 0.931043 0.0071128
443.528 0.925853 0.00719789
443.887 0.929782 0.00724271
444.245 0.931334 0.0072506
444.604 0.932566 0.00735165
444.962 0.933032 0.00740336
445.321 0.929987 0.00737885
445.679 0.928354 0.00734134
446.038 0.934752 0.00733343
446.396 0.925032 0.0073667
446.754 0.930701 0.007501
447.112 0.924986 0.00749922
447.471 0.934774 0.00760905
447.829 0.931306 0.0076274
448.187 0.927968 0.00758613
448.545 0.934383 0.00760112
448.903 0.934161 0.00761557
449.261 0.930323 0.00762112
449.619 0.934168 0.00769526
449.977 0.932571 0.00770553
450.335 0.931018 0.00778091
450.693 0.938424 0.00784821
451.051 0.940797 0.00788287
451.409 0.930321 0.00781326
451.766 0.938884 0.00790855
452.124 0.936808 0.00798823
452.482 0.929904 0.0080178
452.839 0.924898 0.00804818
453.197 0.939273 0.00820866
453.555 0.939899 0.00822494
453.912 0.946391 0.0083006
454.27 0.938651 0.00808561
454.627 0.948093 0.00806169
454.984 0.929174 0.00793926
455.342 0.935857 0.00808284
455.699 0.935541 0.00815101
456.056 0.943474 0.00820071
456.414 0.937854 0.00806968
456.771 0.944048 0.00801289
457.128 0.945951 0.00796723
457.485 0.9335 0.007831
457.842 0.937121 0.00789307
458.199 0.937466 0.0079098
458.556 0.940346 0.00784779
458.913 0.945208 0.00789221
459.27 0.947968 0.00783828
459.627 0.938895 0.00787432
459.984 0.93627 0.00783197
460.341 0.950184 0.00790951
460.697 0.942338 0.00795841
461.054 0.943605 0.00815616
461.411 0.936379 0.00830202
461.767 0.937385 0.00840867
462.124 0.948717 0.00851049
462.481 0.943592 0.00835557
462.837 0.942945 0.00823925
463.194 0.953407 0.00810022
463.55 0.941172 0.00809102
463.907 0.949085 0.00793211
464.263 0.943703 0.0077979
464.619 0.952391 0.00771447
464.976 0.945734 0.00754721
465.332 0.94367 0.00751601
465.688 0.9339 0.0076125
466.044 0.934992 0.00792454
466.4 0.950072 0.00817125
466.756 0.947991 0.00823217
467.112 0.945983 0.00819601
467.468 0.952251 0.00826136
467.824 0.936938 0.00818199
468.18 0.943134 0.00834873
468.536 0.942698 0.00838854
468.892 0.94059 0.00846328
469.248 0.936176 0.00848228
469.604 0.944546 0.00859334
469.959 0.948589 0.00864966
470.315 0.941236 0.00857237
470.671 0.945965 0.00860445
471.026 0.9449 0.00853276
471.382 0.945603 0.00846798
471.737 0.948753 0.00839772
472.093 0.942743 0.00825849
472.448 0.950723 0.00817185
472.804 0.940993 0.00799164
473.159 0.944037 0.00797042
473.514 0.95414 0.0080208
473.87 0.951825 0.00793181
474.225 0.946909 0.00769668
474.58 0.947068 0.00752803
474.935 0.946639 0.0075342
475.29 0.946514 0.00763153
475.645 0.946941 0.00768331
476 0.940189 0.00765724
476.355 0.949601 0.0077697
476.71 0.948149 0.00778526
477.065 0.96055 0.00768101
477.42 0.950098 0.00746625
477.775 0.952277 0.0074875
478.13 0.942914 0.00745676
478.485 0.943925 0.00745534
478.839 0.960479 0.00747587
479.194 0.965292 0.00730724
479.549 0.944992 0.00707673
479.903 0.953996 0.00712146
480.258 0.954252 0.00723151
480.612 0.94515 0.00707801
480.967 0.956489 0.0069791
481.321 0.954274 0.00693046
481.675 0.944976 0.00702038
482.03 0.94824 0.0071772
482.384 0.948502 0.00721115
482.738 0.953 0.00718899
483.093 0.956017 0.00717255
483.447 0.947453 0.00696336
483.801 0.953719 0.00680829
484.155 0.957901 0.00672016
484.509 0.994185 0.00636047
484.863 0.984758 0.0042505
485.217 0.957688 0.00367474
485.571 0.940596 0.00360269
485.925 0.915797 0.00433073
486.279 0.933133 0.00520908
486.632 0.931602 0.00568439
486.986 0.93795 0.00619179
487.34 0.942632 0.00666687
487.694 0.950855 0.00693403
488.047 0.949264 0.00701018
488.401 0.949637 0.00700338
488.754 0.948062 0.00704134
489.108 0.943628 0.00712175
489.461 0.952108 0.00722691
489.815 0.961245 0.0073465
490.168 0.953443 0.00723025
490.522 0.954937 0.00721177
490.875 0.953553 0.00721598
491.228 0.956124 0.00726159
491.581 0.946531 0.00718028
491.935 0.956881 0.00723875
492.288 0.950512 0.00723787
492.641 0.957757 0.00722407
492.994 0.947416 0.00716457
493.347 0.958048 0.00716073
493.7 0.949476 0.00709114
494.053 0.950206 0.0071171
494.406 0.953575 0.00722392
494.759 0.953795 0.00739308
495.111 0.96154 0.007247
495.464 0.960561 0.00693503
495.817 0.947776 0.00669087
496.169 0.956913 0.00690701
496.522 0.949689 0.00714951
496.875 0.946995 0.0074082
497.227 0.946538 0.00746099
497.58 0.954112 0.00753819
497.932 0.960804 0.00749937
498.285 0.955823 0.00742739
498.637 0.956875 0.00725948
498.989 0.961493 0.00717206
499.342 0.953805 0.00714678
499.694 0.950675 0.00727855
500.046 0.960627 0.00744731
500.398 0.95851 0.00726187
500.751 0.94857 0.00709949
501.103 0.956476 0.00714726
501.455 0.956667 0.00713385
501.807 0.9597 0.0071575
502.159 0.955603 0.007143
502.511 0.958185 0.00716422
502.862 0.958783 0.00718233
503.214 0.956635 0.00726593
503.566 0.957854 0.00740255
503.918 0.956861 0.00749625
504.27 0.956271 0.00747307
504.621 0.958057 0.00748579
504.973 0.960267 0.00756763
505.324 0.960518 0.00754265
505.676 0.961248 0.00741269
506.027 0.956689 0.00736098
506.379 0.948085 0.00755915
506.73 0.958428 0.00776673
507.082 0.956584 0.00769026
507.433 0.954284 0.00756844
507.784 0.965479 0.00756043
508.136 0.96227 0.00764455
508.487 0.958156 0.0076618
508.838 0.948139 0.00772831
509.189 0.962214 0.00779042
509.54 0.954976 0.00767253
509.891 0.956447 0.00775829
510.242 0.954098 0.00772313
510.593 0.956169 0.00778328
510.944 0.955968 0.00783907
511.295 0.9557 0.00795522
511.646 0.965254 0.00813335
511.996 0.961864 0.00807626
512.347 0.964424 0.00802666
512.698 0.962339 0.00799999
513.049 0.954485 0.00798274
513.399 0.963872 0.00813325
513.75 0.961484 0.00808589
514.1 0.950535 0.00811177
514.451 0.961144 0.00836619
514.801 0.970907 0.00847117
515.152 0.969681 0.00835765
515.502 0.960196 0.00816527
515.852 0.961573 0.00809859
516.202 0.964638 0.00810747
516.553 0.962539 0.00818919
516.903 0.952424 0.00826707
517.253 0.964538 0.0084583
517.603 0.965679 0.00851965
517.953 0.956581 0.0083857
518.303 0.971995 0.00831526
518.653 0.95775 0.00812956
519.003 0.968215 0.00824659
519.353 0.960891 0.00848106
519.703 0.971751 0.00878056
520.052 0.960288 0.00874231
520.402 0.960686 0.00872226
520.752 0.967809 0.0086588
521.102 0.950295 0.00861119
521.451 0.967303 0.00882123
521.801 0.96172 0.00877189
522.15 0.965623 0.00873274
522.5 0.959997 0.00860131
522.849 0.968398 0.00866189
523.199 0.960655 0.0085144
523.548 0.972738 0.0085464
523.897 0.951802 0.00843769
524.246 0.963018 0.00865987
524.596 0.965629 0.00881411
524.945 0.953455 0.00869778
525.294 0.956192 0.00870175
525.643 0.966019 0.0087553
525.992 0.959051 0.00870433
526.341 0.95361 0.00861186
526.69 0.966102 0.00875588
527.039 0.966978 0.00883749
527.388 0.964076 0.00887611
527.737 0.966843 0.00865312
528.086 0.974091 0.00841314
528.434 0.970832 0.00822476
528.783 0.961757 0.00829082
529.132 0.960342 0.00845662
529.48 0.968361 0.0086324
529.829 0.976079 0.00875914
530.177 0.971097 0.00879196
530.526 0.969068 0.00884122
530.874 0.966478 0.00873831
531.223 0.954307 0.00866452
531.571 0.952891 0.00865428
531.919 0.967689 0.00874458
532.268 0.970441 0.00853003
532.616 0.971086 0.00824766
532.964 0.968064 0.00807653
533.312 0.978308 0.00814018
533.66 0.96543 0.00808445
534.008 0.963553 0.00804882
534.356 0.962402 0.0080313
534.704 0.975619 0.00816691
535.052 0.96116 0.00818005
535.4 0.962204 0.0083571
535.748 0.960076 0.00857252
536.095 0.968938 0.00883188
536.443 0.967583 0.00886662
536.791 0.968432 0.00872725
537.139 0.966446 0.00850176
537.486 0.976808 0.00837347
537.834 0.966627 0.00824182
538.181 0.968793 0.00821877
538.529 0.969739 0.00822436
538.876 0.975655 0.00826561
539.223 0.965384 0.0083098
539.571 0.963295 0.00847692
539.918 0.967731 0.00849114
540.265 0.962421 0.00832255
540.613 0.967586 0.0082235
540.96 0.969554 0.00828807
541.307 0.96462 0.00829491
541.654 0.976971 0.00840003
542.001 0.962771 0.00828023
542.348 0.965393 0.00830695
542.695 0.966634 0.00832218
543.042 0.961891 0.00818212
543.388 0.970054 0.00812915
543.735 0.961296 0.00805661
544.082 0.965326 0.00807405
544.429 0.965603 0.00808335
544.775 0.971183 0.00827323
545.122 0.968341 0.00850151
545.469 0.975092 0.00870469
545.815 0.967553 0.00866052
546.162 0.971823 0.00861637
546.508 0.962006 0.00839327
546.854 0.979923 0.00824365
547.201 0.970375 0.00783862
547.547 0.970558 0.00775882
547.893 0.966514 0.00786185
548.24 0.964747 0.00819981
548.586 0.966702 0.00866069
548.932 0.957037 0.00874195
549.278 0.973693 0.00891638
549.624 0.969157 0.00877756
549.97 0.974125 0.00889597
550.316 0.970549 0.0090763
550.662 0.964049 0.00910961
551.008 0.975095 0.00885962
551.353 0.985838 0.00840723
551.699 0.968934 0.00802232
552.045 0.973779 0.00821166
552.391 0.968195 0.00840476
552.736 0.968843 0.00845446
553.082 0.970326 0.00849398
553.427 0.963524 0.00855853
553.773 0.9628 0.00885101
554.118 0.973931 0.00899698
554.464 0.969411 0.00873617
554.809 0.96622 0.00841102
555.154 0.96606 0.00821068
555.5 0.978034 0.00831786
555.845 0.973098 0.00853262
556.19 0.960542 0.00867268
556.535 0.970562 0.00896334
556.88 0.973389 0.00890595
557.225 0.969509 0.00882756
557.57 0.964435 0.0089058
557.915 0.970601 0.00920474
558.26 0.968262 0.00929213
558.605 0.982516 0.00939205
558.95 0.977893 0.00921874
559.295 0.968877 0.00872813
559.639 0.968534 0.00836132
559.984 0.979619 0.00811668
560.329 0.975061 0.0080061
560.673 0.979183 0.00804279
561.018 0.972072 0.00820836
561.362 0.971306 0.00839591
561.707 0.964548 0.008587
562.051 0.962334 0.00850529
562.395 0.971959 0.008515
562.74 0.981151 0.00836163
563.084 0.971859 0.00819198
563.428 0.968971 0.00799568
563.772 0.972284 0.00804291
564.117 0.965887 0.00796045
564.461 0.965058 0.00791938
564.805 0.970069 0.00802499
565.149 0.972992 0.00800648
565.493 0.970535 0.00797269
565.836 0.970872 0.0078607
566.18 0.974803 0.00778552
566.524 0.978662 0.00732932
566.868 0.972159 0.00705463
567.212 0.97877 0.00694475
567.555 0.97131 0.00683386
567.899 0.98045 0.00659459
568.242 0.977003 0.00630317
568.586 0.982405 0.00595187
568.929 0.982045 0.00556731
569.273 0.981693 0.00524011
569.616 0.968727 0.00514035
569.96 0.977894 0.0050982
570.303 0.97537 0.00493881
570.646 0.976412 0.00486615
570.989 0.978139 0.00473713
571.333 0.971652 0.00471813
571.676 0.965805 0.00484023
572.019 0.970448 0.00525762
572.362 0.981846 0.0051363
572.705 0.977432 0.00475575
573.048 0.980285 0.0044997
573.391 0.975295 0.00434311
573.733 0.96739 0.00422913
574.076 0.966829 0.00418119
574.419 0.958221 0.00422552
574.762 0.96384 0.00446176
575.104 0.965181 0.00475706
575.447 0.977561 0.00486381
575.789 0.985369 0.00462653
576.132 0.970489 0.00428632
576.474 0.975816 0.00427119
576.817 0.973731 0.00397283
577.159 0.969242 0.00373947
577.501 0.957318 0.00366996
577.844 0.952796 0.00386165
578.186 0.955054 0.00431003
578.528 0.972588 0.00461988
578.87 0.970958 0.00464151
579.212 0.979258 0.00456721
579.554 0.969701 0.00435871
579.896 0.975315 0.00440383
580.238 0.989785 0.00428121
580.58 0.973908 0.00372686
580.922 0.906471 0.00345857
581.264 0.906426 0.00345841
581.606 0.917956 0.0035024
581.947 0.952653 0.00377339
582.289 0.960265 0.00416448
582.631 0.962146 0.00463361
582.972 0.961644 0.004987
583.314 0.972131 0.00503559
583.655 0.980754 0.00495257
583.997 0.987041 0.00457922
584.338 0.972269 0.00418554
584.679 0.966438 0.00398186
585.021 0.959029 0.00399589
585.362 0.961782 0.00428283
585.703 0.965342 0.00461106
586.044 0.977198 0.00476716
586.385 0.976188 0.00453268
586.726 0.978726 0.00431591
587.067 0.968045 0.00437225
587.408 0.974128 0.00464306
587.749 0.97226 0.00485722
588.09 0.970933 0.00506734
588.431 0.967513 0.00531825
588.772 0.969543 0.00560321
589.113 0.971253 0.00555018
589.453 0.978328 0.00554422
589.794 0.965773 0.00562296
590.134 0.970862 0.00591969
590.475 0.968659 0.00610413
590.815 0.972727 0.00610429
591.156 0.977466 0.00610759
591.496 0.985341 0.00607449
591.837 0.98846 0.00527734
592.177 0.98987 0.00477227
592.517 0.97446 0.00444034
592.857 0.973212 0.00460723
593.198 0.969644 0.00486884
593.538 0.961945 0.00531826
593.878 0.976529 0.00564321
594.218 0.975135 0.00552733
594.558 0.980582 0.00530198
594.898 0.968308 0.0053397
595.237 0.964289 0.00560822
595.577 0.963512 0.00598631
595.917 0.963569 0.00633327
596.257 0.981752 0.00625129
596.596 0.973099 0.0060531
596.936 0.96866 0.00585089
597.276 0.969477 0.00607264
597.615 0.982271 0.00611149
597.955 0.997033 0.00553042
598.294 0.980469 0.00503293
598.633 0.975999 0.0049661
598.973 0.981802 0.00517069
599.312 0.978442 0.00518905
599.651 0.975116 0.00517016
599.991 0.981975 0.00532512
600.33 0.973714 0.00535943
600.669 0.975003 0.00552385
601.008 0.975089 0.00568926
601.347 0.978429 0.00593876
601.686 0.980242 0.00583222
602.025 0.976707 0.00582069
602.364 0.984337 0.00560846
602.702 0.982613 0.00549848
603.041 0.975167 0.0054508
603.38 0.970102 0.00563706
603.719 0.973891 0.00593175
604.057 0.973134 0.00614155
604.396 0.974728 0.00615188
604.734 0.98278 0.00602999
605.073 0.97758 0.00549267
605.411 0.978451 0.00549781
605.75 0.962509 0.00556182
606.088 0.974788 0.0059482
606.426 0.975815 0.00588161
606.764 0.978392 0.00579027
607.103 0.961749 0.00581199
607.441 0.969351 0.00609419
607.779 0.973401 0.00628228
608.117 0.977121 0.00626344
608.455 0.969585 0.00642067
608.793 0.979099 0.00662864
609.131 0.985688 0.00629294
609.469 0.978605 0.00604091
609.806 0.968885 0.00598884
610.144 0.960911 0.00640033
610.482 0.976813 0.00664247
610.819 0.979043 0.00661114
611.157 0.967802 0.00659573
611.495 0.976066 0.00683804
611.832 0.980082 0.00693285
612.17 0.978947 0.00687922
612.507 0.974651 0.00677332
612.844 0.970463 0.00681245
613.182 0.977491 0.00687354
613.519 0.978598 0.00683831
613.856 0.975349 0.00678312
614.193 0.977569 0.00676763
614.53 0.975146 0.00659924
614.867 0.96638 0.00647962
615.205 0.979193 0.00685569
615.541 0.969052 0.00703373
615.878 0.962027 0.0073431
616.215 0.985141 0.00743962
616.552 0.975355 0.00744028
616.889 0.981448 0.00735278
617.226 0.975337 0.00719644
617.562 0.962882 0.0072769
617.899 0.968631 0.00773905
618.235 0.971262 0.00818259
618.572 0.968253 0.00852578
618.908 0.986537 0.00844763
619.245 0.979264 0.00804649
619.581 0.974687 0.00781455
619.918 0.958312 0.0081719
620.254 0.966196 0.00925844
620.59 0.970735 0.00969866
620.926 0.972448 0.009187
621.262 0.98921 0.00875763
621.599 0.971035 0.00851766
621.935 0.993092 0.00865267
622.271 0.98767 0.00831375
622.606 0.983725 0.00805025
622.942 0.975007 0.00811236
623.278 0.980029 0.00844959
623.614 0.981293 0.0081318
623.95 0.977935 0.0079881
624.285 0.968715 0.00804239
624.621 0.977424 0.00850484
624.957 0.975029 0.00880909
625.292 0.969127 0.00897832
625.628 0.979143 0.00937408
625.963 0.973707 0.00946928
626.299 0.981655 0.00933883
626.634 0.971033 0.00912665
626.969 0.968388 0.00921983
627.304 0.957999 0.00976586
627.64 0.971933 0.0106199
627.975 0.978957 0.0107077
628.31 0.979988 0.0102117
628.645 0.976426 0.00979047
628.98 0.969221 0.00991961
629.315 0.966601 0.0100336
629.65 0.961637 0.0101056
629.985 0.964153 0.0101288
630.319 0.976635 0.0106028
630.654 0.969478 0.0107521
630.989 0.974859 0.0107132
631.323 0.96981 0.0108935
631.658 0.972432 0.011225
631.993 0.964516 0.0116983
632.327 0.964941 0.0118056
632.662 0.973906 0.0118358
632.996 0.979629 0.0117107
633.33 0.984565 0.011632
633.665 0.975008 0.0117761
633.999 0.964283 0.0120333
634.333 0.986157 0.0123281
634.667 0.972458 0.0122505
635.001 0.968259 0.011879
635.335 0.972443 0.0115417
635.669 0.973771 0.0110819
636.003 0.96489 0.0110365
636.337 0.953234 0.0114016
636.671 0.951063 0.0119472
637.005 0.957095 0.0124881
637.339 0.970899 0.0126201
637.672 0.976019 0.0123261
638.006 0.9824 0.0120484
638.339 0.964046 0.0119119
638.673 0.979542 0.0124244
639.006 0.954009 0.0125541
639.34 0.974251 0.0128187
639.673 0.971801 0.0129282
640.007 0.968223 0.0129223
640.34 0.961514 0.0129994
640.673 0.98875 0.0134668
641.006 0.98021 0.0135502
641.34 0.972619 0.0136029
641.673 0.974631 0.0139467
642.006 0.976927 0.014224
642.339 0.976235 0.0140548
642.672 0.979821 0.0139552
643.004 0.974248 0.013975
643.337 0.959938 0.014169
643.67 0.967733 0.0143614
644.003 0.949345 0.0139824
644.336 0.96944 0.0142146
644.668 0.976762 0.0143087
645.001 0.987159 0.014561
645.333 0.974505 0.0146827
645.666 0.983581 0.0151698
645.998 0.975849 0.0154881
646.331 0.953553 0.0153169
646.663 0.967207 0.0154042
646.995 0.972187 0.0146824
647.327 0.998773 0.0139131
647.66 0.984457 0.0128266
647.992 0.970001 0.0123998
648.324 0.972006 0.0123017
648.656 0.971378 0.012453
648.988 0.963015 0.0127984
649.32 0.955968 0.0134716
649.652 0.958293 0.0142935
649.983 0.955827 0.0146544
650.315 0.962469 0.0149212
650.647 0.967495 0.014711
650.979 0.980255 0.0141855
651.31 0.970632 0.013594
651.642 0.954382 0.0129878
651.973 0.967326 0.0130305
652.305 0.959701 0.0129699
652.636 0.965176 0.0130684
652.967 0.970655 0.0134712
653.299 0.953481 0.0135878
653.63 0.973534 0.0137957
653.961 0.995305 0.0132813
654.292 1.05984 0.0114554
654.623 1.1991 0.00505531
654.955 0.899648 0.00343255
655.286 0.899593 0.00343233
655.616 0.899537 0.00343212
655.947 0.89948 0.0034319
656.278 0.899423 0.00343168
656.609 0.899365 0.00343146
656.94 0.949461 0.00443403
657.27 0.95259 0.00526247
657.601 0.943915 0.00600288
657.932 0.932088 0.00709463
658.262 0.93189 0.00865999
658.593 0.941305 0.010624
658.923 0.946741 0.0127372
659.254 0.948924 0.0142045
659.584 0.963248 0.0153739
659.914 0.958193 0.0160428
660.244 0.97214 0.0167099
660.575 0.981213 0.0168917
660.905 0.964574 0.0167503
661.235 0.981565 0.0166747
661.565 0.969903 0.0163796
661.895 0.96943 0.0163335
662.225 0.977113 0.0166338
662.555 0.971849 0.0167346
662.884 0.96279 0.0166441
663.214 0.978687 0.0164621
663.544 0.984659 0.0162906
663.873 0.982717 0.0162513
664.203 0.9585 0.0155652
664.533 0.983742 0.0156444
664.862 0.967961 0.0152931
665.192 0.962822 0.0155235
665.521 0.956978 0.0161575
665.85 0.964152 0.0169261
666.18 0.970336 0.0176103
666.509 0.950434 0.0173617
666.838 0.992248 0.0176631
667.167 0.983606 0.0172946
667.496 0.971802 0.0172826
667.825 0.948152 0.0169823
668.154 0.961966 0.0171583
668.483 0.971082 0.0172683
668.812 0.962583 0.0168207
669.141 0.991598 0.0169226
669.47 0.955548 0.0162124
669.798 0.960838 0.0163762
670.127 0.971226 0.0168533
670.456 0.988248 0.0163191
670.784 0.98595 0.0146876
671.113 0.98384 0.0133797
671.441 0.969306 0.0123883
671.77 0.973427 0.0124782
672.098 0.958367 0.0128276
672.426 0.959283 0.0140531
672.755 0.958985 0.0150529
673.083 0.961294 0.0155401
673.411 0.975574 0.0157827
673.739 0.971561 0.0158519
674.067 0.943788 0.0161182
674.395 0.971543 0.0167626
674.723 0.958135 0.0161809
675.051 0.971037 0.0161103
675.379 0.976079 0.0162104
675.706 0.967917 0.0161221
676.034 0.950433 0.0162973
676.362 0.969874 0.0167549
676.689 0.982937 0.0160138
677.017 0.975508 0.0147726
677.344 0.979375 0.0141648
677.672 0.977234 0.0141745
677.999 0.982373 0.014643
678.327 0.982087 0.0144063
678.654 0.970791 0.0135681
678.981 0.975647 0.0132221
679.308 0.962395 0.013062
679.636 0.967167 0.013579
679.963 0.962864 0.0142143
680.29 0.985991 0.0148154
680.617 0.981462 0.0145195
680.944 0.983795 0.0142544
681.271 0.965104 0.0141793
681.597 0.948767 0.0148776
681.924 0.962384 0.0160173
682.251 0.956487 0.0163867
682.578 0.983951 0.0158793
682.904 0.97304 0.0147912
683.231 0.978291 0.0141551
683.557 0.966359 0.0136834
683.884 0.992383 0.0135579
684.21 0.96182 0.0129298
684.536 0.964845 0.0125025
684.863 0.989344 0.0125065
685.189 0.970231 0.0124229
685.515 0.964436 0.0129271
685.841 0.958355 0.0134168
686.167 0.978306 0.0137601
686.493 0.968888 0.0133818
686.819 0.970091 0.0134627
687.145 0.948303 0.0137724
687.471 0.962334 0.0148594
687.797 0.966836 0.0156486
688.123 0.952947 0.0153969
688.448 0.986598 0.0154242
688.774 0.971096 0.0147026
689.1 0.959354 0.0147663
689.425 0.95394 0.0152475
689.751 0.95466 0.0155643
690.076 0.982985 0.0152507
690.402 0.970313 0.0141081
690.727 0.970306 0.0136066
691.052 0.976781 0.0138065
691.377 0.978183 0.0143238
691.703 0.979998 0.0146295
692.028 0.986108 0.0149092
692.353 0.980981 0.0144428
692.678 0.967438 0.0143349
693.003 0.951318 0.0144197
693.328 0.96044 0.0157137
693.652 0.977124 0.0168077
693.977 0.970953 0.016602
694.302 0.979633 0.0158596
694.627 0.946661 0.0150192
694.951 0.962354 0.0156222
695.276 0.959127 0.0168357
695.6 0.965175 0.0176836
695.925 0.995473 0.0163387
696.249 0.999647 0.0143318
696.574 0.970736 0.013019
696.898 0.974939 0.0133379
697.222 0.957846 0.013951
697.546 0.952696 0.0145287
697.871 0.970312 0.0151301
698.195 0.965847 0.0152659
698.519 0.960796 0.0155194
698.843 0.977399 0.0160227
699.167 0.963264 0.0165041
699.491 0.955819 0.0170234
699.814 0.975435 0.0176124
700.138 0.969025 0.0175124
700.462 0.966686 0.0176456
700.786 0.948334 0.0175029
701.109 0.964102 0.0172551
701.433 0.957373 0.016478
701.756 0.976285 0.0161113
702.08 0.957795 0.0158562
702.403 0.952225 0.0159496
702.726 0.959961 0.0166695
703.05 0.949105 0.0171324
703.373 0.984913 0.0178027
703.696 0.951269 0.0174707
704.019 0.96309 0.0181203
704.342 0.96468 0.0186936
704.665 0.961815 0.0193593
704.988 0.969215 0.0196596
705.311 0.967401 0.0187385
705.634 1.00635 0.01746
705.957 0.988949 0.0154732
706.28 0.972393 0.0141431
706.602 0.968285 0.0136656
706.925 0.957961 0.0137198
707.247 0.971455 0.0143386
707.57 0.971119 0.0150153
707.892 0.945426 0.0151779
708.215 0.953452 0.0159361
708.537 0.956853 0.0166197
708.859 0.986009 0.0171985
709.182 0.98184 0.0170677
709.504 0.971961 0.0163686
709.826 0.952421 0.0158688
710.148 0.960722 0.016049
710.47 0.969378 0.0165277
710.792 0.947904 0.0168409
711.114 0.937741 0.017255
711.436 0.967855 0.0181394
711.758 0.95321 0.0177777
712.079 0.96001 0.0176174
712.401 0.988397 0.0172993
712.723 0.971984 0.0163124
713.044 0.976372 0.0155748
713.366 0.971769 0.0151235
713.687 0.949023 0.014893
714.009 0.968657 0.0155721
714.33 0.954446 0.0157294
714.652 0.959711 0.016246
714.973 0.956422 0.016739
715.294 0.942796 0.0173739
715.615 0.967495 0.0186796
715.936 0.968116 0.0191725
716.257 0.952371 0.0193455
716.578 0.966046 0.019602
716.899 0.981803 0.0194942
717.22 0.958457 0.017972
717.541 0.962115 0.0175301
717.862 0.937452 0.016907
718.182 0.964546 0.0174143
718.503 0.955726 0.0168752
718.824 0.977526 0.0172889
719.144 0.969823 0.0174257
719.465 0.972438 0.0179285
719.785 0.968545 0.0177494
720.105 0.951175 0.0170959
720.426 0.966092 0.0170757
720.746 0.985248 0.0174907
721.066 0.955374 0.0173037
721.386 0.953977 0.0174937
721.706 0.973914 0.0181551
722.026 0.949374 0.0181372
722.346 0.964418 0.0186145
722.666 0.969211 0.0185208
722.986 0.975977 0.0181953
723.306 0.968242 0.0181845
723.626 0.96928 0.0185342
723.946 0.971038 0.0185753
724.265 0.96557 0.0177597
724.585 0.97155 0.0169007
724.904 0.960531 0.0163296
725.224 0.989482 0.01672
725.543 0.969595 0.0165274
725.863 0.953303 0.0164106
726.182 0.941147 0.0167165
726.501 0.971056 0.0176593
726.82 0.981638 0.017903
727.14 0.95535 0.0170151
727.459 0.976883 0.0168247
727.778 0.945353 0.0162922
728.097 0.98022 0.0168176
728.416 0.958088 0.0164122
728.734 0.962852 0.0160651
729.053 0.979498 0.0159422
729.372 0.974661 0.0158921
729.691 0.966952 0.0155115
730.009 0.962122 0.014633
730.328 0.963488 0.014182
730.647 0.989519 0.0143159
730.965 0.95536 0.0144092
731.283 0.967154 0.0150704
731.602 0.97027 0.0154865
731.92 0.98045 0.0154492
732.238 0.971039 0.0149663
732.557 0.969709 0.0145726
732.875 0.984831 0.0146242
733.193 0.987241 0.0138564
733.511 0.977261 0.0132605
733.829 0.961505 0.01327
734.147 0.9592 0.0140767
734.465 0.97586 0.0150343
734.782 0.966246 0.0149521
735.1 0.977258 0.0148456
735.418 0.965888 0.0146107
735.735 0.96122 0.0144803
736.053 0.982285 0.0147271
736.371 0.961761 0.0145205
736.688 0.947482 0.014821
737.005 0.966069 0.0158607
737.323 0.974647 0.0167226
737.64 0.993747 0.0171262
737.957 0.992782 0.0165475
738.274 0.976684 0.0149495
738.592 0.96744 0.0142211
738.909 0.947984 0.0142439
739.226 0.95441 0.0154905
739.543 0.966014 0.0168239
739.86 0.945485 0.017443
740.176 0.950191 0.0182188
740.493 0.983469 0.0193782
740.81 0.978437 0.0196184
741.127 0.954612 0.0189399
741.443 0.981742 0.0185993
741.76 0.9806 0.0177089
742.076 0.95073 0.0173424
742.393 0.946778 0.0179122
742.709 0.946784 0.0189679
743.025 0.973807 0.0200234
743.342 0.962426 0.0196906
743.658 0.967527 0.0194417
743.974 0.973748 0.019104
744.29 0.963203 0.0186495
744.606 0.974505 0.0191138
744.922 0.967129 0.019207
745.238 0.966718 0.019225
745.554 0.967581 0.0195544
745.87 0.953424 0.0195893
746.186 0.974286 0.0193271
746.501 0.969502 0.0185825
746.817 0.96853 0.0184256
747.132 0.945584 0.0192936
747.448 0.953793 0.0203971
747.763 0.963875 0.0206179
748.079 0.964848 0.0199044
748.394 0.987006 0.0187046
748.71 0.986218 0.0174553
749.025 0.966546 0.0160944
749.34 0.973398 0.015806
749.655 0.957996 0.0157809
749.97 0.957659 0.0164042
750.285 0.952131 0.0165897
750.6 0.985226 0.0166982
750.915 0.954575 0.0158218
751.23 0.965621 0.0160602
751.545 0.958216 0.0164672
751.859 0.95397 0.0172364
752.174 0.985898 0.018164
752.489 0.975187 0.0171364
752.803 0.974785 0.0161834
753.118 0.977989 0.0158669
753.432 0.962242 0.0160726
753.747 0.979367 0.0169403
754.061 0.973099 0.0165734
754.375 0.953478 0.0156851
754.689 0.968644 0.0153507
755.004 0.971522 0.0151053
755.318 0.975239 0.014944
755.632 0.979164 0.0143688
755.946 0.984036 0.014029
756.26 0.993864 0.0136135
756.573 0.961448 0.012634
756.887 0.972153 0.0123299
757.201 0.958019 0.0122767
757.515 0.959368 0.0132838
757.828 0.970435 0.0144113
758.142 0.961851 0.0145205
758.455 0.970025 0.0136974
758.769 0.962529 0.0128849
759.082 0.982013 0.0127737
759.396 0.976983 0.0124512
759.709 0.974054 0.0123174
760.022 0.970133 0.012225
760.335 0.963265 0.0127228
760.648 0.95312 0.0134663
760.962 0.948888 0.0144583
761.275 0.955585 0.0153971
761.587 0.964542 0.0158438
761.9 0.979138 0.0160771
762.213 0.97062 0.0155222
762.526 0.971091 0.014957
762.839 0.962217 0.0148227
763.151 0.960762 0.0144447
763.464 0.968706 0.0137647
763.776 0.98394 0.0129721
764.089 0.964967 0.0123054
764.401 0.947557 0.0125208
764.714 0.952435 0.0132014
765.026 0.950731 0.0140504
765.338 0.95114 0.0149303
765.65 0.96236 0.0162554
765.962 0.967542 0.0171675
766.275 0.95352 0.0177631
766.587 0.947841 0.0179447
766.898 0.9516 0.017497
767.21 0.974621 0.0169528
767.522 0.971736 0.0155948
767.834 0.977121 0.0148746
768.146 0.963971 0.0148165
768.457 0.949243 0.0152723
768.769 0.952614 0.0161423
769.08 0.97009 0.0167009
769.392 0.966444 0.0161698
769.703 0.955227 0.0152364
770.015 0.960605 0.0146553
770.326 0.961133 0.0145531
770.637 0.958669 0.0149831
770.948 0.96876 0.0160894
771.26 0.956161 0.0171047
771.571 0.95816 0.0174169
771.882 0.984769 0.0176297
772.193 0.949625 0.0169065
772.504 0.930706 0.0169865
772.814 0.96101 0.0179489
773.125 0.938256 0.0180055
773.436 0.933835 0.0183737
773.747 0.927185 0.0189204
774.057 0.956613 0.0197415
774.368 0.961526 0.019864
774.678 0.955862 0.0202825
774.989 0.951875 0.0208139
775.299 0.954799 0.0214135
775.609 0.943727 0.0213011
775.919 0.925846 0.0208695
776.23 0.951144 0.0209064
776.54 0.968468 0.0214271
776.85 0.955739 0.0211054
777.16 0.955888 0.0209713
777.47 0.984732 0.0203494
777.78 0.962674 0.0189594
778.089 0.964691 0.0179277
778.399 0.964799 0.0178805
778.709 0.956816 0.0181684
779.019 0.955989 0.0192002
779.328 0.953724 0.0204111
779.638 0.954328 0.0205062
779.947 0.978654 0.0194603
780.257 0.974427 0.0174953
780.566 0.967282 0.0166116
780.875 0.937491 0.0164008
781.185 0.964118 0.0174793
781.494 0.958974 0.0180931
781.803 0.924766 0.0178822
782.112 0.944617 0.0185611
782.421 0.953096 0.0185122
782.73 0.943458 0.0180441
783.039 0.948084 0.0181216
783.348 0.917198 0.0187069
783.656 0.947786 0.0206765
783.965 0.930961 0.0207803
784.274 0.938827 0.0204205
784.582 0.964489 0.0200271
784.891 0.94661 0.0194664
785.199 0.936335 0.019488
785.508 0.947138 0.0203713
785.816 0.94995 0.0207553
786.124 0.978193 0.0210392
786.432 0.948226 0.0194271
786.741 0.955374 0.0187795
787.049 0.959479 0.0185918
787.357 0.941379 0.0183746
787.665 0.925851 0.0181345
787.973 0.94803 0.0185298
788.281 0.959359 0.0192315
788.588 0.947283 0.0198859
788.896 0.938457 0.0209898
789.204 0.94458 0.0217196
789.511 0.946573 0.0221199
789.819 0.909782 0.0217871
790.126 0.908091 0.0219334
790.434 0.942447 0.0225101
790.741 0.955123 0.0228438
791.049 0.925908 0.0222017
791.356 0.919474 0.0227151
791.663 0.959657 0.0243891
791.97 0.926841 0.0234852
792.277 1.0032 0.0252305
792.584 0.997191 0.0233847
792.891 0.931894 0.0198696
793.198 0.934753 0.0183137
793.505 0.939899 0.0178764
793.812 0.939137 0.0180682
794.119 0.94296 0.018642
794.425 0.944929 0.0190152
794.732 0.91292 0.0195069
795.038 0.973615 0.0223184
795.345 0.910381 0.0232144
795.651 0.893117 0.0242745
795.958 0.913432 0.0248653
796.264 0.946812 0.024366
796.57 0.93252 0.0228245
796.876 0.933022 0.0222443
797.183 0.936413 0.0228246
797.489 0.938292 0.0237392
797.795 0.921901 0.0237491
798.101 0.954144 0.0244439
798.406 0.930991 0.0239212
798.712 0.90782 0.0239048
799.018 0.919375 0.0249084
799.324 0.925685 0.0251989
799.629 0.920058 0.0253667
799.935 0.931839 0.0255745
800.24 0.933432 0.0257793
800.546 0.891665 0.0249812
800.851 0.945735 0.0268292
801.157 0.883684 0.0262891
801.462 0.88778 0.0267492
801.767 0.932149 0.0277102
802.072 0.914282 0.0264159
802.377 0.909577 0.0254606
802.682 0.910657 0.0248414
802.987 0.891534 0.0246937
803.292 0.933453 0.0266957
803.597 0.94475 0.0272961
803.902 0.965431 0.027693
804.207 0.899368 0.0259698
804.511 0.896942 0.0254882
804.816 0.917372 0.0249959
805.12 0.942399 0.02355
805.425 0.934784 0.0220176
805.729 0.943394 0.0219855
806.034 0.923536 0.0224235
806.338 0.889212 0.0228351
806.642 0.953732 0.0246286
806.946 0.910196 0.024
807.251 0.928837 0.0242543
807.555 0.937613 0.0242782
807.859 0.934261 0.024043
808.162 0.906816 0.0237977
808.466 0.937304 0.0251395
808.77 0.890052 0.0250382
809.074 0.884893 0.0255487
809.378 0.909743 0.0264465
809.681 0.939099 0.0273846
809.985 0.935315 0.0271802
810.288 0.904414 0.0263417
810.592 0.925129 0.0275495
810.895 0.91304 0.0275244
811.198 0.868302 0.0273367
811.502 0.934809 0.0302127
811.805 0.876381 0.0287772
812.108 0.948722 0.0306534
812.411 0.945699 0.0291263
812.714 0.90453 0.0258094
813.017 0.90358 0.0244127
813.32 0.938882 0.0248315
813.623 0.86634 0.0241181
813.926 0.971266 0.027964
814.228 0.92506 0.0284074
814.531 0.880356 0.0285328
814.833 0.887212 0.0289529
815.136 0.83327 0.0281201
815.438 0.88274 0.0295764
815.741 0.930364 0.0299854
816.043 0.979816 0.0303231
816.345 0.907935 0.0280948
816.648 0.893041 0.0280804
816.95 0.896832 0.0285313
817.252 0.933547 0.0298015
817.554 0.867623 0.0288021
817.856 0.887205 0.029778
818.158 0.912144 0.0309664
818.46 0.942344 0.0322072
818.761 0.895833 0.0308061
819.063 0.896044 0.0307672
819.365 0.981244 0.0317698
819.666 0.909571 0.0288298
819.968 0.936405 0.0283013
820.269 0.909794 0.0267515
820.571 0.909405 0.0274781
820.872 0.882009 0.0280078
821.173 0.897111 0.0294399
821.475 0.920592 0.0304378
821.776 0.922721 0.0307702
822.077 0.911133 0.0307328
822.378 0.859368 0.0293134
822.679 0.884702 0.0305357
822.98 0.932458 0.0318957
823.281 0.878381 0.031552
823.581 0.897128 0.0316759
823.882 0.91685 0.0326787
824.183 0.933034 0.0321283
824.483 0.899818 0.030907
824.784 0.853548 0.0284101
825.084 0.888593 0.0292897
825.385 0.837871 0.0279935
825.685 0.895313 0.0300167
825.985 0.910033 0.0311183
826.286 0.894108 0.0306956
826.586 0.859652 0.0290712
826.886 0.915367 0.0298358
827.186 0.891257 0.0290543
827.486 0.883692 0.0300544
827.786 0.904027 0.0314738
828.086 0.890238 0.0316113
828.386 0.915659 0.0309501
828.685 0.906213 0.0307801
828.985 0.963804 0.0328326
829.285 0.890133 0.0316583
829.584 0.828772 0.0306845
829.884 0.896151 0.0329061
830.183 0.84088 0.0321061
830.482 0.870439 0.0339348
830.782 0.896196 0.0347527
831.081 0.988935 0.0386211
831.38 0.907433 0.0362125
831.679 0.821753 0.0320782
831.978 0.839499 0.0324095
832.277 0.877424 0.032511
832.576 0.924792 0.0337399
832.875 0.892241 0.0333988
833.174 0.861771 0.032106
833.472 0.902861 0.0340196
833.771 0.897197 0.0331666
834.07 0.876065 0.032083
834.368 0.89339 0.0325881
834.667 0.882181 0.0330486
834.965 0.91804 0.0343782
835.263 0.882743 0.0339859
835.562 0.839817 0.03284
835.86 0.816058 0.0324275
836.158 0.862906 0.0343659
836.456 0.923308 0.037286
836.754 0.84691 0.0337744
837.052 0.873946 0.0352438
837.35 0.842355 0.0340797
837.648 0.88692 0.036638
837.946 0.850395 0.0346388
838.243 0.827566 0.0350796
838.541 0.900001 0.0363531
838.839 0.835302 0.0336078
839.136 0.917557 0.0359189
839.434 0.903537 0.0355789
839.731 0.859671 0.0336382
840.028 0.942716 0.0375781
840.326 0.822392 0.0336248
840.623 0.846228 0.035025
840.92 0.895177 0.0362337
841.217 0.98271 0.0395842
841.514 0.892126 0.0367114
841.811 0.87675 0.0357964
842.108 0.854839 0.035537
842.405 0.852671 0.035862
842.701 0.804546 0.0337197
842.998 0.854576 0.0360687
843.295 0.804116 0.0343935
843.591 0.864799 0.036491
843.888 0.843628 0.0359717
844.184 0.868719 0.037013
844.481 0.819273 0.035051
844.777 0.881782 0.0380125
845.073 0.873714 0.0372644
845.369 0.85448 0.0360012
845.665 0.855969 0.0369678
845.962 0.883885 0.0372775
846.258 0.866304 0.0375937
846.553 0.920623 0.0394178
846.849 0.893378 0.0375458
847.145 0.90037 0.0370683
847.441 0.914945 0.0379058
847.737 0.967602 0.0401167
848.032 0.867578 0.0364342
848.328 0.796893 0.0349568
848.623 0.969265 0.0422423
848.919 0.884676 0.0382075
849.214 0.849447 0.0367347
849.509 0.912561 0.0389816
849.805 0.858784 0.0369046
850.1 0.858226 0.0375653
850.395 0.943941 0.0404369
850.69 0.89223 0.0390964
850.985 0.832296 0.0359551
851.28 0.884206 0.0377997
851.575 0.884618 0.0371125
851.869 0.864468 0.0368413
852.164 0.861673 0.0362313
852.459 0.845173 0.0344421
852.753 0.889636 0.034572
853.048 0.869572 0.0334438
853.342 0.867898 0.0321206
853.637 0.907368 0.0335554
853.931 0.865756 0.0327665
854.225 0.888 0.033473
854.52 0.876049 0.0333185
854.814 0.893644 0.0345508
855.108 1.00877 0.0383505
855.402 0.895346 0.035272
855.696 0.913994 0.0364416
855.99 0.894478 0.035817
856.283 0.895609 0.0356762
856.577 0.84293 0.0344236
856.871 0.869363 0.0346621
857.164 0.905906 0.0363821
857.458 0.906149 0.0372885
857.751 0.863606 0.0354781
858.045 0.917184 0.0383548
858.338 0.837983 0.0351211
858.632 0.869305 0.0373861
858.925 0.895291 0.0378255
859.218 0.857263 0.0371912
859.511 0.86575 0.0370107
859.804 0.90049 0.0386765
860.097 0.841567 0.0361081
860.39 0.891112 0.0382138
860.683 0.855001 0.0369456
860.976 0.88876 0.0388386
861.268 0.863099 0.0378818
861.561 0.887268 0.0383499
861.854 0.876166 0.0382572
862.146 0.882693 0.0388268
862.439 0.872229 0.0377299
862.731 0.887808 0.0382722
863.023 0.831886 0.0362066
863.316 0.9133 0.0385572
863.608 0.780372 0.0338014
863.9 0.959066 0.041021
864.192 0.889791 0.038068
864.484 0.908376 0.0392209
864.776 0.831769 0.036095
865.068 0.932967 0.0399981
865.36 0.877591 0.038247
865.651 0.86684 0.0380772
865.943 0.927837 0.0403503
866.235 0.907351 0.0391558
866.526 0.90687 0.0399448
866.818 0.908453 0.0396455
867.109 0.895663 0.0396591
867.4 0.88426 0.0381292
867.692 0.798787 0.0364178
867.983 0.849982 0.0374496
868.274 0.841443 0.0369111
868.565 0.850677 0.037532
868.856 0.877669 0.0388193
869.147 0.810815 0.0368468
869.438 0.93484 0.0416027
869.729 0.92463 0.0412063
870.02 0.904347 0.0402796
870.31 0.843571 0.0388162
870.601 0.831089 0.0371214
870.892 0.940529 0.0404597
871.182 0.941977 0.041053
871.473 0.91393 0.0392129
871.763 0.916455 0.0402454
872.053 0.932222 0.0400708
872.343 0.866777 0.038095
872.634 0.930728 0.0412579
872.924 0.980214 0.0434634
873.214 0.882151 0.0393684
873.504 0.87425 0.0395791
873.794 0.869582 0.0389399
874.084 0.87769 0.0387343
874.373 0.904159 0.0406155
874.663 0.828441 0.0374945
874.953 0.93255 0.0415008
875.242 0.911351 0.0404327
875.532 0.825777 0.0373628
875.821 0.918849 0.0408911
876.111 0.872017 0.0386765
876.4 0.845863 0.03734
876.689 0.859437 0.0377622
876.978 0.863986 0.0387887
877.268 0.869128 0.0388205
877.557 0.855074 0.0384658
877.846 0.903105 0.0397574
878.134 0.923753 0.0412484
878.423 0.923923 0.041256
878.712 0.924093 0.0412636
