E_ph QE QRefl LGRefl30 LGRefl45 LGRefl60 LGRefl90 QAbs QAbs(70 MRad) QAbs(170 MRad) CathIndR CathIndI 
1.55 0.00107604 0.0665276 0.544911 0.507877 0.555676 0.783611 159.211 0 134.919 2.93405 0.7544
1.58 0.00107604 0.0665942 0.505452 0.457546 0.56247 0.707061 152.516 0 134.919 2.81602 0.515705
1.61 0.00107604 0.0665942 0.505452 0.457546 0.56247 0.707061 148.197 0 134.919 2.81602 0.515705
1.64 0.00113934 0.0666609 0.493782 0.483911 0.594873 0.698412 145.778 0 132.166 2.65292 0.162711
1.67 0.00136922 0.0667276 0.498291 0.538346 0.612813 0.76441 144.863 0 132.166 2.64155 0.158592
1.7 0.00136922 0.0667276 0.498291 0.538346 0.612813 0.76441 145.128 0 132.166 2.64155 0.158592
1.73 0.00172166 0.0667944 0.522385 0.562146 0.590561 0.822271 146.306 0 139.782 2.65721 0.219961
1.76 0.00172166 0.0667944 0.522385 0.562146 0.590561 0.822271 148.176 0 139.782 2.65721 0.219961
1.79 0.00172166 0.0668613 0.538993 0.551629 0.556835 0.839651 150.557 0 137.612 2.63667 0.257276
1.82 0.00172166 0.0669282 0.562312 0.543328 0.572591 0.800856 153.302 0 137.612 2.64609 0.275079
1.85 0.00172166 0.0669282 0.562312 0.543328 0.572591 0.800856 156.289 0 137.612 2.64609 0.275079
1.88 0.00183132 0.0669952 0.562081 0.514137 0.589696 0.760377 159.42 0 128.567 2.6679 0.291109
1.91 0.00183132 0.0669952 0.562081 0.514137 0.589696 0.760377 162.615 0 128.567 2.6679 0.291109
1.94 0.0019489 0.0670623 0.554528 0.49215 0.621214 0.730443 165.81 0 128.567 2.67284 0.326428
1.97 0.00266535 0.0671294 0.527153 0.493448 0.616112 0.773173 168.955 0 121.065 2.71082 0.334684
2 0.00266535 0.0671294 0.527153 0.493448 0.616112 0.773173 172.008 0 121.065 2.71082 0.334684
2.03 0.00510642 0.0671966 0.492875 0.513766 0.593467 0.822753 174.939 0 125.592 2.76661 0.334581
2.07 0.0105398 0.0672638 0.487198 0.532523 0.563851 0.83637 178.616 0 125.592 2.81675 0.387799
2.1 0.0105398 0.0672638 0.487198 0.532523 0.563851 0.83637 181.179 0 125.592 2.81675 0.387799
2.14 0.0185402 0.0673642 0.512678 0.538318 0.554278 0.808686 184.314 0 131.984 2.85521 0.446565
2.18 0.02978 0.0674833 0.538646 0.526066 0.573269 0.740877 187.113 0 131.984 2.87959 0.534811
2.21 0.0450236 0.0676066 0.559213 0.509266 0.610466 0.743465 188.988 0 137.287 2.90428 0.630064
2.25 0.0642201 0.067714 0.561942 0.494229 0.632913 0.781446 191.186 0 137.287 2.93699 0.764394
2.3 0.0851865 0.067825 0.555298 0.508787 0.63307 0.821389 193.46 0 142.801 2.9565 0.878021
2.34 0.0851865 0.067825 0.555298 0.508787 0.63307 0.821389 194.909 0 142.801 2.9565 0.878021
2.38 0.104685 0.0679326 0.534812 0.537406 0.614634 0.832031 196.044 0 148.145 2.90113 0.909927
2.43 0.12228 0.0680383 0.513898 0.552621 0.587206 0.795092 197.041 0 148.521 2.84162 0.936687
2.48 0.138587 0.0681427 0.522359 0.557547 0.586555 0.749844 197.6 0 148.521 2.79294 0.983838
2.53 0.154289 0.0682951 0.544184 0.545955 0.608493 0.751761 197.752 0 158.588 2.74303 1.04718
2.58 0.170402 0.0684247 0.5653 0.523639 0.633961 0.787431 197.53 0 158.588 2.69754 1.09369
2.64 0.199926 0.0686607 0.575593 0.523967 0.641538 0.824787 196.815 0 159.949 2.60172 1.09389
2.7 0.213576 0.0688338 0.560787 0.548658 0.618275 0.789589 195.662 0 155.324 2.54236 1.1005
2.76 0.226643 0.0689556 0.540898 0.568332 0.606017 0.756079 194.121 0 168.686 2.41995 1.135
2.82 0.2377 0.069111 0.534983 0.570858 0.615764 0.762696 192.24 0 168.686 2.30035 1.17249
2.88 0.256041 0.0693846 0.571607 0.538842 0.661003 0.823069 190.062 0 149.847 2.17216 1.21127
2.95 0.264033 0.0695288 0.58566 0.526241 0.664548 0.817968 187.201 0 152.211 2.14272 1.21611
3.02 0.270802 0.0696879 0.591496 0.538937 0.647623 0.786178 184.047 0 150.435 2.10729 1.22038
3.1 0.282018 0.0700464 0.5591 0.581672 0.627777 0.776331 180.153 0 134.874 1.97172 1.31025
3.18 0.289768 0.0703539 0.560711 0.570258 0.670587 0.816842 176.012 0 139.694 1.81652 1.43464
3.26 0.292443 0.0705222 0.580977 0.549724 0.683052 0.801781 171.682 0 136.07 1.78331 1.44733
3.35 0.296216 0.0709254 0.604385 0.555342 0.655109 0.763159 166.647 0 132.17 1.6935 1.36138
3.44 0.29766 0.0713142 0.572978 0.596639 0.664736 0.809765 161.497 0 121.145 1.6106 1.27959
3.54 0.298454 0.0717876 0.57014 0.577066 0.69787 0.786042 155.699 0 83.0344 1.58495 1.19726
3.65 0.298446 0.072067 0.604621 0.559707 0.670204 0.766177 149.294 0 58.232 1.56542 1.11272
3.76 0.297468 0.0725936 0.586804 0.608594 0.695764 0.789958 142.918 0 45.0774 1.49069 0.975759
3.87 0.295776 0.0730113 0.579137 0.568118 0.697604 0.753792 136.616 0 32.5663 1.42804 0.895303
4 0.290902 0.0735292 0.605341 0.587089 0.667762 0.781979 129.313 0 22.067 1.35671 0.803612
4.13 0.286475 0.0739077 0.570237 0.591477 0.697012 0.739817 122.207 0 13.9318 1.35129 0.749369
4.28 0.274917 0.0750508 0.586473 0.560173 0.6523 0.735784 114.291 0 9.45705 1.33575 0.638899
4.43 0.263661 0.0759965 0.530329 0.542793 0.650848 0.718926 106.706 0 8.3976 1.32944 0.629366
4.59 0.252352 0.0766319 0.551642 0.530061 0.625019 0.680909 98.9965 0 6.52032 1.30712 0.610593
4.77 0.241387 0.0776936 0.504025 0.494515 0.590791 0.674279 90.8029 0 5.4129 1.27539 0.584887
4.96 0.240115 0.0789382 0.486715 0.499655 0.580062 0.667027 82.7004 0 4.72908 1.28025 0.58498
5.17 0.249086 0.0802176 0.449286 0.43887 0.521634 0.623665 74.3789 0 3.76007 1.28025 0.58498
5.39 0.265845 0.0818538 0.324667 0.320386 0.380292 0.5504 66.3417 0 2.93654 1.28025 0.58498
5.64 0.282768 0.0836815 0.270822 0.265765 0.312612 0.525247 58.0003 0 2.29729 1.28025 0.58498
5.9 0.292666 0.0856745 0.309703 0.306507 0.347498 0.494649 50.1491 0 2.37719 1.28025 0.58498
6.2 0.297091 0.088007 0.400432 0.401004 0.428473 0.490851 42.036 0 2.57308 1.28025 0.58498
