178.41 0.230183 0.0747205
178.791 0.23164 0.0751936
179.172 0.233087 0.0756634
179.553 0.846216 0.846216
179.934 0.413644 0.413644
180.316 0.222182 0.222182
180.697 1.35862 1.35862
181.078 1.09295 1.09295
181.459 0.429798 0.429798
181.84 -0.0667482 -0.0284875
182.221 4.25368 4.25368
182.602 0.42687 0.103776
182.983 0.451733 0.0857223
183.364 1.63428 0.419185
183.744 0.264937 0.0550046
184.125 0.74799 0.0781066
184.506 0.674445 0.0656941
184.887 0.999511 0.0922551
185.268 0.743283 0.0699779
185.648 0.485117 0.0409706
186.029 0.636581 0.045201
186.41 0.537307 0.0391196
186.791 0.539763 0.0364863
187.171 0.563676 0.0343348
187.552 0.548882 0.0286155
187.932 0.54339 0.0260207
188.313 0.588818 0.0274047
188.694 0.543021 0.0246306
189.074 0.530711 0.0244168
189.455 0.516822 0.0234561
189.835 0.575053 0.0245933
190.216 0.555397 0.023427
190.596 0.511312 0.0221329
190.977 0.520658 0.0217866
191.357 0.509598 0.0218507
191.737 0.542252 0.0222528
192.118 0.58722 0.0235219
192.498 0.511754 0.0211532
192.878 0.50936 0.0205435
193.258 0.540913 0.0214154
193.639 0.529682 0.0212172
194.019 0.528712 0.0208402
194.399 0.504861 0.0202875
194.779 0.53749 0.0208763
195.159 0.502771 0.0196202
195.54 0.494217 0.0192615
195.92 0.486573 0.0188345
196.3 0.516495 0.0194636
196.68 0.51533 0.0198053
197.06 0.52187 0.0195721
197.44 0.480353 0.0184921
197.82 0.516177 0.019043
198.2 0.505702 0.0187215
198.58 0.508045 0.0181521
198.959 0.482892 0.0176595
199.339 0.45448 0.0169572
199.719 0.537421 0.0189705
200.099 0.486219 0.0173348
200.479 0.500016 0.0174787
200.858 0.492591 0.0171542
201.238 0.48458 0.0172208
201.618 0.478512 0.0168201
201.998 0.460623 0.0162652
202.377 0.480166 0.0164532
202.757 0.465162 0.0159181
203.136 0.485969 0.016441
203.516 0.493308 0.0163294
203.896 0.470706 0.0154575
204.275 0.504203 0.0161737
204.655 0.529334 0.016252
205.034 0.523697 0.0160832
205.414 0.493608 0.0151915
205.793 0.50531 0.0152575
206.172 0.50303 0.0150051
206.552 0.506235 0.0151197
206.931 0.50958 0.0149123
207.31 0.500391 0.0145908
207.69 0.495732 0.0141832
208.069 0.511523 0.0145088
208.448 0.478738 0.01377
208.827 0.467561 0.0134988
209.207 0.483609 0.0134378
209.586 0.477721 0.0131663
209.965 0.506526 0.0135918
210.344 0.496377 0.0131663
210.723 0.49589 0.0129459
211.102 0.478835 0.0125174
211.481 0.495615 0.0126825
211.86 0.5084 0.0127442
212.239 0.488229 0.01223
212.618 0.504029 0.0122982
212.997 0.524644 0.0125355
213.376 0.493613 0.0118413
213.755 0.498591 0.0117243
214.134 0.497537 0.0116582
214.513 0.489421 0.0114698
214.891 0.490153 0.0112077
215.27 0.490443 0.0111305
215.649 0.487616 0.0108614
216.028 0.48264 0.0107269
216.406 0.479645 0.0105269
216.785 0.480568 0.0104608
217.164 0.49123 0.0103645
217.542 0.495913 0.0102411
217.921 0.491539 0.0100738
218.3 0.508402 0.0102483
218.678 0.502689 0.00997551
219.057 0.529033 0.010127
219.435 0.531759 0.00998769
219.814 0.52926 0.00982895
220.192 0.525744 0.00964119
220.57 0.510437 0.00936136
220.949 0.528086 0.00945752
221.327 0.521569 0.00918877
221.705 0.50648 0.00896645
222.084 0.515378 0.00889305
222.462 0.518299 0.00886595
222.84 0.510417 0.0086636
223.218 0.501909 0.00847142
223.597 0.499777 0.00828818
223.975 0.497631 0.00812711
224.353 0.48938 0.00793675
224.731 0.494099 0.00784327
225.109 0.494583 0.00779316
225.487 0.509188 0.00780857
225.865 0.514801 0.00772726
226.243 0.516897 0.00763776
226.621 0.524938 0.00757726
226.999 0.526541 0.0074648
227.377 0.532758 0.00741501
227.755 0.53355 0.00728891
228.133 0.53904 0.00723617
228.511 0.555294 0.00732118
228.889 0.546499 0.00712575
229.266 0.555362 0.00713348
229.644 0.55029 0.00695305
230.022 0.550905 0.00688178
230.4 0.544051 0.00676587
230.777 0.545393 0.00670753
231.155 0.547259 0.00664096
231.533 0.532721 0.00643843
231.91 0.52813 0.00632809
232.288 0.534899 0.0063352
232.665 0.531338 0.0062385
233.043 0.537852 0.00620462
233.42 0.53991 0.00618365
233.798 0.541148 0.00610707
234.175 0.542253 0.00605491
234.553 0.560973 0.00612634
234.93 0.557502 0.00602788
235.307 0.567464 0.00604267
235.685 0.572396 0.00598696
236.062 0.582954 0.00600042
236.439 0.598468 0.0060345
236.816 0.601873 0.00597629
237.194 0.600973 0.00591458
237.571 0.609716 0.00592331
237.948 0.617231 0.00592752
238.325 0.627365 0.00592882
238.702 0.62211 0.00585205
239.079 0.628743 0.00583227
239.456 0.624109 0.00576761
239.833 0.621501 0.00570958
240.21 0.622627 0.0056831
240.587 0.622569 0.00563829
240.964 0.62244 0.00560294
241.341 0.619289 0.00555162
241.718 0.616128 0.00548863
242.095 0.610568 0.00544138
242.472 0.608415 0.00538298
242.849 0.611083 0.00538722
243.225 0.609569 0.00531072
243.602 0.607959 0.00530448
243.979 0.61577 0.00532765
244.356 0.611558 0.00525623
244.732 0.606137 0.00518315
245.109 0.618274 0.00522443
245.486 0.610011 0.00514681
245.862 0.624672 0.0052027
246.239 0.629441 0.0051892
246.615 0.635395 0.0051803
246.992 0.64223 0.00517956
247.368 0.636487 0.00513332
247.745 0.65171 0.00516786
248.121 0.651602 0.00511548
248.497 0.657384 0.00515223
248.874 0.66584 0.00515795
249.25 0.666923 0.0051099
249.626 0.66986 0.00510315
250.003 0.671546 0.00508646
250.379 0.670612 0.00505076
250.755 0.667062 0.00501637
251.131 0.664669 0.0049795
251.507 0.669136 0.0050077
251.884 0.659507 0.00491914
252.26 0.660212 0.00492068
252.636 0.65579 0.00486557
253.012 0.650547 0.00482851
253.388 0.652122 0.0048132
253.764 0.650684 0.00479274
254.14 0.648449 0.00477494
254.516 0.64567 0.00475003
254.892 0.647933 0.00475388
255.268 0.646511 0.00472786
255.643 0.642224 0.00469892
256.019 0.642906 0.00467289
256.395 0.644678 0.00468309
256.771 0.646217 0.00466257
257.147 0.647843 0.00465797
257.522 0.654875 0.00468799
257.898 0.656284 0.00466932
258.274 0.660919 0.00468251
258.649 0.665934 0.00468856
259.025 0.666361 0.0046679
259.4 0.672135 0.00467787
259.776 0.680326 0.0047049
260.151 0.686835 0.0047326
260.527 0.68744 0.0047268
260.902 0.690199 0.00471018
261.278 0.693873 0.00471379
261.653 0.696559 0.00472535
262.028 0.700439 0.00473894
262.404 0.702097 0.00474032
262.779 0.69977 0.00471417
263.154 0.699395 0.00470029
263.53 0.697922 0.00467724
263.905 0.694317 0.00467806
264.28 0.697001 0.00469149
264.655 0.693216 0.00466628
265.03 0.696322 0.00469492
265.405 0.691575 0.00466192
265.781 0.682203 0.00461406
266.156 0.691865 0.00466659
266.531 0.685504 0.0046175
266.906 0.681403 0.00460767
267.281 0.679245 0.00457957
267.655 0.680367 0.00461765
268.03 0.671955 0.00457278
268.405 0.677377 0.0045997
268.78 0.681163 0.00461814
269.155 0.678003 0.00458504
269.53 0.670307 0.0045613
269.904 0.677723 0.00458484
270.279 0.682752 0.00461881
270.654 0.679135 0.00458395
271.029 0.68424 0.00461412
271.403 0.688471 0.00462795
271.778 0.686637 0.00461691
272.152 0.692869 0.00464455
272.527 0.696923 0.0046538
272.901 0.700042 0.00465556
273.276 0.706577 0.00466856
273.65 0.70641 0.00465639
274.025 0.720066 0.0047316
274.399 0.715837 0.004721
274.774 0.721757 0.00472115
275.148 0.716117 0.00469398
275.522 0.721098 0.00469779
275.897 0.719671 0.0047131
276.271 0.725066 0.00473321
276.645 0.728554 0.00473043
277.019 0.728629 0.0047339
277.393 0.722974 0.00470213
277.768 0.723946 0.00472358
278.142 0.721207 0.00469566
278.516 0.725692 0.00474649
278.89 0.722952 0.00471517
279.264 0.722079 0.00472723
279.638 0.716534 0.00468738
280.012 0.715643 0.00467885
280.386 0.715286 0.00470673
280.76 0.712013 0.00467839
281.133 0.707758 0.00466916
281.507 0.704814 0.00465252
281.881 0.707909 0.00465754
282.255 0.711917 0.00468118
282.629 0.70093 0.004655
283.002 0.697045 0.00464011
283.376 0.700717 0.00464966
283.75 0.699042 0.00465665
284.123 0.699147 0.004649
284.497 0.699081 0.00465589
284.87 0.705299 0.00467921
285.244 0.701106 0.00465003
285.618 0.704601 0.0046715
285.991 0.708036 0.00470372
286.364 0.710405 0.00471925
286.738 0.72127 0.00474575
287.111 0.716592 0.00471182
287.485 0.72238 0.00475543
287.858 0.720644 0.00476008
288.231 0.73065 0.00480237
288.605 0.738035 0.0048354
288.978 0.744055 0.00483663
289.351 0.743317 0.00485612
289.724 0.751186 0.00490055
290.097 0.7552 0.00490552
290.47 0.753838 0.00491569
290.843 0.751527 0.0049038
291.217 0.759119 0.00494462
291.59 0.76616 0.00499777
291.963 0.766866 0.00498838
292.336 0.767449 0.00500361
292.708 0.760902 0.00497893
293.081 0.760134 0.00498581
293.454 0.765948 0.00501221
293.827 0.764731 0.0050243
294.2 0.762273 0.00504007
294.573 0.76045 0.00501903
294.945 0.7638 0.00506246
295.318 0.755871 0.0050119
295.691 0.758941 0.00504929
296.064 0.758705 0.00505354
296.436 0.752379 0.00503853
296.809 0.756517 0.00505451
297.181 0.749812 0.00504724
297.554 0.748441 0.00505633
297.926 0.748984 0.00505779
298.299 0.749288 0.00506211
298.671 0.749314 0.00504221
299.044 0.747029 0.00506138
299.416 0.741776 0.00503465
299.788 0.740855 0.00503839
300.161 0.738114 0.00503481
300.533 0.741687 0.0050499
300.905 0.73513 0.00500321
301.278 0.736745 0.0050166
301.65 0.740807 0.00502825
302.022 0.738679 0.00504282
302.394 0.742632 0.00506569
302.766 0.735917 0.00503157
303.138 0.745242 0.0050832
303.51 0.735578 0.00501551
303.882 0.745758 0.00507352
304.254 0.743197 0.00505054
304.626 0.744983 0.00505134
304.998 0.750819 0.00506677
305.37 0.751049 0.00509748
305.742 0.751686 0.0050815
306.114 0.75488 0.00509783
306.485 0.761843 0.00511097
306.857 0.764634 0.00511677
307.229 0.765602 0.00513086
307.601 0.769057 0.00515402
307.972 0.772399 0.00515978
308.344 0.774267 0.0051688
308.716 0.78524 0.00523399
309.087 0.777799 0.00518422
309.459 0.780794 0.00520708
309.83 0.785557 0.00521945
310.202 0.783868 0.00520074
310.573 0.783557 0.00519975
310.945 0.786423 0.00523161
311.316 0.789884 0.00525059
311.687 0.788175 0.0052225
312.059 0.786567 0.00522854
312.43 0.791614 0.00525168
312.801 0.777861 0.00519166
313.172 0.787116 0.00524426
313.544 0.778776 0.00521542
313.915 0.789294 0.00524434
314.286 0.781353 0.00521953
314.657 0.777595 0.00519728
315.028 0.775406 0.00520168
315.399 0.776012 0.00520637
315.77 0.777722 0.00521117
316.141 0.770541 0.00519013
316.512 0.76986 0.00519051
316.883 0.767834 0.00520934
317.254 0.767576 0.00520395
317.625 0.764188 0.00520251
317.996 0.762779 0.00518584
318.366 0.767183 0.00521046
318.737 0.756802 0.00517027
319.108 0.759557 0.00518695
319.478 0.75567 0.00519142
319.849 0.750399 0.00515718
320.22 0.753823 0.00518415
320.59 0.755137 0.00518619
320.961 0.754504 0.00519771
321.331 0.754019 0.00518398
321.702 0.755573 0.00523396
322.072 0.755495 0.00522659
322.443 0.753489 0.00522606
322.813 0.749812 0.00520111
323.184 0.752212 0.00523369
323.554 0.753762 0.00523936
323.924 0.746889 0.00520421
324.295 0.759623 0.00527628
324.665 0.753541 0.00526112
325.035 0.757857 0.00526276
325.405 0.760752 0.00529015
325.775 0.768782 0.00535095
326.145 0.758914 0.00531291
326.515 0.778309 0.00541423
326.886 0.775776 0.00540562
327.256 0.771797 0.00539272
327.626 0.777748 0.00545555
327.995 0.782495 0.00549211
328.365 0.784221 0.00550469
328.735 0.785291 0.0055314
329.105 0.78418 0.00557248
329.475 0.795477 0.00566353
329.845 0.788396 0.00565732
330.215 0.799669 0.00568473
330.584 0.792139 0.00559508
330.954 0.80229 0.00555908
331.324 0.797631 0.00541591
331.693 0.790538 0.00530747
332.063 0.805351 0.00532467
332.432 0.811733 0.0053111
332.802 0.80006 0.0052719
333.171 0.802543 0.00532937
333.541 0.804013 0.00542781
333.91 0.802493 0.00546378
334.28 0.809648 0.00552952
334.649 0.806536 0.00553279
335.018 0.802441 0.00553253
335.388 0.800945 0.00554055
335.757 0.791269 0.00550321
336.126 0.793035 0.00553057
336.495 0.79363 0.00553571
336.865 0.792465 0.00554005
337.234 0.794336 0.00558361
337.603 0.784451 0.00553312
337.972 0.788399 0.00556437
338.341 0.784259 0.00553379
338.71 0.781886 0.00553907
339.079 0.780643 0.00554184
339.448 0.781747 0.00552507
339.817 0.773705 0.00550763
340.186 0.770898 0.00550801
340.554 0.777202 0.00554637
340.923 0.775207 0.00552894
341.292 0.772654 0.00554964
341.661 0.7704 0.00552637
342.029 0.76369 0.00549622
342.398 0.769765 0.00554242
342.767 0.763594 0.00554037
343.135 0.758203 0.00548741
343.504 0.768798 0.00556372
343.872 0.76248 0.00550948
344.241 0.760302 0.00550387
344.609 0.751826 0.00549064
344.978 0.759411 0.00552473
345.346 0.757253 0.00550129
345.715 0.753362 0.00550845
346.083 0.755067 0.00551307
346.451 0.760759 0.00555238
346.82 0.755696 0.00552894
347.188 0.759089 0.00553561
347.556 0.762542 0.00556634
347.924 0.755657 0.00551333
348.292 0.768327 0.00563236
348.66 0.771596 0.00562955
349.028 0.764714 0.00558829
349.396 0.76406 0.00559575
349.764 0.769808 0.00561289
350.132 0.772501 0.00565346
350.5 0.767342 0.00561311
350.868 0.782715 0.00570798
351.236 0.781837 0.00569211
351.604 0.777268 0.00569436
351.972 0.788878 0.0057451
352.34 0.786011 0.00573351
352.707 0.796043 0.00577207
353.075 0.793539 0.0057499
353.443 0.798471 0.00578736
353.81 0.801454 0.00582157
354.178 0.802674 0.0058271
354.545 0.802721 0.0058054
354.913 0.805433 0.00583472
355.28 0.80327 0.00581657
355.648 0.807261 0.00584373
356.015 0.81745 0.00590031
356.383 0.81179 0.00586971
356.75 0.811444 0.00588878
357.117 0.805416 0.00586469
357.485 0.822828 0.00594883
357.852 0.812658 0.00590664
358.219 0.816538 0.00592728
358.586 0.815098 0.0059166
358.954 0.810667 0.00591003
359.321 0.820093 0.00594854
359.688 0.819828 0.00596699
360.055 0.812043 0.00592776
360.422 0.813098 0.00592482
360.789 0.815221 0.00596036
361.156 0.815351 0.00595935
361.523 0.810518 0.00596477
361.89 0.807324 0.00595352
362.256 0.797911 0.00588079
362.623 0.808794 0.005969
362.99 0.808592 0.00599219
363.357 0.804923 0.00597123
363.724 0.801639 0.00595059
364.09 0.80137 0.00595905
364.457 0.797457 0.00597125
364.823 0.797878 0.0059326
365.19 0.78001 0.00586133
365.557 0.788229 0.00591642
365.923 0.788018 0.0059164
366.29 0.785589 0.00591465
366.656 0.787778 0.0059303
367.022 0.787039 0.00589691
367.389 0.783581 0.00592255
367.755 0.778872 0.00589328
368.121 0.776212 0.00591633
368.488 0.782143 0.00593079
368.854 0.77519 0.00590668
369.22 0.771601 0.00593689
369.586 0.77538 0.00596563
369.952 0.771637 0.00596054
370.318 0.759286 0.00593114
370.684 0.767737 0.00598207
371.051 0.766375 0.0059659
371.416 0.765456 0.00599331
371.782 0.765504 0.00597429
372.148 0.762785 0.00597576
372.514 0.763712 0.00600444
372.88 0.754148 0.00595956
373.246 0.7613 0.00600613
373.612 0.761432 0.00599423
373.977 0.762559 0.00597689
374.343 0.761946 0.00597027
374.709 0.760353 0.00594469
375.074 0.76091 0.00596906
375.44 0.758375 0.00597337
375.806 0.767401 0.00603871
376.171 0.760511 0.0060063
376.537 0.761384 0.00598906
376.902 0.767989 0.00604158
377.268 0.772269 0.00603447
377.633 0.770869 0.00601607
377.998 0.76266 0.00594135
378.364 0.771343 0.0059537
378.729 0.768773 0.00593307
379.094 0.773603 0.00597219
379.459 0.776516 0.00605631
379.825 0.777706 0.00606093
380.19 0.778274 0.00606618
380.555 0.782344 0.00613636
380.92 0.786348 0.00619934
381.285 0.793326 0.00625435
381.65 0.791543 0.00621088
382.015 0.788823 0.00617552
382.38 0.797017 0.00623616
382.745 0.807076 0.00632591
383.11 0.796159 0.00627166
383.474 0.804589 0.00630718
383.839 0.800639 0.00629051
384.204 0.811039 0.00636066
384.569 0.804424 0.00633121
384.933 0.814644 0.00638407
385.298 0.814727 0.00642832
385.663 0.815709 0.00644573
386.027 0.820093 0.00642149
386.392 0.821488 0.0064059
386.756 0.814168 0.00633633
387.121 0.818658 0.0063606
387.485 0.81718 0.00630321
387.849 0.813969 0.00625072
388.214 0.822107 0.00637019
388.578 0.81754 0.0063521
388.942 0.81816 0.00642926
389.307 0.816267 0.00639124
389.671 0.817335 0.00643223
390.035 0.819079 0.00640403
390.399 0.817461 0.00639982
390.763 0.81313 0.00635001
391.127 0.813338 0.00630289
391.492 0.820763 0.00626491
391.856 0.808834 0.00616516
392.219 0.811316 0.00609258
392.583 0.820185 0.00616856
392.947 0.819328 0.00625774
393.311 0.812994 0.00631347
393.675 0.809251 0.0063268
394.039 0.803575 0.00632094
394.403 0.806208 0.00635502
394.766 0.809809 0.00641054
395.13 0.800245 0.00637732
395.494 0.801164 0.0063722
395.857 0.803326 0.0063769
396.221 0.796328 0.00631818
396.584 0.792985 0.00626471
396.948 0.793571 0.00620102
397.311 0.788898 0.00608865
397.675 0.793631 0.00607033
398.038 0.79197 0.0060454
398.401 0.78749 0.00611013
398.765 0.789548 0.00620966
399.128 0.796737 0.00633004
399.491 0.788487 0.00633957
399.854 0.78542 0.00635207
400.218 0.775336 0.00629845
400.581 0.784555 0.00640211
400.944 0.769838 0.00633336
401.307 0.776035 0.00646571
401.67 0.779029 0.00646119
402.033 0.76977 0.00642778
402.396 0.767376 0.00642301
402.759 0.765411 0.00641228
403.122 0.766745 0.00641134
403.485 0.765969 0.00639804
403.847 0.763558 0.00634934
404.21 0.766318 0.00633062
404.573 0.762693 0.00628998
404.936 0.759837 0.00622158
405.298 0.772094 0.00635204
405.661 0.767351 0.00642618
406.023 0.765479 0.00649224
406.386 0.761145 0.00648907
406.749 0.75805 0.00653346
407.111 0.769511 0.00661527
407.473 0.756116 0.00646658
407.836 0.75861 0.00642325
408.198 0.770061 0.00645645
408.561 0.765031 0.00643692
408.923 0.763029 0.00640559
409.285 0.752402 0.00635215
409.647 0.765524 0.00650163
410.009 0.770303 0.00658189
410.372 0.768424 0.00657317
410.734 0.765169 0.00659224
411.096 0.771051 0.00661347
411.458 0.765886 0.00659389
411.82 0.774756 0.0065867
412.182 0.763536 0.0064732
412.544 0.77672 0.00655478
412.906 0.777791 0.00655844
413.267 0.779912 0.00655402
413.629 0.784715 0.0066419
413.991 0.782431 0.006668
414.353 0.794362 0.00672777
414.714 0.790649 0.00679939
415.076 0.784954 0.00675316
415.438 0.791038 0.00677245
415.799 0.789798 0.00672821
416.161 0.797439 0.00682587
416.522 0.801107 0.00688422
416.884 0.798777 0.00687629
417.245 0.808932 0.00693226
417.607 0.803533 0.0068978
417.968 0.803922 0.00692534
418.329 0.805271 0.00688118
418.691 0.808287 0.00690065
419.052 0.808955 0.00689292
419.413 0.816423 0.00690953
419.774 0.80919 0.00683305
420.135 0.811362 0.00671062
420.497 0.810668 0.00660001
420.858 0.809919 0.00650531
421.219 0.822082 0.00653684
421.58 0.824063 0.00659843
421.941 0.821067 0.00666699
422.302 0.823004 0.0068126
422.662 0.836501 0.00690454
423.023 0.825696 0.00689681
423.384 0.824313 0.00691836
423.745 0.822531 0.00688732
424.106 0.832457 0.00692933
424.466 0.825672 0.0068444
424.827 0.818752 0.00687072
425.187 0.831218 0.00705741
425.548 0.833729 0.00715556
425.909 0.829017 0.00715832
426.269 0.82307 0.00708516
426.63 0.825825 0.00707053
426.99 0.82511 0.00698418
427.35 0.819432 0.00698968
427.711 0.822434 0.00699786
428.071 0.82259 0.00693299
428.431 0.808439 0.00676281
428.792 0.821637 0.00660292
429.152 0.818484 0.00639531
429.512 0.825743 0.00638527
429.872 0.823057 0.00638943
430.232 0.817825 0.00643362
430.592 0.829946 0.00667098
430.952 0.82534 0.00685069
431.312 0.816669 0.00696535
431.672 0.809632 0.0070768
432.032 0.810533 0.00708754
432.392 0.812072 0.0070422
432.752 0.798836 0.00666979
433.111 0.813447 0.00653155
433.471 0.817823 0.00658391
433.831 0.818916 0.00685416
434.19 0.805794 0.00682385
434.55 0.80011 0.00678778
434.91 0.805688 0.00690307
435.269 0.797556 0.00680854
435.629 0.79938 0.00678367
435.988 0.801718 0.00676971
436.348 0.797055 0.00679091
436.707 0.789188 0.00688006
437.066 0.789372 0.00688903
437.426 0.784181 0.00683107
437.785 0.788284 0.00680519
438.144 0.789033 0.00679632
438.503 0.789287 0.00686185
438.862 0.786034 0.00687107
439.222 0.775901 0.00685969
439.581 0.777989 0.00693177
439.94 0.770988 0.00687585
440.299 0.776156 0.00665996
440.658 0.757378 0.00635491
441.017 0.764884 0.00636069
441.376 0.770086 0.00643714
441.734 0.768777 0.00651822
442.093 0.768742 0.00653686
442.452 0.758236 0.0064508
442.811 0.763612 0.00642237
443.169 0.755557 0.00640751
443.528 0.763604 0.00653685
443.887 0.756309 0.00653221
444.245 0.754347 0.00652539
444.604 0.765251 0.00665958
444.962 0.757733 0.00667174
445.321 0.744269 0.00660109
445.679 0.75045 0.00660054
446.038 0.761241 0.00661789
446.396 0.755114 0.00665581
446.754 0.749199 0.00672996
447.112 0.755737 0.00677851
447.471 0.754841 0.00683762
447.829 0.752293 0.00685525
448.187 0.747853 0.00681023
448.545 0.756389 0.00683892
448.903 0.743311 0.00679324
449.261 0.751093 0.00684777
449.619 0.757342 0.00692878
449.977 0.757996 0.00694696
450.335 0.75064 0.00698662
450.693 0.754164 0.00703565
451.051 0.749214 0.0070346
451.409 0.753873 0.0070334
451.766 0.761347 0.00712167
452.124 0.762254 0.00720568
452.482 0.760796 0.00725221
452.839 0.753272 0.00726317
453.197 0.767896 0.00742212
453.555 0.768966 0.00743953
453.912 0.771318 0.00749362
454.27 0.75394 0.00724651
454.627 0.777075 0.00729847
454.984 0.766899 0.00721275
455.342 0.783935 0.00739774
455.699 0.773644 0.00741226
456.056 0.766443 0.00739139
456.414 0.772216 0.00732247
456.771 0.778706 0.00727744
457.128 0.785124 0.00725842
457.485 0.775165 0.00713604
457.842 0.781568 0.00720828
458.199 0.794075 0.00727979
458.556 0.785699 0.00717351
458.913 0.789565 0.00721322
459.27 0.789857 0.00715482
459.627 0.802941 0.00728193
459.984 0.79034 0.00719578
460.341 0.805291 0.00728152
460.697 0.808638 0.00737225
461.054 0.809752 0.00755556
461.411 0.807171 0.00770799
461.767 0.803093 0.00778308
462.124 0.807701 0.00785257
462.481 0.805651 0.00772072
462.837 0.815202 0.00766086
463.194 0.810669 0.00746929
463.55 0.811677 0.00751382
463.907 0.805319 0.00730668
464.263 0.816985 0.0072555
464.619 0.819244 0.00715493
464.976 0.816531 0.00701274
465.332 0.827358 0.00703759
465.688 0.827253 0.00716467
466.044 0.828363 0.007459
466.4 0.840417 0.00768524
466.756 0.831848 0.00771142
467.112 0.82458 0.00765204
467.468 0.838686 0.0077531
467.824 0.817247 0.00764153
468.18 0.83508 0.00785593
468.536 0.828038 0.00786186
468.892 0.825475 0.00792849
469.248 0.828912 0.00798156
469.604 0.826304 0.00803749
469.959 0.833924 0.00811004
470.315 0.827156 0.0080361
470.671 0.835213 0.00808508
471.026 0.823416 0.00796537
471.382 0.82421 0.00790577
471.737 0.824856 0.00783022
472.093 0.825935 0.00772995
472.448 0.823955 0.00760756
472.804 0.822017 0.00746936
473.159 0.828053 0.00746476
473.514 0.824882 0.00745775
473.87 0.816541 0.00734654
474.225 0.814694 0.00713915
474.58 0.81466 0.00698199
474.935 0.82501 0.00703355
475.29 0.830923 0.00715037
475.645 0.825357 0.00717312
476 0.818925 0.00714639
476.355 0.820816 0.00722365
476.71 0.808944 0.00719108
477.065 0.815085 0.00707554
477.42 0.809243 0.00689062
477.775 0.829126 0.0069866
478.13 0.81018 0.00691202
478.485 0.812008 0.00691479
478.839 0.813212 0.00687892
479.194 0.806953 0.0066811
479.549 0.804564 0.00652978
479.903 0.815884 0.00658583
480.258 0.806941 0.00664995
480.612 0.797731 0.00650263
480.967 0.796073 0.00636701
481.321 0.807353 0.00637467
481.675 0.805225 0.00648051
482.03 0.803722 0.00660767
482.384 0.795898 0.00660563
482.738 0.793204 0.00655865
483.093 0.794329 0.00653795
483.447 0.785193 0.00633911
483.801 0.783014 0.00616897
484.155 0.794299 0.00611943
484.509 0.730002 0.00545026
484.863 0.701555 0.00358762
485.217 0.786484 0.00333012
485.571 0.809843 0.00334292
485.925 0.850021 0.00417231
486.279 0.801392 0.00482738
486.632 0.785674 0.00522023
486.986 0.797618 0.00570984
487.34 0.792431 0.00611268
487.694 0.778822 0.00627549
488.047 0.767884 0.00630497
488.401 0.771832 0.00631379
488.754 0.765127 0.00632563
489.108 0.771527 0.00643965
489.461 0.776336 0.00652581
489.815 0.764233 0.00655053
490.168 0.757876 0.00644622
490.522 0.765518 0.00645702
490.875 0.76332 0.00645619
491.228 0.760853 0.00647776
491.581 0.755811 0.00641624
491.935 0.765174 0.00647314
492.288 0.74896 0.00642482
492.641 0.757152 0.00642312
492.994 0.744078 0.00634935
493.347 0.745902 0.00631836
493.7 0.747025 0.00628987
494.053 0.748197 0.00631542
494.406 0.755569 0.00643032
494.759 0.754921 0.00657732
495.111 0.732033 0.00632325
495.464 0.732192 0.00605478
495.817 0.736716 0.00589902
496.169 0.763584 0.00616996
496.522 0.754148 0.00637109
496.875 0.742937 0.00656168
497.227 0.742537 0.00660825
497.58 0.743121 0.00665269
497.932 0.744328 0.00660069
498.285 0.743256 0.00654962
498.637 0.737004 0.00637107
498.989 0.737849 0.00628282
499.342 0.743705 0.00631075
499.694 0.743787 0.00643804
500.046 0.749053 0.00657625
500.398 0.733115 0.00635091
500.751 0.733109 0.00624132
501.103 0.738389 0.00627979
501.455 0.745105 0.00629582
501.807 0.738394 0.00627824
502.159 0.74977 0.00632711
502.511 0.742049 0.00630465
502.862 0.755079 0.00637385
503.214 0.752324 0.00644348
503.566 0.756578 0.00657898
503.918 0.748134 0.00662841
504.27 0.744559 0.00659414
504.621 0.75464 0.00664372
504.973 0.754884 0.00670971
505.324 0.746255 0.00664837
505.676 0.750323 0.00654911
506.027 0.750947 0.00652161
506.379 0.773964 0.00682983
506.73 0.761228 0.00692175
507.082 0.751869 0.0068179
507.433 0.757031 0.006741
507.784 0.776753 0.00678136
508.136 0.769744 0.00683718
508.487 0.774382 0.00688795
508.838 0.763228 0.00693387
509.189 0.777117 0.00700113
509.54 0.769365 0.00688666
509.891 0.784023 0.00702424
510.242 0.7722 0.00694803
510.593 0.776955 0.00701606
510.944 0.777957 0.00707165
511.295 0.784951 0.00720963
511.646 0.791888 0.00736682
511.996 0.794097 0.00733821
512.347 0.792053 0.00727408
512.698 0.795794 0.00727487
513.049 0.785526 0.00724182
513.399 0.7995 0.00740736
513.75 0.800949 0.00738005
514.1 0.80308 0.00745609
514.451 0.804164 0.00765255
514.801 0.812614 0.00774991
515.152 0.801601 0.00759887
515.502 0.791979 0.00741562
515.852 0.806911 0.00741875
516.202 0.805148 0.00740698
516.553 0.814232 0.00753192
516.903 0.814185 0.0076436
517.253 0.815985 0.00777973
517.603 0.814431 0.00782407
517.953 0.808745 0.00771052
518.303 0.809245 0.00758723
518.653 0.810443 0.00747829
519.003 0.826743 0.00762033
519.353 0.837977 0.00792007
519.703 0.836123 0.00814478
520.052 0.820766 0.00808231
520.402 0.820466 0.00806062
520.752 0.830611 0.00802161
521.102 0.820068 0.00799942
521.451 0.826799 0.00815545
521.801 0.832161 0.00815966
522.15 0.827981 0.00808643
522.5 0.825072 0.00797399
522.849 0.835469 0.00804546
523.199 0.826084 0.00789555
523.548 0.84229 0.00795272
523.897 0.825045 0.00785577
524.246 0.837961 0.00807804
524.596 0.842125 0.00823117
524.945 0.824766 0.00808953
525.294 0.835431 0.00813373
525.643 0.837991 0.00815451
525.992 0.839673 0.0081446
526.341 0.837702 0.00807153
526.69 0.841507 0.00817179
527.039 0.840886 0.00824118
527.388 0.832283 0.00824713
527.737 0.817492 0.00795677
528.086 0.832408 0.00777726
528.434 0.82836 0.00759732
528.783 0.843016 0.00776216
529.132 0.83567 0.00788862
529.48 0.835341 0.00801761
529.829 0.846051 0.00815487
530.177 0.837642 0.00816551
530.526 0.837519 0.00821926
530.874 0.834023 0.00811746
531.223 0.823197 0.00804734
531.571 0.82163 0.00803613
531.919 0.828495 0.00809125
532.268 0.821025 0.00784592
532.616 0.817249 0.00756622
532.964 0.827785 0.00746846
533.312 0.832114 0.00750736
533.66 0.822353 0.00746138
534.008 0.824033 0.00744332
534.356 0.820249 0.00741448
534.704 0.835347 0.00755703
535.052 0.822382 0.0075665
535.4 0.820908 0.00771915
535.748 0.835144 0.00799534
536.095 0.820861 0.00812905
536.443 0.820435 0.00816463
536.791 0.806484 0.00796418
537.139 0.809039 0.00777866
537.486 0.80995 0.00762483
537.834 0.807549 0.00753318
538.181 0.813561 0.00753159
538.529 0.811331 0.0075227
538.876 0.817747 0.00756722
539.223 0.812195 0.00762202
539.571 0.811237 0.00777916
539.918 0.805379 0.0077462
540.265 0.796201 0.00756981
540.613 0.804936 0.00750054
540.96 0.801462 0.00753544
541.307 0.797229 0.00754093
541.654 0.803929 0.00761989
542.001 0.797021 0.00753383
542.348 0.790595 0.00751738
542.695 0.794079 0.00754289
543.042 0.781641 0.00737576
543.388 0.790295 0.00733739
543.735 0.785751 0.00728394
544.082 0.785657 0.00728401
544.429 0.79118 0.00731694
544.775 0.797396 0.00749655
545.122 0.792972 0.00769327
545.469 0.783817 0.00780437
545.815 0.783039 0.00779109
546.162 0.781037 0.00772443
546.508 0.77173 0.00751753
546.854 0.782781 0.0073679
547.201 0.765552 0.00696237
547.547 0.775635 0.00693607
547.893 0.774624 0.00703827
548.24 0.785388 0.00739843
548.586 0.781219 0.00778561
548.932 0.768282 0.00783256
549.278 0.785869 0.00801037
549.624 0.760504 0.00777549
549.97 0.776592 0.00794296
550.316 0.780925 0.00814151
550.662 0.765046 0.0081151
551.008 0.748526 0.00776238
551.353 0.760659 0.00738491
551.699 0.756419 0.00708817
552.045 0.767385 0.00728966
552.391 0.765737 0.00747453
552.736 0.756458 0.00747053
553.082 0.753949 0.00748727
553.427 0.763782 0.00761996
553.773 0.767443 0.00790219
554.118 0.747547 0.00788228
554.464 0.746239 0.00766489
554.809 0.735697 0.0073394
555.154 0.748179 0.0072257
555.5 0.751918 0.00729323
555.845 0.758351 0.00753251
556.19 0.749217 0.00765947
556.535 0.748041 0.00786902
556.88 0.73933 0.00776169
557.225 0.745663 0.00774169
557.57 0.743074 0.00781722
557.915 0.755729 0.00812221
558.26 0.734369 0.00809237
558.605 0.743835 0.00817201
558.95 0.739789 0.00801825
559.295 0.722315 0.00753616
559.639 0.727173 0.00724496
559.984 0.734675 0.00702906
560.329 0.735996 0.00695574
560.673 0.749346 0.00703584
561.018 0.743379 0.00717815
561.362 0.743571 0.00734601
561.707 0.738418 0.0075133
562.051 0.734693 0.00743155
562.395 0.731716 0.00738809
562.74 0.736877 0.00724637
563.084 0.73059 0.00710271
563.428 0.729484 0.00693758
563.772 0.74355 0.0070335
564.117 0.725145 0.00689742
564.461 0.737029 0.00692081
564.805 0.738123 0.00700016
565.149 0.732514 0.00694696
565.493 0.734034 0.00693358
565.836 0.73328 0.00683149
566.18 0.727844 0.00672742
566.524 0.718614 0.00628051
566.868 0.73445 0.00613178
567.212 0.741083 0.00604296
567.555 0.725533 0.0059063
567.899 0.725115 0.00567125
568.242 0.726889 0.00543682
568.586 0.71948 0.00509351
568.929 0.713987 0.00474706
569.273 0.729235 0.00451634
569.616 0.740833 0.00449523
569.96 0.729512 0.00440339
570.303 0.730653 0.00427458
570.646 0.741637 0.00424096
570.989 0.73432 0.00410447
571.333 0.753663 0.00415531
571.676 0.754953 0.00427939
572.019 0.75921 0.00465034
572.362 0.728515 0.00442433
572.705 0.730165 0.00411042
573.048 0.742874 0.0039171
573.391 0.749895 0.00380832
573.733 0.750135 0.00372409
574.076 0.750609 0.00368411
574.419 0.762762 0.00377001
574.762 0.769621 0.00398696
575.104 0.776944 0.00426805
575.447 0.755078 0.00427465
575.789 0.747954 0.00403082
576.132 0.753601 0.00377711
576.474 0.75882 0.00376647
576.817 0.753499 0.00349479
577.159 0.768062 0.00332884
577.501 0.79021 0.0033343
577.844 0.804524 0.00354848
578.186 0.804045 0.00395464
578.528 0.780207 0.00413782
578.87 0.77729 0.00415289
579.212 0.764357 0.00403507
579.554 0.776377 0.0039001
579.896 0.782596 0.00394482
580.238 0.769123 0.00377394
580.58 0.770021 0.00331387
580.922 0.828198 0.00330588
581.264 0.901267 0.00344855
581.606 0.825533 0.0033214
581.947 0.823128 0.0035075
582.289 0.827457 0.00386579
582.631 0.825314 0.00429149
582.972 0.806262 0.00456636
583.314 0.794551 0.00455249
583.655 0.789356 0.00444311
583.997 0.7744 0.00405608
584.338 0.787165 0.0037661
584.679 0.796839 0.00361563
585.021 0.819969 0.00369485
585.362 0.823788 0.0039637
585.703 0.831392 0.00427921
586.044 0.802973 0.00432135
586.385 0.796411 0.00409409
586.726 0.797676 0.00389632
587.067 0.83264 0.00405495
587.408 0.826542 0.0042769
587.749 0.832791 0.00449537
588.09 0.83213 0.00469117
588.431 0.831954 0.00493163
588.772 0.831657 0.0051895
589.113 0.813745 0.00508025
589.453 0.823892 0.00508784
589.794 0.834485 0.00522681
590.134 0.840411 0.00550765
590.475 0.824166 0.00563048
590.815 0.819391 0.00560255
591.156 0.836953 0.00565157
591.496 0.813087 0.00551804
591.837 0.783416 0.0046982
592.177 0.804776 0.00430302
592.517 0.823796 0.00408267
592.857 0.852191 0.00431127
593.198 0.852964 0.00456651
593.538 0.859032 0.00502573
593.878 0.846791 0.00525499
594.218 0.823714 0.00508008
594.558 0.825487 0.00486464
594.898 0.840173 0.00497387
595.237 0.85573 0.00528312
595.577 0.853228 0.0056333
595.917 0.84795 0.00594116
596.257 0.827629 0.00573967
596.596 0.822854 0.00556623
596.936 0.836662 0.00543766
597.276 0.851048 0.00568965
597.615 0.829703 0.00561685
597.955 0.802022 0.00496017
598.294 0.827885 0.00462475
598.633 0.844306 0.00461892
598.973 0.853045 0.00481973
599.312 0.835294 0.00479447
599.651 0.842817 0.00480665
599.991 0.849464 0.00495281
600.33 0.850295 0.00500827
600.669 0.848144 0.00515197
601.008 0.85454 0.00532598
601.347 0.846421 0.00552363
601.686 0.835097 0.00538314
602.025 0.837379 0.00538956
602.364 0.820834 0.00512153
602.702 0.838517 0.00507934
603.041 0.836961 0.00504979
603.38 0.841814 0.00525112
603.719 0.859228 0.00557162
604.057 0.840841 0.00570885
604.396 0.830965 0.00568012
604.734 0.82507 0.00552502
605.073 0.814517 0.00501369
605.411 0.835934 0.00508167
605.75 0.840867 0.00519851
606.088 0.848669 0.00555008
606.426 0.825526 0.00540976
606.764 0.832351 0.00534067
607.103 0.838624 0.00542722
607.441 0.836461 0.00566107
607.779 0.835969 0.00582192
608.117 0.82865 0.00576799
608.455 0.843419 0.00598837
608.793 0.822213 0.0060744
609.131 0.812532 0.00571352
609.469 0.814109 0.00550985
609.806 0.830245 0.00554383
610.144 0.842879 0.00599437
610.482 0.827221 0.00611272
610.819 0.827081 0.00607644
611.157 0.823262 0.00608329
611.495 0.833852 0.00632029
611.832 0.825489 0.00636262
612.17 0.816747 0.00628353
612.507 0.820168 0.00621339
612.844 0.814644 0.00624162
613.182 0.821109 0.00629977
613.519 0.808201 0.00621451
613.856 0.8137 0.00619558
614.193 0.805043 0.00614147
614.53 0.81412 0.00602981
614.867 0.810674 0.0059347
615.205 0.827039 0.00630057
615.541 0.823188 0.00648278
615.878 0.807564 0.00672782
616.215 0.802781 0.00671584
616.552 0.812992 0.00679283
616.889 0.797988 0.00663004
617.226 0.805892 0.00654152
617.562 0.807341 0.00666329
617.899 0.813133 0.0070907
618.235 0.819316 0.00751533
618.572 0.798114 0.00774056
618.908 0.791183 0.00756513
619.245 0.787885 0.00721752
619.581 0.788028 0.00702655
619.918 0.822514 0.00757079
620.254 0.825371 0.00855716
620.59 0.792212 0.00876158
620.926 0.772499 0.00818822
621.262 0.789744 0.00782502
621.599 0.798611 0.0077245
621.935 0.786195 0.00769876
622.271 0.783514 0.00740482
622.606 0.78145 0.00717502
622.942 0.792768 0.00731503
623.278 0.789361 0.00758323
623.614 0.766223 0.00718563
623.95 0.782755 0.00714663
624.285 0.770021 0.00717032
624.621 0.794469 0.00766766
624.957 0.780422 0.0078811
625.292 0.779438 0.00805185
625.628 0.779087 0.00836178
625.963 0.762625 0.00838028
626.299 0.769194 0.00826668
626.634 0.763097 0.00809067
626.969 0.7793 0.00827086
627.304 0.783687 0.00883282
627.64 0.772254 0.00946634
627.975 0.764396 0.00946184
628.31 0.750101 0.00893408
628.645 0.765008 0.00866596
628.98 0.764003 0.00880706
629.315 0.758638 0.00888899
629.65 0.743098 0.00888345
629.985 0.755883 0.00896832
630.319 0.77273 0.00943124
630.654 0.754802 0.00948723
630.989 0.753985 0.00942171
631.323 0.750518 0.00958304
631.658 0.757319 0.00990596
631.993 0.746324 0.0102904
632.327 0.74383 0.0103651
632.662 0.738534 0.0103068
632.996 0.747209 0.0102276
633.33 0.756729 0.0101977
633.665 0.76082 0.0104025
633.999 0.748255 0.0106001
634.333 0.761418 0.0108327
634.667 0.739761 0.0106847
635.001 0.73922 0.0103793
635.335 0.712933 0.00988237
635.669 0.724194 0.00955686
636.003 0.74392 0.00969074
636.337 0.736409 0.0100214
636.671 0.746225 0.0105827
637.005 0.74296 0.0110027
637.339 0.740901 0.0110244
637.672 0.725028 0.0106237
638.006 0.730435 0.010389
638.339 0.730092 0.0103662
638.673 0.740599 0.0108033
639.006 0.73475 0.0110174
639.34 0.726199 0.0110671
639.673 0.725285 0.0111687
640.007 0.73886 0.0112885
640.34 0.726506 0.0112997
640.673 0.740428 0.0116536
641.006 0.739718 0.0117712
641.34 0.746863 0.0119201
641.673 0.738371 0.0121391
642.006 0.734316 0.012332
642.339 0.727929 0.0121365
642.672 0.73341 0.0120736
643.004 0.733484 0.0121259
643.337 0.727176 0.0123321
643.67 0.719866 0.0123864
644.003 0.712563 0.0121138
644.336 0.724804 0.0122909
644.668 0.721267 0.0122957
645.001 0.74421 0.0126429
645.333 0.733916 0.012742
645.666 0.732417 0.0130905
645.998 0.746616 0.0135474
646.331 0.728918 0.0133918
646.663 0.71377 0.013233
646.995 0.690382 0.0123728
647.327 0.706094 0.0116983
647.66 0.709353 0.0108879
647.992 0.705416 0.0105743
648.324 0.714999 0.0105507
648.656 0.709355 0.0106417
648.988 0.74465 0.0112542
649.32 0.733634 0.0118015
649.652 0.733371 0.0125041
649.983 0.720316 0.0127216
650.315 0.731749 0.0130104
650.647 0.716033 0.0126557
650.979 0.719473 0.012153
651.31 0.706874 0.0116009
651.642 0.715695 0.011247
651.973 0.718661 0.0112315
652.305 0.723811 0.0112637
652.636 0.71746 0.0112672
652.967 0.7302 0.0116841
653.299 0.725569 0.0118531
653.63 0.722541 0.011885
653.961 0.722245 0.0113137
654.292 0.648702 0.00896216
654.623 0.485757 0.00321758
654.955 0.898133 0.00342965
655.286 0.898078 0.00342944
655.616 0.898022 0.00342923
655.947 0.897966 0.00342901
656.278 0.897908 0.00342879
656.609 0.89785 0.00342857
656.94 0.75483 0.00395353
657.27 0.739277 0.00463597
657.601 0.740255 0.00531599
657.932 0.761413 0.00641226
658.262 0.780275 0.00792427
658.593 0.783844 0.00969475
658.923 0.783384 0.0115863
659.254 0.761907 0.0127281
659.584 0.745006 0.0135206
659.914 0.763901 0.0143243
660.244 0.743153 0.0146099
660.575 0.751597 0.0147838
660.905 0.738652 0.014658
661.235 0.750574 0.0145813
661.565 0.743313 0.0143392
661.895 0.762834 0.014489
662.225 0.757946 0.01465
662.555 0.765755 0.0148546
662.884 0.765575 0.0148419
663.214 0.755676 0.0144655
663.544 0.778363 0.0144839
663.873 0.76949 0.0143805
664.203 0.746359 0.0137351
664.533 0.770786 0.0138479
664.862 0.761805 0.0135672
665.192 0.794331 0.0141
665.521 0.792939 0.0147077
665.85 0.778169 0.0152062
666.18 0.784068 0.0158301
666.509 0.760686 0.0155322
666.838 0.782815 0.0156887
667.167 0.788139 0.0154811
667.496 0.801859 0.0156989
667.825 0.763003 0.0152343
668.154 0.773793 0.0153889
668.483 0.783849 0.0155145
668.812 0.781593 0.0151571
669.141 0.771762 0.0149294
669.47 0.773673 0.0145881
669.798 0.785197 0.0148039
670.127 0.807276 0.0153651
670.456 0.763878 0.0143474
670.784 0.771138 0.0129894
671.113 0.763096 0.0117835
671.441 0.767285 0.0110219
671.77 0.795074 0.0112773
672.098 0.805416 0.0117596
672.426 0.818691 0.0129825
672.755 0.79743 0.0137265
673.083 0.807879 0.0142462
673.411 0.811602 0.0143953
673.739 0.817584 0.0145416
674.067 0.800416 0.0148436
674.395 0.816642 0.0153683
674.723 0.789616 0.0146891
675.051 0.800964 0.0146316
675.379 0.819013 0.014849
675.706 0.810618 0.0147541
676.034 0.796154 0.0149161
676.362 0.804564 0.0152604
676.689 0.780094 0.0142661
677.017 0.783445 0.0132387
677.344 0.805697 0.0128476
677.672 0.826625 0.0130366
677.999 0.819636 0.0133753
678.327 0.804029 0.0130351
678.654 0.785027 0.0122011
678.981 0.808153 0.0120337
679.308 0.797844 0.011893
679.636 0.817887 0.0124872
679.963 0.839128 0.0132696
680.29 0.811875 0.0134438
680.617 0.822724 0.0132936
680.944 0.81819 0.0129994
681.271 0.823809 0.0131003
681.597 0.822234 0.0138501
681.924 0.823853 0.0148197
682.251 0.824955 0.0152183
682.578 0.80363 0.0143507
682.904 0.809583 0.0134917
683.231 0.806705 0.0128539
683.557 0.816961 0.0125813
683.884 0.818222 0.0123109
684.21 0.805914 0.0118356
684.536 0.813958 0.0114834
684.863 0.840382 0.0115266
685.189 0.83473 0.0115228
685.515 0.834957 0.0120281
685.841 0.842282 0.0125781
686.167 0.836033 0.0127203
686.493 0.823005 0.0123332
686.819 0.827523 0.0124341
687.145 0.850521 0.013043
687.471 0.84701 0.0139406
687.797 0.858388 0.0147448
688.123 0.806135 0.0141613
688.448 0.830276 0.0141496
688.774 0.833858 0.0136242
689.1 0.844472 0.013854
689.425 0.864125 0.014512
689.751 0.834213 0.0145494
690.076 0.824233 0.013965
690.402 0.819731 0.0129672
690.727 0.833799 0.0126132
691.052 0.844678 0.012839
691.377 0.850353 0.0133551
691.703 0.844548 0.013581
692.028 0.842192 0.0137783
692.353 0.835342 0.0133277
692.678 0.831311 0.0132882
693.003 0.839173 0.0135431
693.328 0.874821 0.014997
693.652 0.867018 0.0158325
693.977 0.849427 0.0155283
694.302 0.817963 0.014492
694.627 0.835796 0.0141124
694.951 0.853666 0.0147136
695.276 0.852317 0.0158706
695.6 0.822566 0.016325
695.925 0.825815 0.0148814
696.249 0.816662 0.0129539
696.574 0.819052 0.0119587
696.898 0.865671 0.0125682
697.222 0.846889 0.0131181
697.546 0.849835 0.013722
697.871 0.847181 0.0141376
698.195 0.856715 0.0143776
698.519 0.851496 0.01461
698.843 0.853737 0.0149748
699.167 0.849402 0.015498
699.491 0.841603 0.015974
699.814 0.862074 0.0165574
700.138 0.854109 0.0164412
700.462 0.82593 0.0163104
700.786 0.829959 0.0163741
701.109 0.82493 0.0159612
701.433 0.823896 0.0152862
701.756 0.823877 0.0148004
702.08 0.845165 0.0148948
702.403 0.843034 0.0150073
702.726 0.84391 0.0156295
703.05 0.838015 0.0160986
703.373 0.848567 0.0165245
703.696 0.838688 0.0164044
704.019 0.860669 0.0171297
704.342 0.853424 0.0175826
704.665 0.859766 0.0183035
704.988 0.84382 0.0183438
705.311 0.8282 0.017338
705.634 0.822525 0.015785
705.957 0.810579 0.0140085
706.28 0.816362 0.0129588
706.602 0.848314 0.012791
706.925 0.829262 0.012765
707.247 0.839777 0.0133314
707.57 0.843669 0.0139954
707.892 0.823949 0.0141693
708.215 0.852191 0.0150661
708.537 0.807799 0.0152704
708.859 0.838148 0.0158567
709.182 0.852772 0.0159064
709.504 0.819259 0.0150279
709.826 0.816967 0.0146971
710.148 0.844124 0.0150437
710.47 0.851244 0.0154879
710.792 0.827559 0.0157355
711.114 0.82571 0.0161915
711.436 0.82839 0.0167817
711.758 0.803869 0.0163258
712.079 0.795462 0.0160367
712.401 0.818451 0.015742
712.723 0.810615 0.0148969
713.044 0.810105 0.0141868
713.366 0.799223 0.0137153
713.687 0.805871 0.0137239
714.009 0.815587 0.0142888
714.33 0.826385 0.0146362
714.652 0.817639 0.0149954
714.973 0.846058 0.0157436
715.294 0.826105 0.0162632
715.615 0.834905 0.0173525
715.936 0.836706 0.0178238
716.257 0.826505 0.0180218
716.578 0.839428 0.0182723
716.899 0.834291 0.0179702
717.22 0.801577 0.0164355
717.541 0.810391 0.0160886
717.862 0.795333 0.0155728
718.182 0.795617 0.015816
718.503 0.806255 0.0154995
718.824 0.821338 0.0158476
719.144 0.820482 0.016028
719.465 0.812363 0.0163866
719.785 0.789169 0.0160217
720.105 0.781475 0.015496
720.426 0.8057 0.0155939
720.746 0.812647 0.015885
721.066 0.801732 0.0158513
721.386 0.811261 0.0161322
721.706 0.805762 0.0165136
722.026 0.805598 0.0167075
722.346 0.807267 0.0170305
722.666 0.795601 0.0167802
722.986 0.797866 0.0164515
723.306 0.806306 0.0165943
723.626 0.807494 0.0169169
723.946 0.795439 0.0168121
724.265 0.774272 0.0159034
724.585 0.787433 0.0152153
724.904 0.780223 0.0147174
725.224 0.80988 0.0151266
725.543 0.797187 0.0149861
725.863 0.783074 0.0148734
726.182 0.780187 0.01522
726.501 0.795838 0.0159869
726.82 0.800294 0.0161649
727.14 0.773396 0.0153093
727.459 0.78743 0.0151054
727.778 0.773825 0.0147402
728.097 0.791239 0.0151097
728.416 0.761668 0.0146334
728.734 0.78853 0.0145383
729.053 0.773289 0.014165
729.372 0.780781 0.0142239
729.691 0.757402 0.0137282
730.009 0.754263 0.0129562
730.328 0.771304 0.012689
730.647 0.787901 0.0127745
730.965 0.778032 0.0130034
731.283 0.785871 0.0135848
731.602 0.768374 0.0137814
731.92 0.773 0.0137178
732.238 0.766775 0.0132993
732.557 0.749367 0.0128104
732.875 0.755304 0.0128071
733.193 0.749025 0.0120695
733.511 0.752271 0.0116344
733.829 0.759745 0.0117958
734.147 0.768121 0.0125968
734.465 0.764117 0.0133036
734.782 0.749763 0.013171
735.1 0.766532 0.0131479
735.418 0.749033 0.0128664
735.735 0.746085 0.0127573
736.053 0.760363 0.0129571
736.371 0.742271 0.0127564
736.688 0.751899 0.013203
737.005 0.772757 0.0141854
737.323 0.75377 0.0147062
737.64 0.75635 0.0149412
737.957 0.730971 0.014199
738.274 0.706667 0.0127162
738.592 0.737679 0.0124181
738.909 0.753134 0.0126959
739.226 0.769274 0.0139071
739.543 0.747282 0.0147971
739.86 0.752983 0.0155663
740.176 0.758946 0.0162825
740.493 0.758542 0.0170186
740.81 0.772052 0.0174269
741.127 0.715167 0.0163934
741.443 0.746399 0.0162175
741.76 0.753098 0.0155193
742.076 0.724811 0.0151424
742.393 0.743209 0.0158701
742.709 0.739701 0.0167657
743.025 0.742071 0.0174793
743.342 0.739115 0.0172556
743.658 0.724586 0.0168248
743.974 0.75146 0.0167824
744.29 0.743429 0.0163843
744.606 0.724757 0.0164836
744.922 0.731482 0.016704
745.238 0.730612 0.0167133
745.554 0.754964 0.0172728
745.87 0.739114 0.0172478
746.186 0.738417 0.0168258
746.501 0.727562 0.0160977
746.817 0.722859 0.0159181
747.132 0.743515 0.0171084
747.448 0.738021 0.0179422
747.763 0.736352 0.0180209
748.079 0.687186 0.016798
748.394 0.706155 0.0158211
748.71 0.703919 0.014747
749.025 0.70272 0.0137232
749.34 0.700987 0.0134132
749.655 0.708708 0.0135733
749.97 0.736958 0.0143903
750.285 0.708804 0.0143138
750.6 0.715551 0.0142306
750.915 0.680839 0.0133621
751.23 0.728664 0.0139512
751.545 0.711134 0.0141861
751.859 0.704057 0.0148076
752.174 0.720752 0.0155306
752.489 0.698778 0.0145059
752.803 0.707029 0.0137827
753.118 0.699682 0.0134207
753.432 0.71268 0.0138322
753.747 0.721928 0.0145444
754.061 0.698403 0.0140406
754.375 0.680135 0.0132474
754.689 0.697347 0.0130248
755.004 0.690133 0.0127312
755.318 0.679559 0.0124745
755.632 0.671969 0.0119033
755.946 0.703485 0.0118617
756.26 0.669291 0.0111715
756.573 0.677291 0.0106039
756.887 0.658962 0.0101513
757.201 0.677461 0.0103237
757.515 0.702104 0.011364
757.828 0.700876 0.0122473
758.142 0.666274 0.0120852
758.455 0.658578 0.0112863
758.769 0.667201 0.0107276
759.082 0.670301 0.0105534
759.396 0.671496 0.0103226
759.709 0.67166 0.0102283
760.022 0.686572 0.0102844
760.335 0.685734 0.0107346
760.648 0.686416 0.0114279
760.962 0.687237 0.0123045
761.275 0.686184 0.0130474
761.587 0.689591 0.0133966
761.9 0.697427 0.0135686
762.213 0.673055 0.0129257
762.526 0.680742 0.0125229
762.839 0.680754 0.0124677
763.151 0.674488 0.0121028
763.464 0.662126 0.01138
763.776 0.661179 0.0106337
764.089 0.656741 0.0101517
764.401 0.675594 0.0105724
764.714 0.680563 0.0111593
765.026 0.692055 0.0119876
765.338 0.684172 0.0126627
765.65 0.696638 0.0138303
765.962 0.696737 0.0145682
766.275 0.687721 0.0150855
766.587 0.705674 0.0154835
766.898 0.65182 0.0144811
767.21 0.674809 0.0141063
767.522 0.663418 0.0128854
767.834 0.680162 0.0124101
768.146 0.679074 0.0124358
768.457 0.710559 0.0132134
768.769 0.683441 0.0136728
769.08 0.676745 0.0139491
769.392 0.663705 0.0134
769.703 0.659486 0.01266
770.015 0.661915 0.0121653
770.326 0.694648 0.0123722
770.637 0.702895 0.0128296
770.948 0.700977 0.0136863
771.26 0.687854 0.0145077
771.571 0.692049 0.014802
771.882 0.703196 0.0148975
772.193 0.676462 0.0142692
772.504 0.687654 0.014601
772.814 0.691308 0.0152233
773.125 0.706788 0.0156275
773.436 0.705319 0.0159682
773.747 0.717177 0.0166402
774.057 0.715442 0.0170726
774.368 0.684471 0.0167596
774.678 0.713522 0.0175238
774.989 0.693754 0.0177691
775.299 0.741186 0.0188667
775.609 0.726971 0.0186956
775.919 0.71181 0.0182989
776.23 0.72103 0.0182026
776.54 0.718924 0.0184613
776.85 0.71539 0.0182597
777.16 0.711368 0.0180913
777.47 0.703044 0.0171943
777.78 0.707724 0.0162561
778.089 0.683897 0.0150947
778.399 0.703964 0.0152735
778.709 0.697241 0.0155093
779.019 0.706851 0.0165099
779.328 0.730798 0.0178671
779.638 0.714767 0.0177468
779.947 0.680626 0.0162289
780.257 0.678796 0.0146021
780.566 0.707269 0.0142046
780.875 0.704678 0.0142192
781.185 0.709573 0.0149954
781.494 0.726504 0.0157481
781.803 0.698091 0.0155368
782.112 0.700606 0.015985
782.421 0.723512 0.0161292
782.73 0.717985 0.015741
783.039 0.727556 0.0158748
783.348 0.714458 0.0165105
783.656 0.747325 0.0183602
783.965 0.721841 0.0182982
784.274 0.718276 0.0178615
784.582 0.732368 0.0174516
784.891 0.707459 0.0168287
785.199 0.733084 0.0172436
785.508 0.749156 0.0181175
785.816 0.730036 0.0181949
786.124 0.735572 0.0182444
786.432 0.72048 0.0169341
786.741 0.739903 0.0165266
787.049 0.739703 0.0163242
787.357 0.721669 0.0160881
787.665 0.707024 0.0158472
787.973 0.726748 0.0162237
788.281 0.74036 0.0168945
788.588 0.73775 0.0175493
788.896 0.735835 0.0185863
789.204 0.738645 0.0192066
789.511 0.766823 0.0199092
789.819 0.724921 0.0194481
790.126 0.724174 0.0195867
790.434 0.727114 0.019772
790.741 0.745022 0.0201754
791.049 0.741749 0.0198715
791.356 0.765215 0.0207222
791.663 0.756525 0.0216546
791.97 0.727991 0.0208139
792.277 0.839306 0.0230777
792.584 0.735797 0.0200873
792.891 0.699777 0.0172181
793.198 0.720181 0.0160749
793.505 0.753014 0.0160008
793.812 0.746752 0.0161116
794.119 0.755914 0.016691
794.425 0.741029 0.0168391
794.732 0.768902 0.0179022
795.038 0.819043 0.0204702
795.345 0.774011 0.0214052
795.651 0.76819 0.0225129
795.958 0.777081 0.0229345
796.264 0.768854 0.0219571
796.57 0.771498 0.0207606
796.876 0.759716 0.0200723
797.183 0.781394 0.0208499
797.489 0.78835 0.0217599
797.795 0.775919 0.0217878
798.101 0.787531 0.0222074
798.406 0.777454 0.0218599
798.712 0.789134 0.0222875
799.018 0.772457 0.0228316
799.324 0.767063 0.0229385
799.629 0.78875 0.0234869
799.935 0.788827 0.0235303
800.24 0.80495 0.0239395
800.546 0.780265 0.0233687
800.851 0.83268 0.0251746
801.157 0.767553 0.0245008
801.462 0.827768 0.0258293
801.767 0.797756 0.0256349
802.072 0.744306 0.0238342
802.377 0.780104 0.023579
802.682 0.763088 0.0227398
802.987 0.795211 0.0233216
803.292 0.845143 0.0254016
803.597 0.814867 0.0253505
803.902 0.80153 0.0252331
804.207 0.774399 0.024098
804.511 0.777731 0.023734
804.816 0.751632 0.0226256
805.12 0.739761 0.020865
805.425 0.781809 0.0201356
805.729 0.79448 0.0201758
806.034 0.78939 0.0207311
806.338 0.824284 0.0219856
806.642 0.794466 0.0224784
806.946 0.793002 0.0224017
807.251 0.776918 0.0221823
807.555 0.809991 0.0225655
807.859 0.797916 0.0222194
808.162 0.80713 0.0224516
808.466 0.821823 0.0235399
808.77 0.763459 0.0231894
809.074 0.790821 0.0241525
809.378 0.810383 0.0249605
809.681 0.841277 0.0259191
809.985 0.824561 0.0255203
810.288 0.78581 0.0245538
810.592 0.846749 0.0263566
810.895 0.800766 0.0257766
811.198 0.786903 0.0260239
811.502 0.855344 0.0289001
811.805 0.809054 0.0276497
812.108 0.827871 0.0286346
812.411 0.81159 0.0269822
812.714 0.776258 0.0239094
813.017 0.793174 0.0228727
813.32 0.779432 0.0226249
813.623 0.785917 0.0229714
813.926 0.835515 0.0259363
814.228 0.845816 0.0271634
814.531 0.853353 0.0280918
814.833 0.791897 0.0273535
815.136 0.803387 0.0276112
815.438 0.817693 0.0284658
815.741 0.844362 0.0285659
816.043 0.840562 0.0280857
816.345 0.788981 0.0261898
816.648 0.811289 0.0267643
816.95 0.860117 0.0279412
817.252 0.838708 0.0282472
817.554 0.796506 0.0275965
817.856 0.835432 0.0288961
818.158 0.839553 0.0297087
818.46 0.851696 0.0306189
818.761 0.838828 0.0298098
819.063 0.805464 0.0291707
819.365 0.817962 0.0290063
819.666 0.785487 0.0267913
819.968 0.842358 0.0268425
820.269 0.81895 0.0253808
820.571 0.828869 0.0262332
820.872 0.829225 0.0271568
821.173 0.860447 0.028832
821.475 0.808804 0.02853
821.776 0.782915 0.0283434
822.077 0.811451 0.029003
822.378 0.775907 0.0278536
822.679 0.783302 0.0287325
822.98 0.837386 0.030226
823.281 0.850658 0.0310501
823.581 0.857144 0.030962
823.882 0.915022 0.0326461
824.183 0.85287 0.0307172
824.483 0.837587 0.0298191
824.784 0.800035 0.0275051
825.084 0.805903 0.0278936
825.385 0.800255 0.0273579
825.685 0.836069 0.0290066
825.985 0.846763 0.030017
826.286 0.862409 0.0301466
826.586 0.80677 0.0281628
826.886 0.829895 0.0284088
827.186 0.787951 0.0273186
827.486 0.815136 0.0288651
827.786 0.836682 0.0302788
828.086 0.871032 0.0312684
828.386 0.844312 0.0297199
828.685 0.807729 0.0290595
828.985 0.92732 0.0322052
829.285 0.839364 0.0307422
829.584 0.813492 0.0304003
829.884 0.866584 0.0323587
830.183 0.820923 0.0317228
830.482 0.849258 0.0335194
830.782 0.822345 0.0332901
831.081 0.920369 0.0372582
831.38 0.851536 0.0350795
831.679 0.78043 0.0312612
831.978 0.813099 0.0318958
832.277 0.821698 0.0314617
832.576 0.839659 0.0321494
832.875 0.911481 0.0337569
833.174 0.830121 0.0315109
833.472 0.863495 0.0332697
833.771 0.852274 0.0323256
834.07 0.869238 0.0319577
834.368 0.818917 0.0312003
834.667 0.876734 0.0329464
834.965 0.843166 0.0329465
835.263 0.854755 0.0334427
835.562 0.828709 0.032622
835.86 0.829356 0.0326906
836.158 0.83827 0.0338718
836.456 0.923926 0.0372984
836.754 0.7639 0.0320766
837.052 0.872922 0.0352231
837.35 0.798385 0.0331783
837.648 0.975837 0.0384307
837.946 0.866564 0.0349665
838.243 0.886316 0.0363034
838.541 0.822808 0.0347591
838.839 0.809799 0.0330908
839.136 0.87394 0.0350548
839.434 0.889821 0.0353079
839.731 0.751727 0.0314555
840.028 0.919992 0.0371224
840.326 0.860722 0.0343994
840.623 0.908419 0.0362892
840.92 0.845928 0.0352229
841.217 0.879898 0.0374564
841.514 0.875629 0.0363704
841.811 0.834702 0.0349275
842.108 0.826977 0.034953
842.405 0.824647 0.0352677
842.701 0.815937 0.0339576
842.998 0.863391 0.0362542
843.295 0.740051 0.0329949
843.591 0.816543 0.0354583
843.888 0.862079 0.036363
844.184 0.841642 0.0364316
844.481 0.833489 0.0353538
844.777 0.894072 0.0382764
845.073 0.839225 0.0365215
845.369 0.838765 0.0356686
845.665 0.815863 0.0360913
845.962 0.825683 0.0360293
846.258 0.887332 0.0380472
846.553 0.885433 0.0386571
846.849 0.834095 0.0362787
847.145 0.868993 0.0364167
847.441 0.842595 0.0363762
847.737 0.904648 0.0387897
848.032 0.87731 0.036638
848.328 0.831441 0.0357065
848.623 0.973149 0.0423268
848.919 0.816081 0.0366964
849.214 0.851448 0.036778
849.509 0.875478 0.0381814
849.805 0.885967 0.0374841
850.1 0.806662 0.0364193
850.395 0.898971 0.039462
850.69 0.891973 0.0390908
850.985 0.802552 0.0353068
851.28 0.853261 0.0371324
851.575 0.78592 0.034981
851.869 0.848642 0.0365025
852.164 0.856249 0.0361171
852.459 0.804779 0.033609
852.753 0.816779 0.0331261
853.048 0.872286 0.033496
853.342 0.812906 0.0310863
853.637 0.843647 0.0323557
853.931 0.841697 0.032308
854.225 0.844961 0.0326517
854.52 0.811295 0.0320635
854.814 0.878683 0.0342604
855.108 0.982965 0.0378568
855.402 0.88648 0.0350969
855.696 0.903896 0.0362397
855.99 0.856472 0.0350478
856.283 0.869616 0.0351547
856.577 0.805268 0.0336459
856.871 0.826092 0.0337885
857.164 0.880848 0.0358754
857.458 0.866775 0.0364694
857.751 0.831571 0.0348139
858.045 0.862378 0.0371912
858.338 0.816478 0.0346676
858.632 0.793366 0.0357158
858.925 0.838414 0.0366043
859.218 0.883079 0.037747
859.511 0.830072 0.0362401
859.804 0.873379 0.0380898
860.097 0.76708 0.0344731
860.39 0.846718 0.0372498
860.683 0.891863 0.0377336
860.976 0.897161 0.0390218
861.268 0.827003 0.0370812
861.561 0.851746 0.0375744
861.854 0.877318 0.0382824
862.146 0.876613 0.0386929
862.439 0.818273 0.0365443
862.731 0.853392 0.0375231
863.023 0.842822 0.0364438
863.316 0.885368 0.037963
863.608 0.792173 0.034056
863.9 0.991104 0.0417005
864.192 0.883081 0.0379242
864.484 0.93835 0.0398627
864.776 0.783557 0.0350333
865.068 0.83056 0.0377391
865.36 0.859356 0.0378475
865.651 0.907836 0.0389672
865.943 0.92259 0.040236
866.235 0.84527 0.0377926
866.526 0.838199 0.0384026
866.818 0.875304 0.0389155
867.109 0.928256 0.0403742
867.4 0.896114 0.0383839
867.692 0.843749 0.0374287
867.983 0.816965 0.036715
868.274 0.859562 0.0373064
868.565 0.81332 0.0366986
868.856 0.853048 0.038271
869.147 0.828129 0.0372382
869.438 0.940857 0.0417364
869.729 0.953002 0.0418337
870.02 0.877095 0.0396681
870.31 0.945128 0.0410863
870.601 0.839777 0.037315
870.892 0.869673 0.0389058
871.182 0.913278 0.0404228
871.473 0.845454 0.0377153
871.763 0.918169 0.040283
872.053 0.882134 0.0389795
872.343 0.828988 0.0372554
872.634 0.930454 0.0412518
872.924 0.952019 0.0428338
873.214 0.89582 0.0396722
873.504 0.851601 0.039063
873.794 0.908868 0.0398098
874.084 0.862869 0.0384059
874.373 0.913701 0.0408293
874.663 0.768946 0.036123
874.953 0.886156 0.0404553
875.242 0.880031 0.0397318
875.532 0.834145 0.0375516
875.821 0.924763 0.0410225
876.111 0.870764 0.0386488
876.4 0.8096 0.0365308
876.689 0.870471 0.0380039
876.978 0.890874 0.0393876
877.268 0.848702 0.0383616
877.557 0.917628 0.0398479
877.846 0.870568 0.0390346
878.134 0.905702 0.0408434
878.423 0.905869 0.0408509
878.712 0.906036 0.0408585
