178.41 0.794361 0.138807
178.791 0.799391 0.139686
179.172 0.804385 0.140559
179.553 0.765126 0.765126
179.934 0.373943 0.373943
180.316 0.394209 0.394209
180.697 0.85784 0.85784
181.078 0.598581 0.598581
181.459 0.404398 0.404398
181.84 0.640491 0.640491
182.221 3.89727 3.89727
182.602 -0.355725 -0.355725
182.983 0.0867028 0.0375552
183.364 2.75355 0.544113
183.744 0.5534 0.0794963
184.125 0.704845 0.0758204
184.506 0.458034 0.0541379
184.887 0.828186 0.083977
185.268 0.80989 0.0730461
185.648 0.54176 0.0432965
186.029 0.561991 0.0424704
186.41 0.589599 0.040979
186.791 0.534435 0.0363058
187.171 0.534773 0.0334429
187.552 0.527444 0.0280512
187.932 0.474535 0.0243163
188.313 0.513642 0.0255955
188.694 0.454671 0.0225381
189.074 0.474408 0.0230854
189.455 0.465595 0.0222633
189.835 0.502995 0.0230009
190.216 0.483508 0.0218583
190.596 0.462796 0.0210567
190.977 0.454856 0.0203634
191.357 0.505729 0.0217675
191.737 0.493451 0.0212279
192.118 0.533156 0.022413
192.498 0.483608 0.0205632
192.878 0.461336 0.0195511
193.258 0.495145 0.0204894
193.639 0.488377 0.0203731
194.019 0.468319 0.0196138
194.399 0.472863 0.0196341
194.779 0.492821 0.01999
195.159 0.478806 0.0191469
195.54 0.468596 0.0187555
195.92 0.447247 0.0180574
196.3 0.43208 0.0178022
196.68 0.473406 0.0189826
197.06 0.458399 0.0183433
197.44 0.453444 0.0179667
197.82 0.463002 0.0180354
198.2 0.440878 0.0174804
198.58 0.413108 0.0163685
198.959 0.426894 0.016604
199.339 0.412134 0.0161479
199.719 0.444354 0.0172499
200.099 0.395407 0.0156324
200.479 0.404396 0.0157188
200.858 0.384058 0.015147
201.238 0.417868 0.0159915
201.618 0.411399 0.0155961
201.998 0.406467 0.0152792
202.377 0.398514 0.0149891
202.757 0.390126 0.0145778
203.136 0.394109 0.0148058
203.516 0.396141 0.0146331
203.896 0.361245 0.0135415
204.275 0.383308 0.014102
204.655 0.358493 0.0133746
205.034 0.353188 0.0132079
205.414 0.359298 0.0129609
205.793 0.351171 0.0127193
206.172 0.335119 0.0122474
206.552 0.353155 0.0126284
206.931 0.340666 0.0121928
207.31 0.338255 0.0119963
207.69 0.33099 0.0115893
208.069 0.347056 0.0119508
208.448 0.34844 0.0117476
208.827 0.337578 0.01147
209.207 0.324486 0.0110072
209.586 0.317083 0.0107266
209.965 0.325279 0.0108919
210.344 0.313742 0.0104675
210.723 0.299619 0.0100629
211.102 0.305319 0.00999537
211.481 0.304555 0.00994184
211.86 0.301142 0.00980834
212.239 0.299148 0.0095732
212.618 0.292592 0.00937016
212.997 0.290695 0.00933102
213.376 0.278337 0.00889184
213.755 0.282798 0.00882981
214.134 0.281443 0.00876828
214.513 0.286925 0.00878212
214.891 0.278816 0.00845296
215.27 0.274753 0.00833087
215.649 0.27519 0.00815948
216.028 0.281573 0.00819331
216.406 0.282536 0.00807937
216.785 0.272066 0.00787091
217.164 0.273258 0.00773022
217.542 0.274477 0.00761896
217.921 0.270729 0.00747622
218.3 0.279239 0.00759517
218.678 0.276619 0.0073999
219.057 0.276262 0.0073181
219.435 0.269912 0.00711572
219.814 0.270402 0.0070255
220.192 0.269181 0.00689868
220.57 0.268353 0.00678767
220.949 0.273544 0.00680673
221.327 0.266101 0.00656335
221.705 0.267177 0.00651237
222.084 0.262994 0.00635273
222.462 0.269647 0.00639488
222.84 0.268462 0.00628314
223.218 0.273294 0.00625113
223.597 0.273914 0.0061359
223.975 0.270518 0.00599212
224.353 0.275993 0.00596032
224.731 0.276758 0.00587002
225.109 0.287688 0.00594368
225.487 0.292791 0.00592123
225.865 0.290999 0.00580967
226.243 0.296407 0.00578373
226.621 0.297836 0.00570751
226.999 0.308173 0.00571083
227.377 0.310072 0.00565689
227.755 0.308698 0.00554423
228.133 0.31511 0.0055326
228.511 0.322297 0.00557761
228.889 0.320024 0.00545289
229.266 0.324794 0.00545528
229.644 0.326433 0.00535521
230.022 0.325866 0.00529276
230.4 0.32859 0.00525812
230.777 0.32893 0.00520906
231.155 0.33495 0.00519546
231.533 0.330954 0.00507474
231.91 0.337853 0.00506134
232.288 0.340635 0.00505556
232.665 0.343801 0.00501821
233.043 0.346512 0.00498015
233.42 0.356947 0.00502789
233.798 0.356033 0.00495359
234.175 0.360984 0.00494027
234.553 0.373215 0.00499701
234.93 0.374813 0.00494253
235.307 0.384897 0.00497659
235.685 0.387061 0.0049232
236.062 0.396741 0.00495015
236.439 0.402214 0.00494709
236.816 0.405887 0.00490774
237.194 0.412824 0.00490206
237.571 0.419002 0.0049103
237.948 0.428325 0.00493783
238.325 0.429835 0.00490748
238.702 0.437477 0.0049074
239.079 0.442352 0.00489199
239.456 0.442557 0.0048568
239.833 0.44663 0.00484014
240.21 0.454194 0.00485391
240.587 0.454483 0.0048174
240.964 0.4555 0.00479304
241.341 0.45908 0.00477988
241.718 0.457989 0.00473212
242.095 0.454587 0.00469516
242.472 0.45289 0.00464429
242.849 0.461114 0.00467971
243.225 0.455898 0.00459278
243.602 0.457607 0.00460206
243.979 0.460406 0.00460678
244.356 0.45905 0.00455392
244.732 0.454803 0.00448973
245.109 0.461409 0.00451328
245.486 0.461313 0.00447576
245.862 0.459826 0.00446375
246.239 0.465658 0.00446331
246.615 0.464875 0.004431
246.992 0.464304 0.00440402
247.368 0.470951 0.00441562
247.745 0.472243 0.00439912
248.121 0.474946 0.00436735
248.497 0.47673 0.00438754
248.874 0.483488 0.00439527
249.25 0.483682 0.00435165
249.626 0.486791 0.00435028
250.003 0.491006 0.00434931
250.379 0.498592 0.00435506
250.755 0.498949 0.00433845
251.131 0.502455 0.00432944
251.507 0.507726 0.0043621
251.884 0.508494 0.00431939
252.26 0.513267 0.00433866
252.636 0.511802 0.00429835
253.012 0.514262 0.00429304
253.388 0.519448 0.00429576
253.764 0.516638 0.00427063
254.14 0.516371 0.00426099
254.516 0.518709 0.00425748
254.892 0.519508 0.00425677
255.268 0.519889 0.00423967
255.643 0.515364 0.00420932
256.019 0.512789 0.00417332
256.395 0.512031 0.00417359
256.771 0.512053 0.00415043
257.147 0.512143 0.0041415
257.522 0.508756 0.00413202
257.898 0.50661 0.00410246
258.274 0.506465 0.00409901
258.649 0.506478 0.00408888
259.025 0.503345 0.00405695
259.4 0.497585 0.00402488
259.776 0.503398 0.00404713
260.151 0.504216 0.00405491
260.527 0.506688 0.00405807
260.902 0.501018 0.00401307
261.278 0.50336 0.00401485
261.653 0.504765 0.00402253
262.028 0.509636 0.00404228
262.404 0.511045 0.00404425
262.779 0.512689 0.0040351
263.154 0.515445 0.00403511
263.53 0.515587 0.0040201
263.905 0.517876 0.00404017
264.28 0.521235 0.00405706
264.655 0.524288 0.00405808
265.03 0.528799 0.00409136
265.405 0.534094 0.00409689
265.781 0.53095 0.00407055
266.156 0.541212 0.00412736
266.531 0.541429 0.00410367
266.906 0.543018 0.00411326
267.281 0.544138 0.00409889
267.655 0.54772 0.00414313
268.03 0.548118 0.00412997
268.405 0.548585 0.00413938
268.78 0.55415 0.00416539
269.155 0.550877 0.0041329
269.53 0.552774 0.00414215
269.904 0.552911 0.0041412
270.279 0.555019 0.0041644
270.654 0.552242 0.00413358
271.029 0.5494 0.00413456
271.403 0.552175 0.00414462
271.778 0.547737 0.00412357
272.152 0.54427 0.00411647
272.527 0.543729 0.00411061
272.901 0.546166 0.00411218
273.276 0.542748 0.00409169
273.65 0.5382 0.00406437
274.025 0.5407 0.00410015
274.399 0.542592 0.00411021
274.774 0.53597 0.00406839
275.148 0.533801 0.00405265
275.522 0.526497 0.00401416
275.897 0.530367 0.00404602
276.271 0.526713 0.00403417
276.645 0.525959 0.00401926
277.019 0.529431 0.00403525
277.393 0.525792 0.00400996
277.768 0.528073 0.00403428
278.142 0.521775 0.00399401
278.516 0.530152 0.00405692
278.89 0.527405 0.00402731
279.264 0.532759 0.0040605
279.638 0.52827 0.00402476
280.012 0.53374 0.00404069
280.386 0.531739 0.00405815
280.76 0.536788 0.00406213
281.133 0.540924 0.00408193
281.507 0.540859 0.00407562
281.881 0.543917 0.00408258
282.255 0.549519 0.00411275
282.629 0.548428 0.00411758
283.002 0.551753 0.00412829
283.376 0.555196 0.00413879
283.75 0.560565 0.00416999
284.123 0.56064 0.00416311
284.497 0.565417 0.0041872
284.87 0.569519 0.00420475
285.244 0.570448 0.00419442
285.618 0.575819 0.00422306
285.991 0.577537 0.00424819
286.364 0.580579 0.00426629
286.738 0.580259 0.00425664
287.111 0.582039 0.00424648
287.485 0.584865 0.00427892
287.858 0.583267 0.0042824
288.231 0.587461 0.00430617
288.605 0.589666 0.00432212
288.978 0.58792 0.00429932
289.351 0.589236 0.00432361
289.724 0.586523 0.00433025
290.097 0.587276 0.00432589
290.47 0.588702 0.00434404
290.843 0.586387 0.00433164
291.217 0.58778 0.00435096
291.59 0.588476 0.00438007
291.963 0.586024 0.00436071
292.336 0.583115 0.0043615
292.708 0.576239 0.00433285
293.081 0.577229 0.00434475
293.454 0.582519 0.00437104
293.827 0.579154 0.00437238
294.2 0.577067 0.00438525
294.573 0.575097 0.00436471
294.945 0.573019 0.00438486
295.318 0.568862 0.00434793
295.691 0.572495 0.00438543
296.064 0.570224 0.00438109
296.436 0.567759 0.00437691
296.809 0.567924 0.0043794
297.181 0.565165 0.00438193
297.554 0.567682 0.00440361
297.926 0.563133 0.00438561
298.299 0.564832 0.00439508
298.671 0.56091 0.0043625
299.044 0.563753 0.00439689
299.416 0.561917 0.00438197
299.788 0.560292 0.0043816
300.161 0.560383 0.00438696
300.533 0.563699 0.00440247
300.905 0.566843 0.00439337
301.278 0.564639 0.00439173
301.65 0.567569 0.00440123
302.022 0.567178 0.00441881
302.394 0.57272 0.00444859
302.766 0.570051 0.00442839
303.138 0.575354 0.00446639
303.51 0.573663 0.00442924
303.882 0.580655 0.00447682
304.254 0.58014 0.00446223
304.626 0.580137 0.00445758
304.998 0.58513 0.00447291
305.37 0.586363 0.00450406
305.742 0.587304 0.00449164
306.114 0.589368 0.00450443
306.485 0.594286 0.00451407
306.857 0.593283 0.00450713
307.229 0.596125 0.00452749
307.601 0.597005 0.00454105
307.972 0.596867 0.00453575
308.344 0.601553 0.00455598
308.716 0.607073 0.00460206
309.087 0.605892 0.00457559
309.459 0.606105 0.00458775
309.83 0.607618 0.00459041
310.202 0.60335 0.00456277
310.573 0.60843 0.00458197
310.945 0.607614 0.00459856
311.316 0.608908 0.00461002
311.687 0.607785 0.00458608
312.059 0.605046 0.00458571
312.43 0.607829 0.00460185
312.801 0.604356 0.00457616
313.172 0.606538 0.00460356
313.544 0.603081 0.00458956
313.915 0.608972 0.00460649
314.286 0.602695 0.00458413
314.657 0.59604 0.00455027
315.028 0.601755 0.00458236
315.399 0.599729 0.00457698
315.77 0.603122 0.00458908
316.141 0.594725 0.00455972
316.512 0.596967 0.00457067
316.883 0.59769 0.00459608
317.254 0.594078 0.00457819
317.625 0.590387 0.00457279
317.996 0.590433 0.00456252
318.366 0.588944 0.00456524
318.737 0.586456 0.00455134
319.108 0.584465 0.00455
319.478 0.586558 0.00457378
319.849 0.580884 0.00453744
320.22 0.583601 0.00456142
320.59 0.579189 0.00454199
320.961 0.579954 0.00455699
321.331 0.575949 0.00453069
321.702 0.579659 0.00458436
322.072 0.57369 0.0045545
322.443 0.577783 0.00457634
322.813 0.5741 0.00455107
323.184 0.571985 0.00456383
323.554 0.573702 0.00457093
323.924 0.567151 0.00453499
324.295 0.572485 0.00458048
324.665 0.568848 0.00457112
325.035 0.565372 0.00454556
325.405 0.566637 0.00456561
325.775 0.574737 0.00462662
326.145 0.572011 0.00461252
326.515 0.574383 0.00465116
326.886 0.573443 0.00464753
327.256 0.57143 0.00464021
327.626 0.571195 0.00467532
327.995 0.566914 0.00467474
328.365 0.563089 0.00466446
328.735 0.556253 0.00465539
329.105 0.560857 0.00471266
329.475 0.577842 0.00482701
329.845 0.593573 0.0049088
330.215 0.612757 0.00497621
330.584 0.616919 0.00493765
330.954 0.623438 0.00490043
331.324 0.612003 0.00474403
331.693 0.60179 0.00463072
332.063 0.597414 0.00458604
332.432 0.593936 0.00454305
332.802 0.586152 0.00451244
333.171 0.582681 0.00454106
333.541 0.591087 0.00465392
333.91 0.595913 0.0047083
334.28 0.597879 0.00475167
334.649 0.602865 0.00478346
335.018 0.60754 0.00481398
335.388 0.608996 0.00483125
335.757 0.608741 0.00482692
336.126 0.607743 0.00484154
336.495 0.61114 0.00485775
336.865 0.607826 0.00485192
337.234 0.613023 0.00490514
337.603 0.612479 0.00488914
337.972 0.613234 0.00490745
338.341 0.609977 0.00488033
338.71 0.61243 0.00490222
339.079 0.611878 0.00490636
339.448 0.609495 0.00487854
339.817 0.610078 0.00489068
340.186 0.610312 0.00490086
340.554 0.613508 0.00492778
340.923 0.610934 0.00490829
341.292 0.611041 0.00493523
341.661 0.606635 0.00490394
342.029 0.605081 0.00489229
342.398 0.605864 0.00491709
342.767 0.606649 0.00493829
343.135 0.60231 0.00489085
343.504 0.602872 0.00492688
343.872 0.59746 0.00487698
344.241 0.597794 0.00488035
344.609 0.595299 0.00488575
344.978 0.597145 0.00489906
345.346 0.593627 0.0048708
345.715 0.593471 0.00488908
346.083 0.58548 0.00485464
346.451 0.594293 0.00490745
346.82 0.591017 0.00488954
347.188 0.586363 0.00486522
347.556 0.5845 0.00487338
347.924 0.578726 0.0048249
348.292 0.588489 0.00492932
348.66 0.580632 0.00488348
349.028 0.57828 0.00485957
349.396 0.573225 0.00484682
349.764 0.574217 0.00484768
350.132 0.576161 0.00488244
350.5 0.570019 0.00483786
350.868 0.57652 0.00489878
351.236 0.571993 0.00486867
351.604 0.570434 0.00487823
351.972 0.574508 0.00490276
352.34 0.567423 0.00487147
352.707 0.569573 0.00488246
353.075 0.56414 0.00484807
353.443 0.567659 0.00487971
353.81 0.564093 0.004884
354.178 0.56508 0.0048892
354.545 0.561058 0.00485349
354.913 0.5611 0.00486996
355.28 0.558409 0.00484967
355.648 0.559556 0.00486525
356.015 0.561282 0.00488917
356.383 0.562626 0.00488658
356.75 0.560171 0.00489279
357.117 0.561986 0.00489889
357.485 0.568989 0.00494685
357.852 0.56146 0.0049096
358.219 0.56682 0.00493844
358.586 0.562403 0.00491463
358.954 0.56074 0.00491529
359.321 0.566382 0.00494349
359.688 0.565888 0.00495746
360.055 0.564369 0.00494177
360.422 0.564778 0.0049379
360.789 0.571278 0.00498952
361.156 0.570633 0.00498546
361.523 0.570231 0.00500308
361.89 0.573658 0.00501853
362.256 0.568899 0.00496565
362.623 0.576936 0.00504135
362.99 0.583446 0.00509004
363.357 0.582235 0.0050785
363.724 0.579587 0.00505976
364.09 0.583366 0.0050843
364.457 0.590325 0.00513756
364.823 0.586306 0.00508556
365.19 0.584486 0.0050738
365.557 0.593412 0.00513347
365.923 0.594335 0.00513813
366.29 0.58911 0.00512188
366.656 0.596149 0.00515884
367.022 0.596674 0.00513446
367.389 0.600895 0.0051864
367.755 0.592197 0.00513874
368.121 0.599292 0.00519854
368.488 0.600634 0.00519726
368.854 0.59799 0.00518784
369.22 0.605387 0.00525871
369.586 0.603319 0.00526226
369.952 0.600461 0.00525801
370.318 0.601584 0.00527939
370.684 0.607646 0.00532195
371.051 0.603737 0.00529516
371.416 0.606257 0.00533378
371.782 0.6015 0.00529579
372.148 0.606268 0.00532751
372.514 0.602804 0.00533452
372.88 0.602411 0.00532638
373.246 0.604162 0.00535049
373.612 0.606186 0.00534836
373.977 0.6025 0.00531273
374.343 0.609088 0.00533792
374.709 0.60679 0.00531057
375.074 0.60193 0.005309
375.44 0.599671 0.00531171
375.806 0.603155 0.00535362
376.171 0.599001 0.0053305
376.537 0.594625 0.00529272
376.902 0.602118 0.0053495
377.268 0.60476 0.00534006
377.633 0.601284 0.00531328
377.998 0.597673 0.00525958
378.364 0.595319 0.00523044
378.729 0.595823 0.00522323
379.094 0.594645 0.00523605
379.459 0.596714 0.00530904
379.825 0.590434 0.00528101
380.19 0.586333 0.00526528
380.555 0.59214 0.00533856
380.92 0.5891 0.00536577
381.285 0.59007 0.00539397
381.65 0.585151 0.00534011
382.015 0.58249 0.00530674
382.38 0.585503 0.005345
382.745 0.58555 0.00538825
383.11 0.577582 0.00534182
383.474 0.580924 0.0053593
383.839 0.576008 0.00533559
384.204 0.580553 0.00538148
384.569 0.571255 0.00533531
384.933 0.577156 0.00537353
385.298 0.574576 0.0053984
385.663 0.57825 0.00542703
386.027 0.569324 0.00535037
386.392 0.570171 0.00533682
386.756 0.569151 0.00529779
387.121 0.569223 0.00530381
387.485 0.565289 0.0052425
387.849 0.562429 0.00519589
388.214 0.565419 0.00528291
388.578 0.564704 0.00527926
388.942 0.565158 0.00534351
389.307 0.556791 0.00527855
389.671 0.561511 0.0053314
390.035 0.556186 0.00527716
390.399 0.557585 0.00528554
390.763 0.553324 0.00523823
391.127 0.553601 0.00519999
391.492 0.548193 0.00512003
391.856 0.552642 0.00509608
392.219 0.548784 0.0050108
392.583 0.552595 0.00506327
392.947 0.552811 0.00514016
393.311 0.55091 0.00519715
393.675 0.551705 0.00522391
394.039 0.548212 0.00522087
394.403 0.552101 0.005259
394.766 0.551193 0.00528878
395.13 0.553965 0.00530601
395.494 0.548034 0.00527027
395.857 0.549437 0.00527378
396.221 0.546948 0.00523624
396.584 0.550117 0.00521791
396.948 0.550929 0.00516676
397.311 0.542872 0.00505079
397.675 0.549838 0.00505266
398.038 0.545436 0.00501698
398.401 0.552929 0.00511991
398.765 0.553411 0.00519878
399.128 0.557473 0.00529494
399.491 0.552544 0.00530696
399.854 0.555768 0.00534332
400.218 0.551553 0.0053123
400.581 0.559359 0.00540576
400.944 0.55643 0.00538444
401.307 0.560967 0.00549724
401.67 0.560365 0.00547988
402.033 0.558259 0.00547392
402.396 0.560514 0.00548944
402.759 0.561803 0.00549361
403.122 0.56685 0.00551261
403.485 0.562758 0.00548407
403.847 0.565722 0.00546524
404.21 0.568002 0.00545026
404.573 0.570873 0.00544183
404.936 0.564312 0.00536167
405.298 0.575967 0.00548626
405.661 0.578495 0.00557963
406.023 0.574347 0.00562361
406.386 0.572002 0.00562533
406.749 0.582452 0.00572696
407.111 0.584463 0.00576526
407.473 0.573586 0.00563222
407.836 0.577026 0.005602
408.198 0.586337 0.00563384
408.561 0.585387 0.00563067
408.923 0.576339 0.00556708
409.285 0.579381 0.00557414
409.647 0.588935 0.00570265
410.009 0.587268 0.00574696
410.372 0.586657 0.00574337
410.734 0.587579 0.0057768
411.096 0.588277 0.00577669
411.458 0.58961 0.00578551
411.82 0.588372 0.00573999
412.182 0.584323 0.00566279
412.544 0.591607 0.00572061
412.906 0.590215 0.00571314
413.267 0.591769 0.00570901
413.629 0.592902 0.00577335
413.991 0.596768 0.00582338
414.353 0.593595 0.00581577
414.714 0.598761 0.00591704
415.076 0.593079 0.00587004
415.438 0.590061 0.00584919
415.799 0.587202 0.00580144
416.161 0.592118 0.00588184
416.522 0.597002 0.00594289
416.884 0.589978 0.00590962
417.245 0.591258 0.00592662
417.607 0.591524 0.00591827
417.968 0.586303 0.00591419
418.329 0.584864 0.00586435
418.691 0.587822 0.00588478
419.052 0.592239 0.00589779
419.413 0.590671 0.00587711
419.774 0.587313 0.00582136
420.135 0.587295 0.0057093
420.497 0.583937 0.00560152
420.858 0.583977 0.00552389
421.219 0.589034 0.00553325
421.58 0.590408 0.00558517
421.941 0.583733 0.00562144
422.302 0.586556 0.00575131
422.662 0.591277 0.00580493
423.023 0.582538 0.00579296
423.384 0.584332 0.00582488
423.745 0.58084 0.00578765
424.106 0.577574 0.00577184
424.466 0.576836 0.00572081
424.827 0.578516 0.00577543
425.187 0.582388 0.00590737
425.548 0.582844 0.00598284
425.909 0.578812 0.00598133
426.269 0.575762 0.00592588
426.63 0.570214 0.00587526
426.99 0.574921 0.00582993
427.35 0.576118 0.0058608
427.711 0.571236 0.00583206
428.071 0.568215 0.00576216
428.431 0.566768 0.00566247
428.792 0.565607 0.0054784
429.152 0.566484 0.00532047
429.512 0.566062 0.00528675
429.872 0.56929 0.0053139
430.232 0.564063 0.00534305
430.592 0.571437 0.0055354
430.952 0.567387 0.00568012
431.312 0.564402 0.00579048
431.672 0.562126 0.00589671
432.032 0.556737 0.00587402
432.392 0.562328 0.00586012
432.752 0.550887 0.00553879
433.111 0.550628 0.00537379
433.471 0.559738 0.00544686
433.831 0.567998 0.00570832
434.19 0.552234 0.0056491
434.55 0.553232 0.00564426
434.91 0.552762 0.00571778
435.269 0.554958 0.00567942
435.629 0.550555 0.00562974
435.988 0.551004 0.00561225
436.348 0.550771 0.00564507
436.707 0.552356 0.00575588
437.066 0.544953 0.00572396
437.426 0.543385 0.00568636
437.785 0.544451 0.0056556
438.144 0.544369 0.00564512
438.503 0.545928 0.00570678
438.862 0.539233 0.00569104
439.222 0.543278 0.00574001
439.581 0.543053 0.00579134
439.94 0.543072 0.00577074
440.299 0.532548 0.00551666
440.658 0.528907 0.00531059
441.017 0.533101 0.00531021
441.376 0.537969 0.00538025
441.734 0.544398 0.00548513
442.093 0.53331 0.00544464
442.452 0.528597 0.00538609
442.811 0.529009 0.00534552
443.169 0.537827 0.00540602
443.528 0.534554 0.00546928
443.887 0.534165 0.00548969
444.245 0.534467 0.00549265
444.604 0.535007 0.00556833
444.962 0.536468 0.00561374
445.321 0.531757 0.00557965
445.679 0.530236 0.00554821
446.038 0.530744 0.00552588
446.396 0.532166 0.0055875
446.754 0.536011 0.00569247
447.112 0.535818 0.00570765
447.471 0.53835 0.00577444
447.829 0.537214 0.005793
448.187 0.532462 0.00574643
448.545 0.536253 0.00575837
448.903 0.535421 0.00576553
449.261 0.534427 0.00577626
449.619 0.541681 0.00585979
449.977 0.537169 0.00584813
450.335 0.542513 0.00593959
450.693 0.541116 0.00595959
451.051 0.540227 0.00597344
451.409 0.535734 0.00592913
451.766 0.54308 0.00601482
452.124 0.548337 0.00611152
452.482 0.545756 0.00614236
452.839 0.542136 0.00616176
453.197 0.549452 0.00627829
453.555 0.551359 0.00629955
453.912 0.553882 0.00635014
454.27 0.541351 0.00614045
454.627 0.547473 0.00612607
454.984 0.546066 0.00608631
455.342 0.559505 0.00624973
455.699 0.55421 0.00627361
456.056 0.551723 0.00627114
456.414 0.551207 0.00618652
456.771 0.55915 0.00616675
457.128 0.558661 0.00612276
457.485 0.55211 0.00602245
457.842 0.559126 0.00609681
458.199 0.556468 0.00609408
458.556 0.558311 0.00604703
458.913 0.561012 0.00608025
459.27 0.565618 0.0060546
459.627 0.560431 0.00608367
459.984 0.56206 0.00606823
460.341 0.56868 0.00611899
460.697 0.569173 0.00618508
461.054 0.576669 0.00637609
461.411 0.573252 0.00649578
461.767 0.570966 0.00656256
462.124 0.568722 0.00658926
462.481 0.567519 0.00647999
462.837 0.566232 0.00638472
463.194 0.572879 0.00627897
463.55 0.573474 0.00631576
463.907 0.568208 0.00613748
464.263 0.567477 0.00604692
464.619 0.57261 0.00598174
464.976 0.57256 0.00587235
465.332 0.572813 0.00585576
465.688 0.577696 0.00598724
466.044 0.575829 0.00621895
466.4 0.584379 0.00640852
466.756 0.578922 0.00643313
467.112 0.577536 0.00640398
467.468 0.579085 0.00644239
467.824 0.575958 0.00641503
468.18 0.579205 0.00654259
468.536 0.578928 0.00657374
468.892 0.575918 0.00662245
469.248 0.57361 0.0066396
469.604 0.573316 0.00669495
469.959 0.583968 0.00678663
470.315 0.580527 0.00673229
470.671 0.577007 0.00672011
471.026 0.576085 0.00666254
471.382 0.576628 0.00661262
471.737 0.573317 0.00652803
472.093 0.576209 0.00645645
472.448 0.579367 0.00637926
472.804 0.571505 0.00622806
473.159 0.5773 0.00623286
473.514 0.582493 0.00626696
473.87 0.578267 0.00618242
474.225 0.570034 0.00597173
474.58 0.569483 0.00583756
474.935 0.581104 0.00590299
475.29 0.584501 0.00599709
475.645 0.577583 0.00600059
476 0.575576 0.00599123
476.355 0.580107 0.00607278
476.71 0.575979 0.0060679
477.065 0.574349 0.00593944
477.42 0.566576 0.00576564
477.775 0.574282 0.00581458
478.13 0.573978 0.00581785
478.485 0.570232 0.00579461
478.839 0.571532 0.00576684
479.194 0.5679 0.0056048
479.549 0.566826 0.00548079
479.903 0.575104 0.00552929
480.258 0.581488 0.00564505
480.612 0.566397 0.00547925
480.967 0.56547 0.00536616
481.321 0.567072 0.0053425
481.675 0.574846 0.00547553
482.03 0.577193 0.00559959
482.384 0.569413 0.00558727
482.738 0.562363 0.00552243
483.093 0.568769 0.00553234
483.447 0.55944 0.00535078
483.801 0.557845 0.00520696
484.155 0.563921 0.00515618
484.509 0.544079 0.00470529
484.863 0.500969 0.00303166
485.217 0.53863 0.00275588
485.571 0.585335 0.00284203
485.925 0.638696 0.00361667
486.279 0.615294 0.0042299
486.632 0.553059 0.0043798
486.986 0.555253 0.004764
487.34 0.567432 0.00517259
487.694 0.562846 0.00533486
488.047 0.555518 0.00536271
488.401 0.555511 0.00535643
488.754 0.556279 0.00539366
489.108 0.554686 0.00546022
489.461 0.559433 0.00553967
489.815 0.559962 0.00560716
490.168 0.550241 0.00549266
490.522 0.550864 0.00547743
490.875 0.55366 0.0054985
491.228 0.552053 0.00551778
491.581 0.546541 0.00545614
491.935 0.551416 0.00549509
492.288 0.550014 0.00550578
492.641 0.547258 0.00546073
492.994 0.539596 0.00540698
493.347 0.544462 0.00539818
493.7 0.543445 0.00536478
494.053 0.540774 0.00536911
494.406 0.549747 0.005485
494.759 0.54683 0.00559789
495.111 0.53725 0.00541705
495.464 0.52575 0.00513069
495.817 0.526665 0.00498767
496.169 0.54764 0.00522518
496.522 0.549858 0.00544015
496.875 0.545036 0.0056202
497.227 0.532519 0.00559622
497.58 0.530853 0.00562282
497.932 0.535315 0.00559773
498.285 0.531597 0.00553909
498.637 0.53353 0.00542072
498.989 0.531973 0.00533477
499.342 0.531089 0.00533291
499.694 0.532903 0.00544946
500.046 0.532999 0.00554735
500.398 0.523627 0.00536737
500.751 0.520678 0.00525989
501.103 0.522046 0.00528028
501.455 0.525422 0.00528686
501.807 0.521046 0.0052739
502.159 0.520149 0.00526994
502.511 0.521821 0.00528695
502.862 0.527968 0.00532978
503.214 0.520238 0.0053582
503.566 0.52444 0.00547747
503.918 0.523727 0.0055459
504.27 0.52247 0.00552382
504.621 0.519848 0.00551416
504.973 0.521726 0.00557809
505.324 0.520034 0.00554993
505.676 0.51031 0.00540101
506.027 0.515334 0.0054025
506.379 0.526111 0.00563103
506.73 0.520135 0.00572158
507.082 0.510862 0.00561994
507.433 0.510211 0.00553404
507.784 0.516302 0.00552875
508.136 0.519065 0.00561455
508.487 0.513306 0.00560791
508.838 0.511631 0.0056771
509.189 0.511153 0.00567807
509.54 0.505943 0.00558462
509.891 0.517222 0.00570524
510.242 0.509102 0.00564156
510.593 0.51415 0.00570742
510.944 0.509947 0.0057254
511.295 0.509162 0.00580657
511.646 0.513988 0.00593506
511.996 0.511222 0.00588787
512.347 0.510889 0.00584204
512.698 0.513315 0.00584275
513.049 0.511394 0.00584313
513.399 0.520176 0.00597489
513.75 0.509502 0.00588613
514.1 0.511044 0.00594787
514.451 0.523237 0.00617281
514.801 0.515478 0.00617248
515.152 0.519325 0.00611631
515.502 0.506895 0.00593266
515.852 0.514334 0.00592299
516.202 0.515247 0.00592531
516.553 0.519921 0.00601867
516.903 0.519179 0.00610373
517.253 0.521432 0.00621902
517.603 0.516857 0.00623291
517.953 0.513001 0.00614097
518.303 0.515137 0.00605348
518.653 0.513748 0.00595409
519.003 0.526143 0.00607912
519.353 0.530765 0.00630324
519.703 0.533013 0.00650299
520.052 0.521066 0.0064398
520.402 0.527244 0.00646166
520.752 0.522829 0.00636418
521.102 0.524182 0.00639551
521.451 0.531311 0.00653766
521.801 0.527526 0.00649667
522.15 0.530611 0.00647343
522.5 0.531125 0.00639776
522.849 0.529991 0.00640797
523.199 0.528567 0.00631568
523.548 0.534674 0.00633621
523.897 0.532092 0.00630875
524.246 0.53612 0.00646138
524.596 0.543124 0.00661033
524.945 0.530812 0.00648976
525.294 0.534006 0.0065029
525.643 0.537228 0.00652916
525.992 0.537196 0.0065145
526.341 0.535647 0.00645432
526.69 0.542676 0.00656233
527.039 0.551278 0.00667277
527.388 0.542992 0.00666138
527.737 0.535689 0.00644097
528.086 0.54032 0.00626591
528.434 0.547309 0.00617543
528.783 0.549674 0.00626783
529.132 0.549161 0.0063949
529.48 0.549749 0.00650422
529.829 0.554468 0.00660172
530.177 0.553143 0.00663549
530.526 0.552016 0.00667284
530.874 0.547843 0.00657899
531.223 0.545189 0.00654899
531.571 0.547721 0.00656128
531.919 0.555717 0.00662671
532.268 0.546746 0.00640264
532.616 0.549925 0.0062066
532.964 0.556263 0.00612227
533.312 0.562924 0.00617477
533.66 0.55387 0.00612342
534.008 0.54787 0.00606922
534.356 0.555772 0.00610318
534.704 0.56257 0.00620163
535.052 0.554049 0.00621058
535.4 0.558712 0.00636819
535.748 0.55807 0.00653582
536.095 0.55845 0.00670498
536.443 0.553396 0.00670552
536.791 0.554103 0.00660143
537.139 0.55349 0.00643391
537.486 0.559081 0.00633488
537.834 0.565259 0.00630257
538.181 0.560718 0.00625265
538.529 0.558468 0.00624128
538.876 0.563048 0.00627914
539.223 0.562117 0.00634094
539.571 0.563069 0.00648096
539.918 0.553614 0.00642233
540.265 0.5521 0.00630352
540.613 0.55963 0.00625407
540.96 0.567262 0.00633956
541.307 0.559527 0.00631748
541.654 0.557967 0.00634811
542.001 0.55634 0.00629435
542.348 0.56141 0.00633475
542.695 0.558513 0.0063259
543.042 0.556026 0.00622086
543.388 0.558209 0.0061666
543.735 0.562759 0.00616432
544.082 0.559215 0.00614531
544.429 0.564659 0.00618138
544.775 0.566536 0.00631885
545.122 0.564966 0.00649371
545.469 0.563315 0.00661616
545.815 0.559199 0.006584
546.162 0.561593 0.00655
546.508 0.557163 0.00638754
546.854 0.562826 0.00624757
547.201 0.55823 0.00594534
547.547 0.563947 0.0059143
547.893 0.566047 0.00601654
548.24 0.569398 0.00629949
548.586 0.567935 0.00663828
548.932 0.561104 0.00669368
549.278 0.557571 0.00674726
549.624 0.556672 0.00665237
549.97 0.571155 0.00681182
550.316 0.568933 0.00694913
550.662 0.561113 0.00694985
551.008 0.551396 0.00666229
551.353 0.560527 0.00633941
551.699 0.561186 0.00610528
552.045 0.573687 0.00630287
552.391 0.565694 0.00642443
552.736 0.559961 0.00642744
553.082 0.555086 0.0064244
553.427 0.561356 0.00653262
553.773 0.566561 0.00678966
554.118 0.567975 0.00687064
554.464 0.553498 0.00660123
554.809 0.552632 0.00636105
555.154 0.562829 0.00626708
555.5 0.571594 0.00635885
555.845 0.569918 0.00652996
556.19 0.56113 0.00662867
556.535 0.559643 0.00680634
556.88 0.55884 0.00674809
557.225 0.561688 0.00671912
557.57 0.561113 0.006793
557.915 0.568244 0.00704302
558.26 0.555176 0.00703613
558.605 0.560091 0.00709121
558.95 0.549258 0.00690898
559.295 0.555033 0.00660612
559.639 0.556618 0.00633863
559.984 0.567189 0.00617609
560.329 0.562808 0.00608255
560.673 0.565638 0.00611285
561.018 0.558168 0.00621999
561.362 0.558384 0.00636585
561.707 0.554579 0.0065112
562.051 0.547766 0.00641688
562.395 0.55074 0.00640964
562.74 0.561044 0.00632298
563.084 0.551524 0.00617119
563.428 0.551377 0.00603148
563.772 0.55737 0.0060896
564.117 0.551944 0.00601758
564.461 0.553514 0.00599762
564.805 0.552889 0.00605846
565.149 0.552835 0.00603511
565.493 0.551399 0.00600942
565.836 0.55414 0.00593868
566.18 0.549058 0.00584303
566.524 0.544604 0.00546749
566.868 0.549114 0.00530197
567.212 0.5526 0.00521821
567.555 0.546432 0.00512572
567.899 0.543102 0.00490813
568.242 0.547418 0.00471814
568.586 0.541859 0.00442029
568.929 0.538909 0.00412418
569.273 0.546406 0.0039094
569.616 0.546225 0.00385991
569.96 0.541377 0.00379333
570.303 0.534509 0.00365608
570.646 0.540506 0.0036205
570.989 0.538672 0.00351542
571.333 0.539585 0.00351596
571.676 0.535575 0.00360439
572.019 0.538288 0.00391571
572.362 0.520689 0.0037404
572.705 0.524223 0.00348284
573.048 0.538903 0.00333628
573.391 0.537755 0.00322497
573.733 0.531058 0.00313344
574.076 0.531763 0.00310087
574.419 0.53032 0.00314352
574.762 0.525607 0.00329484
575.104 0.526745 0.00351427
575.447 0.51411 0.00352722
575.789 0.518714 0.00335676
576.132 0.527637 0.0031605
576.474 0.532631 0.00315558
576.817 0.530727 0.00293303
577.159 0.538025 0.00278609
577.501 0.547976 0.00277661
577.844 0.536941 0.00289892
578.186 0.517824 0.00317364
578.528 0.504049 0.00332585
578.87 0.506617 0.00335273
579.212 0.510608 0.00329797
579.554 0.519111 0.00318911
579.896 0.518975 0.00321241
580.238 0.519573 0.00310184
580.58 0.526067 0.00273908
580.922 0.574192 0.00275264
581.264 0.623103 0.00286741
581.606 0.543959 0.00269611
581.947 0.521685 0.00279234
582.289 0.505142 0.00302045
582.631 0.493397 0.00331816
582.972 0.488313 0.00355371
583.314 0.494041 0.00358979
583.655 0.501376 0.00354106
583.997 0.505434 0.00327685
584.338 0.510799 0.00303377
584.679 0.515253 0.00290743
585.021 0.517959 0.00293661
585.362 0.507704 0.0031117
585.703 0.499425 0.00331662
586.044 0.488082 0.00336911
586.385 0.495022 0.00322776
586.726 0.49996 0.00308468
587.067 0.509782 0.00317285
587.408 0.503178 0.00333701
587.749 0.496219 0.00347003
588.09 0.492958 0.00361069
588.431 0.492215 0.00379331
588.772 0.489434 0.00398107
589.113 0.488928 0.00393789
589.453 0.496664 0.0039503
589.794 0.499619 0.00404433
590.134 0.49482 0.00422614
590.475 0.4902 0.00434235
590.815 0.487936 0.00432336
591.156 0.498004 0.00435949
591.496 0.494586 0.00430365
591.837 0.486902 0.00370388
592.177 0.49886 0.00338786
592.517 0.50481 0.00319594
592.857 0.500977 0.00330556
593.198 0.493016 0.00347176
593.538 0.482565 0.0037668
593.878 0.482568 0.00396701
594.218 0.472218 0.0038464
594.558 0.48734 0.00373776
594.898 0.491274 0.0038034
595.237 0.490871 0.00400134
595.577 0.482736 0.00423726
595.917 0.480177 0.00447082
596.257 0.482994 0.0043847
596.596 0.482263 0.00426129
596.936 0.492095 0.00417024
597.276 0.489719 0.00431601
597.615 0.487442 0.0043052
597.955 0.482198 0.00384606
598.294 0.489925 0.00355769
598.633 0.495895 0.00353986
598.973 0.490336 0.00365412
599.312 0.479694 0.00363331
599.651 0.486613 0.00365231
599.991 0.485906 0.0037459
600.33 0.478974 0.00375888
600.669 0.483844 0.00389127
601.008 0.481005 0.00399584
601.347 0.481232 0.00416494
601.686 0.478452 0.00407461
602.025 0.484871 0.00410115
602.364 0.484126 0.00393324
602.702 0.488137 0.00387545
603.041 0.488958 0.00385973
603.38 0.483597 0.00398003
603.719 0.484606 0.00418429
604.057 0.48026 0.0043145
604.396 0.479485 0.00431473
604.734 0.480483 0.00421626
605.073 0.488793 0.00388391
605.411 0.4952 0.00391121
605.75 0.489041 0.00396449
606.088 0.485666 0.00419855
606.426 0.482436 0.00413554
606.764 0.486062 0.0040812
607.103 0.487034 0.00413593
607.441 0.484325 0.00430769
607.779 0.486841 0.00444288
608.117 0.487283 0.00442313
608.455 0.488898 0.00455928
608.793 0.485293 0.00466674
609.131 0.485307 0.00441562
609.469 0.4954 0.0042981
609.806 0.496634 0.00428771
610.144 0.486821 0.0045556
610.482 0.486299 0.00468678
610.819 0.487017 0.00466281
611.157 0.492528 0.00470528
611.495 0.494096 0.00486517
611.832 0.494061 0.00492233
612.17 0.488432 0.00485916
612.507 0.495574 0.00482983
612.844 0.497006 0.00487522
613.182 0.503037 0.00493087
613.519 0.496685 0.00487177
613.856 0.495897 0.00483666
614.193 0.494542 0.00481354
614.53 0.498128 0.00471661
614.867 0.495651 0.00464049
615.205 0.507877 0.00493738
615.541 0.494007 0.00502202
615.878 0.487113 0.00522517
616.215 0.50215 0.00531151
616.552 0.500235 0.00532838
616.889 0.503811 0.00526807
617.226 0.509395 0.00520077
617.562 0.50751 0.00528302
617.899 0.506262 0.00559495
618.235 0.505051 0.00590052
618.572 0.496521 0.00610532
618.908 0.506089 0.00605051
619.245 0.511824 0.00581724
619.581 0.515777 0.00568464
619.918 0.522231 0.00603255
620.254 0.510461 0.00672955
620.59 0.5022 0.00697589
620.926 0.50738 0.00663601
621.262 0.52375 0.00637242
621.599 0.52708 0.00627539
621.935 0.523692 0.00628339
622.271 0.527027 0.00607306
622.606 0.524708 0.00587938
622.942 0.532104 0.00599296
623.278 0.525877 0.00618954
623.614 0.515242 0.00589241
623.95 0.52202 0.00583623
624.285 0.523616 0.00591281
624.621 0.526036 0.00623925
624.957 0.515309 0.00640407
625.292 0.518464 0.00656695
625.628 0.521522 0.00684136
625.963 0.519085 0.00691389
626.299 0.521258 0.00680518
626.634 0.528311 0.00673193
626.969 0.539093 0.00687908
627.304 0.531958 0.00727724
627.64 0.523923 0.00779715
627.975 0.523757 0.00783215
628.31 0.522995 0.00745999
628.645 0.546819 0.00732665
628.98 0.539939 0.00740382
629.315 0.541237 0.00750808
629.65 0.525231 0.00746851
629.985 0.530453 0.00751289
630.319 0.544653 0.00791799
630.654 0.53169 0.00796255
630.989 0.529477 0.00789536
631.323 0.536505 0.00810232
631.658 0.544226 0.00839744
631.993 0.534256 0.00870651
632.327 0.531092 0.00875833
632.662 0.541771 0.0088277
632.996 0.54511 0.00873567
633.33 0.557981 0.00875672
633.665 0.5593 0.00891905
633.999 0.54137 0.00901635
634.333 0.54999 0.00920663
634.667 0.538286 0.00911431
635.001 0.542175 0.00888899
635.335 0.538636 0.00858982
635.669 0.544806 0.00828912
636.003 0.544199 0.00828844
636.337 0.551427 0.00867184
636.671 0.535098 0.00896145
637.005 0.536051 0.00934589
637.339 0.539216 0.00940497
637.672 0.545895 0.00921832
638.006 0.563096 0.00912171
638.339 0.555608 0.00904305
638.673 0.556593 0.00936556
639.006 0.550257 0.00953435
639.34 0.549746 0.00962916
639.673 0.545392 0.00968509
640.007 0.552858 0.00976473
640.34 0.542636 0.00976564
640.673 0.560732 0.0101414
641.006 0.55996 0.0102415
641.34 0.555412 0.0102794
641.673 0.568377 0.0106505
642.006 0.55654 0.0107359
642.339 0.55407 0.0105884
642.672 0.56196 0.0105685
643.004 0.566835 0.0106597
643.337 0.557639 0.0107993
643.67 0.549291 0.0108198
644.003 0.55126 0.0106548
644.336 0.562105 0.0108239
644.668 0.574019 0.0109691
645.001 0.570964 0.0110739
645.333 0.570826 0.0112374
645.666 0.563012 0.0114772
645.998 0.572228 0.0118602
646.331 0.557338 0.01171
646.663 0.555273 0.0116716
646.995 0.55681 0.0111116
647.327 0.570076 0.0105113
647.66 0.57498 0.00980253
647.992 0.562133 0.0094395
648.324 0.557513 0.00931658
648.656 0.558115 0.00943936
648.988 0.554073 0.00970782
649.32 0.548756 0.0102068
649.652 0.54371 0.0107665
649.983 0.541096 0.011026
650.315 0.554865 0.0113293
650.647 0.551068 0.0111025
650.979 0.563971 0.0107598
651.31 0.563242 0.0103554
651.642 0.553457 0.00989044
651.973 0.554745 0.00986782
652.305 0.555016 0.00986324
652.636 0.550688 0.00987122
652.967 0.54807 0.0101226
653.299 0.540129 0.0102269
653.63 0.549348 0.0103632
653.961 0.54826 0.00985724
654.292 0.543789 0.00820551
654.623 0.542587 0.00340059
654.955 0.902532 0.00343804
655.286 0.902476 0.00343783
655.616 0.90242 0.00343762
655.947 0.902363 0.0034374
656.278 0.902305 0.00343718
656.609 0.378862 0.00222716
656.94 0.303434 0.00250664
657.27 0.281405 0.00286024
657.601 0.293495 0.00334729
657.932 0.32568 0.00419369
658.262 0.368147 0.00544309
658.593 0.423792 0.0071285
658.923 0.483231 0.00909988
659.254 0.506201 0.0103746
659.584 0.537695 0.0114864
659.914 0.548862 0.0121419
660.244 0.555058 0.0126263
660.575 0.565599 0.0128247
660.905 0.576197 0.0129462
661.235 0.570571 0.0127132
661.565 0.568621 0.0125415
661.895 0.583273 0.0126695
662.225 0.57815 0.012795
662.555 0.574254 0.0128638
662.884 0.562448 0.0127214
663.214 0.570134 0.0125647
663.544 0.577895 0.0124801
663.873 0.582054 0.012507
664.203 0.568035 0.0119825
664.533 0.583899 0.0120528
664.862 0.57736 0.0118111
665.192 0.573617 0.011982
665.521 0.57608 0.0125362
665.85 0.571256 0.0130286
666.18 0.565216 0.0134404
666.509 0.56317 0.0133644
666.838 0.578743 0.0134896
667.167 0.599744 0.0135046
667.496 0.586357 0.0134246
667.825 0.570206 0.0131696
668.154 0.57594 0.0132765
668.483 0.582916 0.013379
668.812 0.583154 0.0130924
669.141 0.580434 0.0129472
669.47 0.580787 0.0126395
669.798 0.569718 0.0126101
670.127 0.583212 0.0130599
670.456 0.564124 0.0123296
670.784 0.58032 0.0112682
671.113 0.570729 0.0101906
671.441 0.563946 0.00944928
671.77 0.565953 0.00951461
672.098 0.561002 0.00981439
672.426 0.56055 0.0107425
672.755 0.537534 0.0112698
673.083 0.546106 0.0117129
673.411 0.55009 0.0118513
673.739 0.554632 0.011977
674.067 0.550255 0.0123073
674.395 0.567515 0.0128115
674.723 0.549122 0.0122496
675.051 0.580439 0.0124556
675.379 0.577991 0.0124742
675.706 0.563944 0.0123061
676.034 0.558852 0.012497
676.362 0.575698 0.0129087
676.689 0.57372 0.0122343
677.017 0.565644 0.011249
677.344 0.558207 0.0106938
677.672 0.562745 0.0107563
677.999 0.570123 0.0111552
678.327 0.565044 0.0109274
678.654 0.544186 0.0101585
678.981 0.559438 0.0100122
679.308 0.551793 0.00989058
679.636 0.549354 0.010234
679.963 0.545218 0.0106962
680.29 0.544191 0.0110066
680.617 0.553722 0.0109059
680.944 0.54688 0.0106278
681.271 0.549722 0.0107014
681.597 0.541658 0.0112413
681.924 0.547103 0.0120767
682.251 0.552603 0.0124554
682.578 0.552177 0.0118955
682.904 0.546398 0.0110839
683.231 0.556764 0.0106786
683.557 0.545994 0.0102853
683.884 0.562154 0.0102042
684.21 0.549997 0.00977743
684.536 0.544754 0.00939442
684.863 0.555068 0.00936777
685.189 0.539325 0.00926215
685.515 0.543055 0.00970031
685.841 0.532151 0.00999775
686.167 0.532244 0.0101494
686.493 0.534949 0.00994335
686.819 0.54128 0.0100563
687.145 0.543457 0.010426
687.471 0.54312 0.0111631
687.797 0.541521 0.0117113
688.123 0.526989 0.0114499
688.448 0.53569 0.0113655
688.774 0.548028 0.011045
689.1 0.552645 0.0112074
689.425 0.555181 0.011632
689.751 0.546059 0.0117713
690.076 0.542013 0.0113245
690.402 0.539536 0.0105201
690.727 0.549174 0.0102365
691.052 0.547465 0.0103362
691.377 0.549431 0.0107351
691.703 0.540804 0.0108677
692.028 0.54175 0.0110507
692.353 0.535775 0.0106737
692.678 0.533017 0.0106403
693.003 0.533811 0.0108015
693.328 0.536693 0.0117464
693.652 0.541739 0.012515
693.977 0.529466 0.0122597
694.302 0.538347 0.0117569
694.627 0.539062 0.0113336
694.951 0.547348 0.0117817
695.276 0.547821 0.0127237
695.6 0.545147 0.01329
695.925 0.533519 0.0119613
696.249 0.538748 0.0105213
696.574 0.544313 0.0097488
696.898 0.554241 0.0100565
697.222 0.52919 0.0103696
697.546 0.520731 0.0107413
697.871 0.517375 0.0110481
698.195 0.531279 0.0113222
698.519 0.539582 0.0116302
698.843 0.542199 0.0119338
699.167 0.52986 0.0122406
699.491 0.535011 0.0127362
699.814 0.541113 0.0131179
700.138 0.531895 0.0129745
700.462 0.539169 0.0131782
700.786 0.543277 0.0132477
701.109 0.53453 0.0128482
701.433 0.541616 0.0123939
701.756 0.535548 0.0119328
702.08 0.54084 0.0119151
702.403 0.530609 0.011906
702.726 0.529417 0.0123793
703.05 0.523637 0.0127256
703.373 0.533264 0.0130996
703.696 0.535936 0.0131134
704.019 0.551556 0.0137128
704.342 0.542293 0.0140158
704.665 0.547668 0.0146084
704.988 0.538125 0.014649
705.311 0.544388 0.0140568
705.634 0.542314 0.0128173
705.957 0.541578 0.0114505
706.28 0.539472 0.0105344
706.602 0.539779 0.0102031
706.925 0.519319 0.0101016
707.247 0.517292 0.0104632
707.57 0.510934 0.0108913
707.892 0.503388 0.0110751
708.215 0.512736 0.0116863
708.537 0.50713 0.0120993
708.859 0.52417 0.0125397
709.182 0.534628 0.0125945
709.504 0.521519 0.0119901
709.826 0.51794 0.0117023
710.148 0.525118 0.0118653
710.47 0.537353 0.0123054
710.792 0.511363 0.0123693
711.114 0.521818 0.0128716
711.436 0.525016 0.01336
711.758 0.512216 0.0130319
712.079 0.518434 0.0129465
712.401 0.540188 0.012789
712.723 0.526307 0.0120035
713.044 0.514779 0.011309
713.366 0.526193 0.0111287
713.687 0.507738 0.0108934
714.009 0.513415 0.0113369
714.33 0.514139 0.0115445
714.652 0.503067 0.0117622
714.973 0.519241 0.0123336
715.294 0.512516 0.0128098
715.615 0.506489 0.0135154
715.936 0.517691 0.01402
716.257 0.531495 0.0144519
716.578 0.53361 0.0145685
716.899 0.544346 0.0145155
717.22 0.518911 0.0132238
717.541 0.529224 0.0130014
717.862 0.517391 0.0125603
718.182 0.51681 0.012747
718.503 0.501681 0.0122263
718.824 0.53173 0.0127511
719.144 0.525163 0.012823
719.465 0.518961 0.0130973
719.785 0.514053 0.0129309
720.105 0.508435 0.0124991
720.426 0.5133 0.0124467
720.746 0.509276 0.0125751
721.066 0.507725 0.0126144
721.386 0.514414 0.0128461
721.706 0.521515 0.0132853
722.026 0.511839 0.0133174
722.346 0.505171 0.0134722
722.666 0.511898 0.0134599
722.986 0.519117 0.01327
723.306 0.518437 0.0133063
723.626 0.528574 0.0136868
723.946 0.516335 0.0135452
724.265 0.51194 0.0129316
724.585 0.521166 0.0123783
724.904 0.506818 0.0118617
725.224 0.511777 0.0120247
725.543 0.507017 0.0119515
725.863 0.501566 0.0119035
726.182 0.504885 0.0122437
726.501 0.513723 0.0128445
726.82 0.495194 0.0127156
727.14 0.499663 0.0123053
727.459 0.512776 0.0121896
727.778 0.511111 0.0119795
728.097 0.506096 0.0120842
728.416 0.49077 0.0117463
728.734 0.501288 0.0115917
729.053 0.503457 0.0114295
729.372 0.503571 0.0114231
729.691 0.488825 0.0110288
730.009 0.487744 0.0104187
730.328 0.486055 0.0100729
730.647 0.502011 0.0101968
730.965 0.492429 0.010345
731.283 0.494983 0.0107814
731.602 0.49225 0.0110306
731.92 0.496903 0.0109984
732.238 0.486915 0.010598
732.557 0.490561 0.0103648
732.875 0.488203 0.0102965
733.193 0.482939 0.0096914
733.511 0.49547 0.00944201
733.829 0.484436 0.00941917
734.147 0.478089 0.00993802
734.465 0.476452 0.0105051
734.782 0.476905 0.0105045
735.1 0.488305 0.0104939
735.418 0.475661 0.0102531
735.735 0.47329 0.0101608
736.053 0.476366 0.0102558
736.371 0.470242 0.0101533
736.688 0.483203 0.0105842
737.005 0.482786 0.0112123
737.323 0.491576 0.0118762
737.64 0.491264 0.0120415
737.957 0.500378 0.0117478
738.274 0.492223 0.0106128
738.592 0.492181 0.0101434
738.909 0.4911 0.0102521
739.226 0.485166 0.0110444
739.543 0.476806 0.0118197
739.86 0.479227 0.0124184
740.176 0.493715 0.0131327
740.493 0.511294 0.0139723
740.81 0.523101 0.0143446
741.127 0.493181 0.0136134
741.443 0.508967 0.0133919
741.76 0.514799 0.0128311
742.076 0.509138 0.0126911
742.393 0.512345 0.0131767
742.709 0.516412 0.0140085
743.025 0.518519 0.0146111
743.342 0.520244 0.014477
743.658 0.529265 0.0143794
743.974 0.519956 0.01396
744.29 0.516714 0.0136595
744.606 0.521975 0.0139888
744.922 0.52009 0.014085
745.238 0.527611 0.0142028
745.554 0.525524 0.0144111
745.87 0.517737 0.0144355
746.186 0.533059 0.0142959
746.501 0.521442 0.013628
746.817 0.520644 0.0135094
747.132 0.517871 0.0142782
747.448 0.511365 0.014935
747.763 0.529051 0.0152751
748.079 0.517136 0.0145721
748.394 0.52946 0.0136995
748.71 0.524483 0.0127294
749.025 0.506271 0.0116481
749.34 0.508695 0.0114263
749.655 0.500559 0.0114072
749.97 0.504143 0.0119022
750.285 0.487249 0.0118677
750.6 0.495691 0.0118442
750.915 0.497518 0.0114224
751.23 0.499178 0.0115472
751.545 0.492581 0.0118067
751.859 0.490171 0.0123553
752.174 0.506041 0.0130133
752.489 0.49785 0.0122441
752.803 0.505915 0.0116588
753.118 0.499338 0.0113376
753.432 0.489366 0.011462
753.747 0.506768 0.0121858
754.061 0.491087 0.0117737
754.375 0.484779 0.0111842
754.689 0.486493 0.0108789
755.004 0.493216 0.0107627
755.318 0.494617 0.0106425
755.632 0.492884 0.0101945
755.946 0.49273 0.00992716
756.26 0.489539 0.0095543
756.573 0.482757 0.00895243
756.887 0.48378 0.00869794
757.201 0.474829 0.00864297
757.515 0.472533 0.0093228
757.828 0.469383 0.0100227
758.142 0.462961 0.010074
758.455 0.474579 0.0095808
758.769 0.480936 0.00910788
759.082 0.482341 0.00895233
759.396 0.480029 0.00872771
759.709 0.476692 0.00861682
760.022 0.477587 0.0085775
760.335 0.474977 0.008934
760.648 0.461888 0.00937437
760.962 0.449804 0.00995458
761.275 0.459685 0.0106791
761.587 0.477008 0.011142
761.9 0.487659 0.011346
762.213 0.477982 0.0108927
762.526 0.487116 0.0105933
762.839 0.492132 0.0106006
763.151 0.49105 0.0103267
763.464 0.481743 0.00970688
763.776 0.493271 0.00918479
764.089 0.496538 0.00882708
764.401 0.480146 0.00891285
764.714 0.471695 0.00929035
765.026 0.46123 0.00978633
765.338 0.464182 0.0104301
765.65 0.471412 0.011377
765.962 0.459507 0.0118309
766.275 0.478527 0.0125837
766.587 0.475585 0.0127111
766.898 0.495931 0.0126313
767.21 0.506444 0.0122205
767.522 0.511336 0.0113125
767.834 0.510238 0.0107487
768.146 0.501181 0.0106834
768.457 0.487074 0.0109399
768.769 0.480773 0.0114677
769.08 0.488833 0.0118554
769.392 0.494509 0.0115665
769.703 0.49634 0.010983
770.015 0.491554 0.0104835
770.326 0.503018 0.0105282
770.637 0.491447 0.0107277
770.948 0.489103 0.0114323
771.26 0.482032 0.0121448
771.571 0.490157 0.0124572
771.882 0.495962 0.0125113
772.193 0.503842 0.0123148
772.504 0.485618 0.01227
772.814 0.501482 0.0129659
773.125 0.495803 0.0130888
773.436 0.495645 0.0133859
773.747 0.501629 0.0139167
774.057 0.516401 0.0145046
774.368 0.52902 0.014734
774.678 0.527999 0.0150744
774.989 0.517945 0.0153534
775.299 0.536947 0.0160582
775.609 0.533369 0.0160138
775.919 0.534029 0.0158498
776.23 0.528257 0.0155804
776.54 0.52604 0.0157917
776.85 0.532232 0.0157497
777.16 0.52981 0.0156129
777.47 0.541047 0.0150838
777.78 0.534215 0.0141235
778.089 0.524194 0.0132153
778.399 0.521848 0.0131503
778.709 0.520514 0.0134004
779.019 0.502854 0.0139252
779.328 0.5083 0.014901
779.638 0.514087 0.0150506
779.947 0.5211 0.0142002
780.257 0.519761 0.0127776
780.566 0.515966 0.0121324
780.875 0.493895 0.0119041
781.185 0.494615 0.0125197
781.494 0.498237 0.0130415
781.803 0.49317 0.0130588
782.112 0.49543 0.0134421
782.421 0.497009 0.0133682
782.73 0.497893 0.0131082
783.039 0.499343 0.0131514
783.348 0.492825 0.0137125
783.656 0.510797 0.0151791
783.965 0.495122 0.0151545
784.274 0.523455 0.015248
784.582 0.518939 0.0146902
784.891 0.513927 0.0143434
785.199 0.512752 0.0144213
785.508 0.516734 0.0150468
785.816 0.517092 0.0153131
786.124 0.517146 0.0152976
786.432 0.512209 0.0142783
786.741 0.519548 0.0138487
787.049 0.514405 0.0136131
787.357 0.491723 0.01328
787.665 0.473445 0.0129679
787.973 0.494521 0.0133829
788.281 0.500235 0.0138871
788.588 0.475781 0.0140932
788.896 0.497948 0.0152895
789.204 0.496672 0.0157495
789.511 0.500812 0.0160896
789.819 0.508149 0.0162827
790.126 0.503708 0.0163354
790.434 0.529238 0.0168684
790.741 0.526261 0.0169566
791.049 0.537083 0.0169092
791.356 0.527871 0.0172111
791.663 0.558067 0.0185986
791.97 0.541996 0.0179593
792.277 0.587067 0.0193009
792.584 0.542743 0.017252
792.891 0.515233 0.0147743
793.198 0.514145 0.0135822
793.505 0.50633 0.0131207
793.812 0.49685 0.0131421
794.119 0.478626 0.0132814
794.425 0.487495 0.013658
794.732 0.482671 0.0141839
795.038 0.501877 0.0160239
795.345 0.493209 0.0170868
795.651 0.497328 0.0181141
795.958 0.539874 0.0191163
796.264 0.538908 0.0183827
796.57 0.543304 0.0174218
796.876 0.547574 0.0170409
797.183 0.545284 0.0174173
797.489 0.533643 0.0179028
797.795 0.524248 0.0179091
798.101 0.54703 0.0185084
798.406 0.555642 0.0184803
798.712 0.527302 0.0182186
799.018 0.543769 0.019156
799.324 0.55661 0.01954
799.629 0.561572 0.0198179
799.935 0.562409 0.0198684
800.24 0.562831 0.0200179
800.546 0.536867 0.0193841
800.851 0.575008 0.0209199
801.157 0.568528 0.0210864
801.462 0.583383 0.0216838
801.767 0.57691 0.0217997
802.072 0.567758 0.0208164
802.377 0.574473 0.0202341
802.682 0.581047 0.0198429
802.987 0.566193 0.0196788
803.292 0.604406 0.0214813
803.597 0.564154 0.0210932
803.902 0.585089 0.0215586
804.207 0.55318 0.0203673
804.511 0.572988 0.0203718
804.816 0.570147 0.0197056
805.12 0.552589 0.0180333
805.425 0.51691 0.0163728
805.729 0.539557 0.0166268
806.034 0.524268 0.0168948
806.338 0.500007 0.0171233
806.642 0.535642 0.0184571
806.946 0.513683 0.0180298
807.251 0.511409 0.0179971
807.555 0.523779 0.0181459
807.859 0.52408 0.0180075
808.162 0.534974 0.0182785
808.466 0.522361 0.0187673
808.77 0.541488 0.0195295
809.074 0.535176 0.0198688
809.378 0.554962 0.0206557
809.681 0.584329 0.0216012
809.985 0.571721 0.0212503
810.288 0.54969 0.0205361
810.592 0.588717 0.0219769
810.895 0.58182 0.0219719
811.198 0.570606 0.0221605
811.502 0.594316 0.02409
811.805 0.578603 0.0233825
812.108 0.632253 0.0250239
812.411 0.613027 0.0234503
812.714 0.585088 0.0207576
813.017 0.544144 0.0189448
813.32 0.527152 0.0186065
813.623 0.51693 0.0186301
813.926 0.55931 0.0212206
814.228 0.547253 0.0218494
814.531 0.61076 0.0237657
814.833 0.556869 0.022938
815.136 0.554182 0.0229324
815.438 0.592754 0.0242363
815.741 0.612286 0.0243254
816.043 0.627228 0.0242613
816.345 0.598767 0.0228153
816.648 0.59539 0.0229281
816.95 0.568135 0.0227087
817.252 0.609205 0.0240742
817.554 0.592228 0.023796
817.856 0.587645 0.0242349
818.158 0.635983 0.0258572
818.46 0.643772 0.0266203
818.761 0.627071 0.025774
819.063 0.621442 0.0256226
819.365 0.639457 0.0256467
819.666 0.605333 0.0235191
819.968 0.598084 0.0226181
820.269 0.570692 0.0211874
820.571 0.576544 0.0218788
820.872 0.600229 0.0231047
821.173 0.596496 0.0240058
821.475 0.586858 0.0243022
821.776 0.605635 0.0249288
822.077 0.600394 0.0249476
822.378 0.593277 0.024356
822.679 0.59609 0.0250648
822.98 0.638077 0.0263849
823.281 0.639717 0.0269264
823.581 0.624938 0.0264375
823.882 0.646537 0.0274417
824.183 0.663325 0.0270896
824.483 0.619663 0.0256482
824.784 0.574201 0.0233019
825.084 0.594712 0.0239616
825.385 0.57666 0.0232235
825.685 0.596828 0.0245076
825.985 0.636192 0.0260184
826.286 0.617808 0.0255158
826.586 0.587222 0.0240272
826.886 0.604834 0.0242526
827.186 0.578887 0.0234156
827.486 0.603009 0.0248267
827.786 0.638984 0.0264608
828.086 0.638342 0.026768
828.386 0.615091 0.0253668
828.685 0.590408 0.0248446
828.985 0.642089 0.0267984
829.285 0.653717 0.0271303
829.584 0.628359 0.0267181
829.884 0.665574 0.0283585
830.183 0.662738 0.0285031
830.482 0.69836 0.0303959
830.782 0.705653 0.0308378
831.081 0.759827 0.0338531
831.38 0.708324 0.0319939
831.679 0.663498 0.0288243
831.978 0.648055 0.0284753
832.277 0.642378 0.0278177
832.576 0.677358 0.0288755
832.875 0.665618 0.0288471
833.174 0.639552 0.0276585
833.472 0.710813 0.0301854
833.771 0.687871 0.0290409
834.07 0.62121 0.0270163
834.368 0.649727 0.027791
834.667 0.648989 0.0283461
834.965 0.676644 0.0295143
835.263 0.68031 0.0298356
835.562 0.654564 0.0289925
835.86 0.687138 0.029756
836.158 0.68598 0.0306409
836.456 0.75938 0.0338144
836.754 0.6812 0.0302905
837.052 0.751872 0.0326898
837.35 0.646857 0.0298643
837.648 0.752143 0.0337396
837.946 0.725584 0.031996
838.243 0.703522 0.0323439
838.541 0.716394 0.0324336
838.839 0.698068 0.0307233
839.136 0.727482 0.0319829
839.434 0.706177 0.0314541
839.731 0.656721 0.0294006
840.028 0.78816 0.0343599
840.326 0.697643 0.0309697
840.623 0.726587 0.0324547
840.92 0.774607 0.0337053
841.217 0.765255 0.0349311
841.514 0.7726 0.0341638
841.811 0.688155 0.0317136
842.108 0.71111 0.0324121
842.405 0.740575 0.0334217
842.701 0.688688 0.0311975
842.998 0.713776 0.0329637
843.295 0.727297 0.0327094
843.591 0.816727 0.0354623
843.888 0.765725 0.0342707
844.184 0.787725 0.0352454
844.481 0.723958 0.0329491
844.777 0.799472 0.0361949
845.073 0.755562 0.0346533
845.369 0.794657 0.034718
845.665 0.794342 0.0356121
845.962 0.778173 0.0349773
846.258 0.784359 0.0357715
846.553 0.824844 0.037311
846.849 0.794015 0.0353964
847.145 0.730698 0.0333934
847.441 0.767513 0.0347177
847.737 0.794942 0.0363617
848.032 0.770802 0.0343421
848.328 0.760305 0.0341449
848.623 0.890342 0.040486
848.919 0.782583 0.0359354
849.214 0.746203 0.03443
849.509 0.834132 0.0372689
849.805 0.772828 0.035009
850.1 0.778874 0.0357866
850.395 0.774838 0.0366363
850.69 0.812482 0.0373083
850.985 0.726069 0.0335823
851.28 0.770961 0.0352962
851.575 0.73974 0.0339377
851.869 0.751312 0.0343456
852.164 0.732013 0.0333943
852.459 0.680394 0.0309028
852.753 0.695098 0.0305592
853.048 0.649069 0.0288941
853.342 0.623475 0.0272244
853.637 0.623373 0.0278128
853.931 0.610662 0.027519
854.225 0.623106 0.0280394
854.52 0.66999 0.0291377
854.814 0.676358 0.0300583
855.108 0.740271 0.0328526
855.402 0.68818 0.0309233
855.696 0.709694 0.0321115
855.99 0.711518 0.0319446
856.283 0.726407 0.0321299
856.577 0.720161 0.0318182
856.871 0.731093 0.0317864
857.164 0.709544 0.0321985
857.458 0.692877 0.0326064
857.751 0.705702 0.0320711
858.045 0.769319 0.0351273
858.338 0.685148 0.0317573
858.632 0.811808 0.0361285
858.925 0.741585 0.0344257
859.218 0.7904 0.0357114
859.511 0.762496 0.0347336
859.804 0.805736 0.0365851
860.097 0.736947 0.0337893
860.39 0.790673 0.0359959
860.683 0.7508 0.0346211
860.976 0.829492 0.0375213
861.268 0.787116 0.0361759
861.561 0.782824 0.0360221
861.854 0.797921 0.036509
862.146 0.780409 0.036508
862.439 0.795799 0.0360389
862.731 0.764679 0.0355192
863.023 0.786706 0.0352097
863.316 0.800625 0.0361005
863.608 0.719276 0.0324512
863.9 0.809211 0.0376801
864.192 0.781664 0.0356801
864.484 0.804568 0.0369118
864.776 0.768191 0.0346881
865.068 0.830285 0.0377328
865.36 0.781546 0.0360934
865.651 0.798933 0.0365553
865.943 0.853627 0.038703
866.235 0.780266 0.0363103
866.526 0.807461 0.0376919
866.818 0.773397 0.03658
867.109 0.779991 0.0370097
867.4 0.775074 0.0356976
867.692 0.768585 0.0357227
867.983 0.754909 0.0352931
868.274 0.778474 0.0355031
868.565 0.797555 0.0363412
868.856 0.778239 0.0365544
869.147 0.774177 0.0360047
869.438 0.895386 0.0407153
869.729 0.851634 0.0395464
870.02 0.858993 0.0392566
870.31 0.873416 0.0394968
870.601 0.771299 0.0357612
870.892 0.829886 0.0380054
871.182 0.872396 0.0395077
871.473 0.73919 0.0352655
871.763 0.781996 0.037176
872.053 0.874039 0.0388002
872.343 0.795 0.0364836
872.634 0.857517 0.039602
872.924 0.892122 0.0414644
873.214 0.807815 0.0376732
873.504 0.830475 0.0385755
873.794 0.808185 0.0375401
874.084 0.812646 0.0372715
874.373 0.887538 0.0402405
874.663 0.816834 0.0372309
874.953 0.846559 0.0395411
875.242 0.826808 0.0385116
875.532 0.800302 0.036782
875.821 0.872846 0.0398543
876.111 0.813075 0.0373465
876.4 0.788287 0.0360467
876.689 0.79584 0.0363382
876.978 0.812545 0.0376162
877.268 0.817925 0.0376596
877.557 0.79169 0.0370126
877.846 0.810692 0.0376683
878.134 0.853135 0.0396404
878.423 0.853292 0.0396477
878.712 0.853449 0.039655
