178.41 0.627 0.123321
178.791 0.63097 0.124102
179.172 0.634911 0.124877
179.553 0.287498 0.287498
179.934 0.257285 0.257285
180.316 0.355628 0.355628
180.697 1.21669 1.21669
181.078 0.776927 0.776927
181.459 0.455769 0.455769
181.84 0.536782 0.536782
182.221 3.42608 3.42608
182.602 -0.255819 -0.255819
182.983 -0.160392 -0.160392
183.364 1.02895 0.332614
183.744 0.48431 0.0743686
184.125 0.567089 0.0680088
184.506 0.622038 0.0630901
184.887 0.988101 0.091727
185.268 0.976769 0.0802195
185.648 0.586984 0.0450674
186.029 0.581056 0.0431848
186.41 0.622724 0.0421144
186.791 0.631931 0.0394787
187.171 0.581098 0.0348613
187.552 0.525266 0.0279932
187.932 0.471644 0.0242421
188.313 0.497647 0.0251939
188.694 0.485082 0.0232796
189.074 0.524106 0.0242644
189.455 0.505729 0.023203
189.835 0.520854 0.0234057
190.216 0.507283 0.0223892
190.596 0.503236 0.0219574
190.977 0.480154 0.020922
191.357 0.511528 0.021892
191.737 0.487451 0.0210984
192.118 0.505333 0.0218203
192.498 0.479359 0.0204727
192.878 0.461535 0.0195553
193.258 0.470599 0.0199751
193.639 0.490026 0.0204075
194.019 0.469444 0.0196374
194.399 0.483445 0.0198525
194.779 0.492092 0.0199752
195.159 0.469664 0.0189632
195.54 0.45708 0.0185237
195.92 0.442049 0.0179521
196.3 0.447842 0.018124
196.68 0.484366 0.0192011
197.06 0.460029 0.0183759
197.44 0.451999 0.017938
197.82 0.447061 0.0177222
198.2 0.426912 0.0172013
198.58 0.404995 0.0162069
198.959 0.424853 0.0165643
199.339 0.41085 0.0161227
199.719 0.439392 0.0171533
200.099 0.413045 0.0159773
200.479 0.402117 0.0156745
200.858 0.385384 0.0151731
201.238 0.403468 0.0157135
201.618 0.406191 0.015497
201.998 0.38223 0.0148167
202.377 0.394179 0.0149074
202.757 0.376078 0.0143129
203.136 0.384804 0.0146299
203.516 0.391228 0.0145421
203.896 0.358784 0.0134953
204.275 0.371105 0.0138757
204.655 0.366232 0.0135182
205.034 0.352605 0.013197
205.414 0.347381 0.0127442
205.793 0.33917 0.0125001
206.172 0.333074 0.0122099
206.552 0.332202 0.012248
206.931 0.3547 0.0124414
207.31 0.338234 0.0119959
207.69 0.325126 0.0114862
208.069 0.339019 0.0118117
208.448 0.331988 0.0114669
208.827 0.340747 0.0115237
209.207 0.32984 0.0110977
209.586 0.32618 0.0108794
209.965 0.32475 0.010883
210.344 0.316088 0.0105066
210.723 0.303323 0.010125
211.102 0.299305 0.00989643
211.481 0.289071 0.00968582
211.86 0.297161 0.0097433
212.239 0.295938 0.00952168
212.618 0.294014 0.0093929
212.997 0.294394 0.0093902
213.376 0.278803 0.00889928
213.755 0.274398 0.00869768
214.134 0.277121 0.0087007
214.513 0.279875 0.00867354
214.891 0.271809 0.00834608
215.27 0.281634 0.00843454
215.649 0.273206 0.00813002
216.028 0.276069 0.00811282
216.406 0.27941 0.00803455
216.785 0.279346 0.00797552
217.164 0.276378 0.00777423
217.542 0.272984 0.00759821
217.921 0.272977 0.0075072
218.3 0.278708 0.00758795
218.678 0.270619 0.00731921
219.057 0.269682 0.00723043
219.435 0.273001 0.00715633
219.814 0.264159 0.00694393
220.192 0.261752 0.00680281
220.57 0.260232 0.00668418
220.949 0.260043 0.00663663
221.327 0.265326 0.00655378
221.705 0.263713 0.00647002
222.084 0.262302 0.00634437
222.462 0.266384 0.00635608
222.84 0.269028 0.00628976
223.218 0.26907 0.00620264
223.597 0.273297 0.00612898
223.975 0.271508 0.00600308
224.353 0.276416 0.00596487
224.731 0.277856 0.00588166
225.109 0.282857 0.00589356
225.487 0.29133 0.00590644
225.865 0.295988 0.00585926
226.243 0.297086 0.00579036
226.621 0.301233 0.00573997
226.999 0.302003 0.00565337
227.377 0.30885 0.00564573
227.755 0.304519 0.00550658
228.133 0.312261 0.00550754
228.511 0.31823 0.00554231
228.889 0.317865 0.00543447
229.266 0.317595 0.00539449
229.644 0.32098 0.00531029
230.022 0.323994 0.00527753
230.4 0.323653 0.00521848
230.777 0.323626 0.00516689
231.155 0.325676 0.00512303
231.533 0.32323 0.00501517
231.91 0.328974 0.00499439
232.288 0.33299 0.0049985
232.665 0.334123 0.00494707
233.043 0.342108 0.00494841
233.42 0.34719 0.00495869
233.798 0.349005 0.00490446
234.175 0.360422 0.00493642
234.553 0.369489 0.004972
234.93 0.374325 0.00493931
235.307 0.385013 0.00497734
235.685 0.384972 0.0049099
236.062 0.394505 0.00493618
236.439 0.3983 0.00492296
236.816 0.405542 0.00490566
237.194 0.414546 0.00491227
237.571 0.418156 0.00490535
237.948 0.425454 0.00492125
238.325 0.428985 0.00490263
238.702 0.433135 0.00488299
239.079 0.435185 0.00485219
239.456 0.434452 0.00481212
239.833 0.435514 0.00477953
240.21 0.4458 0.00480885
240.587 0.442113 0.00475138
240.964 0.440156 0.00471162
241.341 0.441562 0.00468779
241.718 0.440937 0.00464319
242.095 0.4372 0.00460449
242.472 0.436053 0.00455714
242.849 0.440724 0.00457507
243.225 0.433154 0.00447675
243.602 0.441745 0.00452159
243.979 0.446356 0.00453594
244.356 0.441109 0.00446404
244.732 0.442001 0.00442609
245.109 0.448596 0.00445017
245.486 0.447904 0.00441023
245.862 0.454801 0.00443929
246.239 0.460978 0.00444082
246.615 0.461418 0.00441449
246.992 0.468691 0.00442477
247.368 0.473992 0.00442985
247.745 0.476442 0.00441864
248.121 0.480931 0.00439478
248.497 0.490198 0.00444909
248.874 0.497054 0.0044565
249.25 0.496868 0.00441057
249.626 0.500157 0.0044096
250.003 0.504941 0.0044106
250.379 0.508714 0.00439904
250.755 0.512278 0.00439602
251.131 0.513624 0.00437729
251.507 0.517949 0.00440579
251.884 0.515033 0.00434707
252.26 0.51575 0.00434913
252.636 0.513252 0.00430444
253.012 0.515476 0.00429811
253.388 0.514379 0.00427475
253.764 0.511549 0.00424954
254.14 0.508461 0.00422823
254.516 0.505782 0.0042041
254.892 0.504503 0.00419484
255.268 0.502592 0.00416854
255.643 0.497363 0.00413515
256.019 0.49465 0.00409884
256.395 0.491661 0.00408972
256.771 0.493507 0.00407458
257.147 0.490021 0.00405106
257.522 0.494759 0.00407479
257.898 0.492262 0.00404395
258.274 0.48894 0.00402747
258.649 0.492909 0.00403374
259.025 0.491371 0.00400841
259.4 0.49048 0.00399605
259.776 0.49521 0.00401408
260.151 0.503047 0.00405021
260.527 0.499645 0.00402977
260.902 0.504002 0.00402501
261.278 0.502532 0.00401155
261.653 0.509681 0.00404207
262.028 0.511241 0.00404864
262.404 0.517037 0.00406789
262.779 0.52266 0.00407415
263.154 0.526109 0.00407663
263.53 0.527623 0.00406676
263.905 0.53019 0.00408792
264.28 0.533999 0.00410643
264.655 0.538259 0.0041118
265.03 0.5392 0.0041314
265.405 0.54553 0.00414052
265.781 0.544056 0.00412048
266.156 0.551043 0.00416468
266.531 0.546761 0.00412383
266.906 0.544587 0.0041192
267.281 0.545525 0.00410411
267.655 0.548695 0.00414681
268.03 0.542744 0.00410967
268.405 0.542742 0.00411728
268.78 0.544342 0.00412836
269.155 0.539273 0.00408914
269.53 0.535007 0.00407504
269.904 0.53298 0.00406587
270.279 0.535277 0.00408967
270.654 0.525972 0.00403407
271.029 0.526126 0.00404604
271.403 0.524185 0.00403821
271.778 0.521666 0.00402424
272.152 0.518721 0.0040187
272.527 0.515897 0.00400402
272.901 0.519237 0.00400952
273.276 0.516243 0.00399053
273.65 0.512712 0.00396696
274.025 0.513978 0.00399755
274.399 0.51191 0.00399231
274.774 0.511651 0.00397502
275.148 0.513526 0.00397494
275.522 0.510073 0.00395105
275.897 0.514612 0.00398547
276.271 0.516926 0.00399651
276.645 0.517555 0.00398702
277.019 0.523459 0.00401243
277.393 0.521745 0.0039945
277.768 0.52654 0.00402841
278.142 0.526929 0.00401368
278.516 0.537051 0.00408323
278.89 0.538136 0.00406808
279.264 0.544076 0.0041034
279.638 0.545101 0.00408837
280.012 0.545418 0.00408466
280.386 0.552282 0.0041358
280.76 0.553349 0.00412431
281.133 0.561391 0.00415843
281.507 0.560914 0.00415049
281.881 0.563634 0.00415592
282.255 0.567962 0.00418119
282.629 0.568251 0.00419134
283.002 0.567008 0.00418497
283.376 0.569905 0.00419325
283.75 0.57214 0.00421282
284.123 0.574353 0.00421371
284.497 0.57177 0.00421066
284.87 0.57434 0.0042225
285.244 0.571808 0.00419942
285.618 0.572061 0.00420926
285.991 0.569599 0.00421889
286.364 0.573976 0.00424197
286.738 0.567992 0.00421141
287.111 0.564486 0.00418196
287.485 0.565913 0.00420903
287.858 0.565911 0.00421821
288.231 0.562226 0.00421266
288.605 0.564314 0.00422819
288.978 0.558039 0.00418864
289.351 0.555236 0.00419702
289.724 0.553058 0.00420491
290.097 0.552377 0.00419538
290.47 0.551219 0.00420347
290.843 0.549379 0.00419272
291.217 0.548365 0.00420255
291.59 0.545833 0.00421839
291.963 0.54636 0.00421055
292.336 0.541952 0.00420474
292.708 0.54101 0.00419831
293.081 0.539815 0.00420158
293.454 0.544558 0.00422622
293.827 0.543618 0.00423612
294.2 0.543838 0.00425712
294.573 0.540337 0.00423075
294.945 0.545238 0.00427725
295.318 0.540931 0.00423984
295.691 0.548791 0.00429368
296.064 0.54937 0.00430023
296.436 0.551932 0.00431547
296.809 0.553137 0.00432202
297.181 0.553617 0.00433693
297.554 0.558653 0.00436845
297.926 0.562091 0.00438155
298.299 0.56389 0.00439141
298.671 0.565429 0.00438004
299.044 0.573679 0.00443543
299.416 0.570302 0.00441455
299.788 0.576938 0.00444621
300.161 0.579584 0.00446149
300.533 0.584534 0.00448309
300.905 0.582892 0.00445513
301.278 0.584807 0.00446948
301.65 0.588406 0.00448129
302.022 0.592836 0.00451765
302.394 0.592436 0.00452452
302.766 0.595599 0.00452653
303.138 0.597648 0.00455209
303.51 0.594965 0.00451072
303.882 0.600651 0.00455325
304.254 0.599274 0.00453521
304.626 0.601759 0.00453988
304.998 0.602948 0.0045405
305.37 0.599322 0.00455356
305.742 0.600548 0.004542
306.114 0.602487 0.00455428
306.485 0.596539 0.00452262
306.857 0.598832 0.00452816
307.229 0.596999 0.00453081
307.601 0.597234 0.00454192
307.972 0.594556 0.00452696
308.344 0.592734 0.00452246
308.716 0.592478 0.0045464
309.087 0.589646 0.00451384
309.459 0.587533 0.00451692
309.83 0.588199 0.00451646
310.202 0.581952 0.00448113
310.573 0.581551 0.00447962
310.945 0.585419 0.00451379
311.316 0.576825 0.00448692
311.687 0.573859 0.00445625
312.059 0.571079 0.00445513
312.43 0.571686 0.00446293
312.801 0.566476 0.00443043
313.172 0.564704 0.00444197
313.544 0.564456 0.00444016
313.915 0.562497 0.00442723
314.286 0.561658 0.00442531
314.657 0.555538 0.00439295
315.028 0.557401 0.00441024
315.399 0.554531 0.00440113
315.77 0.55849 0.00441602
316.141 0.551257 0.00438992
316.512 0.553616 0.00440158
316.883 0.556417 0.00443455
317.254 0.555076 0.00442536
317.625 0.554239 0.00443059
317.996 0.553619 0.00441799
318.366 0.554045 0.00442792
318.737 0.556898 0.00443516
319.108 0.556996 0.00444179
319.478 0.558984 0.00446498
319.849 0.559611 0.00445358
320.22 0.566007 0.00449214
320.59 0.563197 0.00447884
320.961 0.567064 0.00450607
321.331 0.567107 0.00449578
321.702 0.572037 0.00455412
322.072 0.573473 0.00455364
322.443 0.576504 0.00457127
322.813 0.577196 0.00456332
323.184 0.583289 0.00460871
323.554 0.583145 0.00460839
323.924 0.580587 0.00458839
324.295 0.588402 0.00464372
324.665 0.585619 0.00463802
325.035 0.587063 0.00463194
325.405 0.586743 0.0046459
325.775 0.599119 0.00472374
326.145 0.591326 0.00468975
326.515 0.598166 0.00474648
326.886 0.598426 0.00474769
327.256 0.59639 0.00474047
327.626 0.600986 0.00479569
327.995 0.596994 0.00479715
328.365 0.58872 0.00476944
328.735 0.584068 0.00477036
329.105 0.580714 0.00479536
329.475 0.597114 0.00490684
329.845 0.605506 0.0049579
330.215 0.626842 0.00503308
330.584 0.635602 0.00501185
330.954 0.644772 0.00498357
331.324 0.633218 0.00482555
331.693 0.622598 0.0047101
332.063 0.615097 0.00465341
332.432 0.601099 0.00457036
332.802 0.588033 0.00451967
333.171 0.585844 0.00455337
333.541 0.585159 0.00463052
333.91 0.587834 0.00467628
334.28 0.592149 0.00472884
334.649 0.591781 0.00473929
335.018 0.589806 0.0047432
335.388 0.591577 0.00476165
335.757 0.586684 0.00473867
336.126 0.583826 0.00474532
336.495 0.58749 0.00476282
336.865 0.581519 0.00474576
337.234 0.583962 0.00478746
337.603 0.582103 0.00476636
337.972 0.58124 0.00477772
338.341 0.575988 0.00474242
338.71 0.575807 0.00475339
339.079 0.57476 0.00475522
339.448 0.571553 0.00472425
339.817 0.568211 0.00471989
340.186 0.567385 0.00472536
340.554 0.569088 0.00474604
340.923 0.561353 0.00470491
341.292 0.566766 0.00475307
341.661 0.562409 0.0047218
342.029 0.558066 0.00469839
342.398 0.559488 0.00472515
342.767 0.560257 0.00474571
343.135 0.554914 0.00469447
343.504 0.558326 0.00474136
343.872 0.55618 0.00470548
344.241 0.55613 0.00470721
344.609 0.553501 0.00471111
344.978 0.554477 0.00472079
345.346 0.556836 0.00471745
345.715 0.555136 0.00472854
346.083 0.551973 0.00471368
346.451 0.560387 0.0047654
346.82 0.554662 0.00473677
347.188 0.554001 0.00472906
347.556 0.556768 0.00475636
347.924 0.553375 0.00471804
348.292 0.566578 0.00483668
348.66 0.5653 0.00481857
349.028 0.561628 0.00478909
349.396 0.562502 0.00480127
349.764 0.568517 0.00482356
350.132 0.569164 0.0048527
350.5 0.567491 0.00482712
350.868 0.575279 0.0048935
351.236 0.571369 0.00486602
351.604 0.57513 0.00489827
351.972 0.581236 0.00493138
352.34 0.576079 0.00490849
352.707 0.580788 0.00493029
353.075 0.580017 0.00491582
353.443 0.583172 0.00494594
353.81 0.584031 0.00496957
354.178 0.589584 0.00499408
354.545 0.586794 0.00496356
354.913 0.588732 0.00498843
355.28 0.58326 0.00495641
355.648 0.591447 0.00500197
356.015 0.595354 0.00503538
356.383 0.593217 0.00501766
356.75 0.595997 0.00504682
357.117 0.592983 0.00503218
357.485 0.59966 0.00507843
357.852 0.596253 0.00505943
358.219 0.597705 0.0050712
358.586 0.600749 0.00507942
358.954 0.597845 0.00507532
359.321 0.59694 0.00507509
359.688 0.600506 0.00510684
360.055 0.59624 0.00507939
360.422 0.595674 0.00507116
360.789 0.599168 0.00510986
361.156 0.597409 0.00510108
361.523 0.595658 0.00511341
361.89 0.598651 0.00512668
362.256 0.593924 0.00507369
362.623 0.595536 0.00512196
362.99 0.600377 0.00516337
363.357 0.598348 0.0051483
363.724 0.593266 0.00511912
364.09 0.591244 0.00511852
364.457 0.596625 0.0051649
364.823 0.589235 0.00509825
365.19 0.58159 0.00506121
365.557 0.587062 0.00510593
365.923 0.585544 0.00509999
366.29 0.585969 0.00510821
366.656 0.586249 0.00511582
367.022 0.582816 0.00507449
367.389 0.581826 0.00510344
367.755 0.573468 0.00505683
368.121 0.576113 0.00509702
368.488 0.571816 0.00507105
368.854 0.569955 0.00506477
369.22 0.573812 0.00511974
369.586 0.5654 0.00509421
369.952 0.56476 0.0050993
370.318 0.56296 0.0051071
370.684 0.563591 0.0051254
371.051 0.560372 0.00510145
371.416 0.559588 0.00512437
371.782 0.553947 0.00508214
372.148 0.554597 0.00509543
372.514 0.556008 0.00512327
372.88 0.548289 0.00508148
373.246 0.552775 0.00511789
373.612 0.549943 0.00509421
373.977 0.549585 0.00507407
374.343 0.546821 0.00505772
374.709 0.551552 0.00506308
375.074 0.54546 0.00505383
375.44 0.542764 0.00505339
375.806 0.54446 0.00508647
376.171 0.542921 0.00507485
376.537 0.533628 0.00501391
376.902 0.54032 0.00506755
377.268 0.544447 0.00506679
377.633 0.542709 0.00504785
377.998 0.536086 0.00498123
378.364 0.543101 0.00499578
378.729 0.536366 0.00495577
379.094 0.542472 0.00500108
379.459 0.543959 0.00506893
379.825 0.53849 0.00504336
380.19 0.539017 0.00504836
380.555 0.541017 0.00510291
380.92 0.542186 0.00514769
381.285 0.546797 0.00519242
381.65 0.543999 0.00514891
382.015 0.540658 0.00511263
382.38 0.543395 0.00514922
382.745 0.549512 0.00521981
383.11 0.545964 0.00519355
383.474 0.548842 0.00520922
383.839 0.548752 0.00520782
384.204 0.554521 0.00525945
384.569 0.552096 0.00524507
384.933 0.55751 0.00528128
385.298 0.560096 0.00532994
385.663 0.561706 0.00534883
386.027 0.55853 0.00529941
386.392 0.559582 0.00528703
386.756 0.55798 0.00524553
387.121 0.565141 0.00528476
387.485 0.565976 0.00524569
387.849 0.562451 0.00519599
388.214 0.572241 0.00531468
388.578 0.56509 0.00528107
388.942 0.573906 0.00538471
389.307 0.564965 0.00531716
389.671 0.575915 0.00539935
390.035 0.572462 0.00535382
390.399 0.575875 0.00537153
390.763 0.57815 0.00535445
391.127 0.573916 0.00529454
391.492 0.578378 0.00525911
391.856 0.5821 0.00523014
392.219 0.57684 0.00513729
392.583 0.584922 0.00520927
392.947 0.586348 0.00529378
393.311 0.581454 0.00533928
393.675 0.583512 0.00537239
394.039 0.580222 0.00537113
394.403 0.588533 0.00542974
394.766 0.58915 0.00546785
395.13 0.586362 0.00545896
395.494 0.581978 0.00543103
395.857 0.588046 0.00545593
396.221 0.586969 0.00542443
396.584 0.58614 0.00538604
396.948 0.584945 0.00532387
397.311 0.584789 0.00524216
397.675 0.586643 0.00521903
398.038 0.585109 0.00519623
398.401 0.590201 0.00528966
398.765 0.585717 0.00534838
399.128 0.591491 0.0054541
399.491 0.581007 0.00544193
399.854 0.578872 0.00545325
400.218 0.579552 0.00544547
400.581 0.586781 0.00553668
400.944 0.580413 0.00549925
401.307 0.58923 0.00563402
401.67 0.583447 0.0055916
402.033 0.580308 0.00558097
402.396 0.58105 0.00558909
402.759 0.573858 0.00555223
403.122 0.577112 0.00556229
403.485 0.580142 0.00556812
403.847 0.573389 0.00550215
404.21 0.575855 0.0054878
404.573 0.576298 0.00546762
404.936 0.568473 0.00538141
405.298 0.578605 0.00549881
405.661 0.572999 0.00555306
406.023 0.570511 0.0056048
406.386 0.564529 0.00558846
406.749 0.569738 0.00566411
407.111 0.569887 0.00569291
407.473 0.563928 0.0055846
407.836 0.560786 0.0055226
408.198 0.565023 0.0055305
408.561 0.562526 0.00551962
408.923 0.553242 0.00545439
409.285 0.546695 0.00541463
409.647 0.557281 0.00554728
410.009 0.55731 0.00559846
410.372 0.553177 0.00557707
410.734 0.554263 0.00561064
411.096 0.549977 0.00558548
411.458 0.546874 0.0055719
411.82 0.545824 0.00552855
412.182 0.541163 0.00544965
412.544 0.54241 0.00547759
412.906 0.546108 0.00549552
413.267 0.539896 0.00545305
413.629 0.54252 0.00552261
413.991 0.542295 0.00555124
414.353 0.539218 0.00554299
414.714 0.541217 0.00562553
415.076 0.533003 0.00556481
415.438 0.537508 0.00558264
415.799 0.531712 0.00552052
416.161 0.533429 0.00558274
416.522 0.533719 0.00561909
416.884 0.529725 0.00559973
417.245 0.535025 0.00563775
417.607 0.528179 0.00559241
417.968 0.527269 0.00560854
418.329 0.528566 0.00557496
418.691 0.524837 0.00556057
419.052 0.525259 0.00555428
419.413 0.523933 0.00553514
419.774 0.527622 0.00551761
420.135 0.523108 0.00538829
420.497 0.522226 0.00529727
420.858 0.522453 0.00522482
421.219 0.527365 0.00523559
421.58 0.524682 0.00526512
421.941 0.523855 0.00532533
422.302 0.525024 0.00544129
422.662 0.527438 0.00548261
423.023 0.528461 0.00551753
423.384 0.52813 0.00553768
423.745 0.528127 0.00551878
424.106 0.533278 0.00554609
424.466 0.52694 0.00546779
424.827 0.529585 0.00552579
425.187 0.536498 0.00566985
425.548 0.533393 0.00572341
425.909 0.531788 0.00573322
426.269 0.530651 0.00568899
426.63 0.532359 0.00567688
426.99 0.53204 0.0056083
427.35 0.536341 0.00565485
427.711 0.537659 0.00565807
428.071 0.536848 0.00560086
428.431 0.53295 0.00549094
428.792 0.537031 0.00533821
429.152 0.541133 0.00520006
429.512 0.545975 0.0051921
429.872 0.542509 0.00518741
430.232 0.542863 0.00524168
430.592 0.553612 0.00544838
430.952 0.551803 0.00560157
431.312 0.552952 0.00573144
431.672 0.546765 0.00581559
432.032 0.555185 0.00586582
432.392 0.555722 0.00582559
432.752 0.546093 0.00551464
433.111 0.550251 0.00537195
433.471 0.562301 0.00545932
433.831 0.573105 0.00573392
434.19 0.560842 0.00569296
434.55 0.557202 0.00566447
434.91 0.560022 0.00575521
435.269 0.562843 0.00571962
435.629 0.561123 0.00568351
435.988 0.564376 0.00567994
436.348 0.563738 0.00571113
436.707 0.567942 0.00583652
437.066 0.560995 0.0058076
437.426 0.564359 0.00579507
437.785 0.562771 0.00574996
438.144 0.566087 0.00575662
438.503 0.569095 0.00582661
438.862 0.570891 0.00585572
439.222 0.569267 0.00587569
439.581 0.571191 0.00593948
439.94 0.573612 0.00593078
440.299 0.56812 0.00569793
440.658 0.559684 0.00546291
441.017 0.569547 0.00548872
441.376 0.579078 0.00558203
441.734 0.576129 0.00564272
442.093 0.571117 0.00563432
442.452 0.56471 0.00556704
442.811 0.568325 0.0055406
443.169 0.5745 0.00558728
443.528 0.577485 0.00568466
443.887 0.572229 0.00568192
444.245 0.569954 0.00567206
444.604 0.57391 0.00576722
444.962 0.570798 0.00579057
445.321 0.568641 0.00576992
445.679 0.564861 0.0057265
446.038 0.57156 0.00573442
446.396 0.573293 0.0057994
446.754 0.572515 0.00588312
447.112 0.571656 0.00589544
447.471 0.572649 0.00595555
447.829 0.572925 0.00598245
448.187 0.570011 0.0059456
448.545 0.570707 0.00594048
448.903 0.566223 0.00592905
449.261 0.572524 0.00597859
449.619 0.567154 0.00599599
449.977 0.569167 0.00601979
450.335 0.571745 0.00609751
450.693 0.570086 0.00611704
451.051 0.566304 0.00611591
451.409 0.560813 0.00606631
451.766 0.57335 0.00618017
452.124 0.57219 0.00624303
452.482 0.565531 0.00625265
452.839 0.560794 0.00626689
453.197 0.566096 0.00637267
453.555 0.566298 0.00638432
453.912 0.57154 0.00645056
454.27 0.553022 0.00620629
454.627 0.563794 0.00621671
454.984 0.559042 0.0061582
455.342 0.560953 0.00625781
455.699 0.558699 0.00629897
456.056 0.554486 0.00628683
456.414 0.552649 0.0061946
456.771 0.548659 0.00610862
457.128 0.555788 0.006107
457.485 0.543356 0.00597451
457.842 0.550457 0.00604936
458.199 0.551412 0.00606633
458.556 0.548371 0.00599296
458.913 0.550872 0.00602505
459.27 0.548486 0.0059622
459.627 0.543487 0.005991
459.984 0.540184 0.00594897
460.341 0.546229 0.00599699
460.697 0.543917 0.0060463
461.054 0.54844 0.00621807
461.411 0.54123 0.00631174
461.767 0.540238 0.00638353
462.124 0.534904 0.00639034
462.481 0.533474 0.00628262
462.837 0.530795 0.00618171
463.194 0.529858 0.00603861
463.55 0.528546 0.00606332
463.907 0.524717 0.00589792
464.263 0.52519 0.00581726
464.619 0.531351 0.00576221
464.976 0.524987 0.0056231
465.332 0.531547 0.0056409
465.688 0.531767 0.00574431
466.044 0.533218 0.00598442
466.4 0.531608 0.00611231
466.756 0.526278 0.00613367
467.112 0.521825 0.00608728
467.468 0.526764 0.00614446
467.824 0.521529 0.0061044
468.18 0.521163 0.00620612
468.536 0.51736 0.00621436
468.892 0.517278 0.00627625
469.248 0.515484 0.00629421
469.604 0.515369 0.0063476
469.959 0.522662 0.00642052
470.315 0.515914 0.00634658
470.671 0.519472 0.00637627
471.026 0.510535 0.00627205
471.382 0.508427 0.00620926
471.737 0.508918 0.00615047
472.093 0.509998 0.00607419
472.448 0.509718 0.00598354
472.804 0.502802 0.00584173
473.159 0.510471 0.00586101
473.514 0.513424 0.00588369
473.87 0.508056 0.00579495
474.225 0.504258 0.00561663
474.58 0.504175 0.00549265
474.935 0.511207 0.0055366
475.29 0.51654 0.00563767
475.645 0.510859 0.00564336
476 0.505781 0.00561625
476.355 0.514942 0.00572154
476.71 0.51147 0.00571801
477.065 0.507494 0.00558307
477.42 0.504343 0.00543978
477.775 0.511993 0.00549019
478.13 0.511285 0.00549093
478.485 0.513906 0.00550099
478.839 0.510208 0.00544869
479.194 0.509332 0.00530792
479.549 0.505222 0.00517439
479.903 0.517968 0.00524744
480.258 0.521769 0.00534733
480.612 0.513601 0.00521763
480.967 0.511173 0.00510203
481.321 0.511933 0.00507613
481.675 0.520365 0.0052096
482.03 0.523088 0.00533069
482.384 0.513053 0.00530355
482.738 0.513741 0.0052783
483.093 0.51899 0.0052847
483.447 0.513449 0.00512612
483.801 0.513809 0.00499722
484.155 0.521155 0.00495682
484.509 0.501236 0.00451623
484.863 0.461674 0.00291034
485.217 0.506104 0.00267137
485.571 0.551866 0.00275958
485.925 0.596906 0.00349635
486.279 0.565553 0.00405532
486.632 0.515096 0.00422681
486.986 0.519505 0.00460809
487.34 0.536017 0.00502736
487.694 0.534182 0.00519725
488.047 0.52801 0.00522825
488.401 0.53274 0.0052455
488.754 0.534085 0.00528496
489.108 0.535524 0.00536508
489.461 0.535209 0.0054184
489.815 0.544761 0.00553053
490.168 0.533675 0.00540934
490.522 0.538937 0.00541781
490.875 0.540432 0.00543242
491.228 0.547239 0.00549367
491.581 0.542791 0.00543739
491.935 0.545924 0.00546766
492.288 0.541222 0.0054616
492.641 0.544454 0.00544672
492.994 0.539553 0.00540676
493.347 0.549216 0.0054217
493.7 0.545227 0.00537357
494.053 0.545864 0.00539432
494.406 0.553718 0.00550478
494.759 0.548886 0.0056084
495.111 0.54024 0.00543211
495.464 0.539149 0.00519566
495.817 0.539407 0.00504764
496.169 0.562835 0.00529718
496.522 0.563809 0.00550874
496.875 0.55759 0.00568456
497.227 0.544401 0.00565831
497.58 0.545215 0.00569838
497.932 0.552172 0.00568518
498.285 0.552905 0.00564901
498.637 0.550382 0.00550566
498.989 0.552313 0.0054358
499.342 0.556126 0.00545716
499.694 0.562558 0.00559903
500.046 0.559937 0.0056858
500.398 0.550537 0.00550355
500.751 0.5543 0.00542706
501.103 0.557699 0.00545761
501.455 0.558088 0.00544873
501.807 0.55791 0.00545727
502.159 0.556358 0.00545028
502.511 0.562245 0.00548791
502.862 0.558043 0.00547948
503.214 0.561346 0.00556587
503.566 0.563462 0.00567759
503.918 0.556762 0.00571814
504.27 0.553455 0.00568525
504.621 0.555415 0.00569968
504.973 0.564131 0.00580035
505.324 0.562746 0.00577335
505.676 0.554591 0.00563047
506.027 0.55442 0.00560364
506.379 0.564526 0.00583299
506.73 0.559024 0.00593162
507.082 0.550068 0.0058316
507.433 0.549531 0.00574333
507.784 0.56502 0.00578372
508.136 0.560332 0.00583346
508.487 0.558072 0.00584733
508.838 0.554489 0.0059101
509.189 0.554951 0.00591633
509.54 0.551906 0.00583277
509.891 0.560068 0.00593685
510.242 0.552435 0.00587675
510.593 0.553167 0.00592002
510.944 0.551989 0.00595673
511.295 0.554777 0.00606109
511.646 0.562005 0.0062061
511.996 0.550604 0.00611045
512.347 0.552283 0.0060741
512.698 0.557237 0.00608759
513.049 0.556063 0.00609298
513.399 0.561444 0.00620737
513.75 0.55332 0.00613401
514.1 0.553842 0.00619191
514.451 0.560543 0.00638908
514.801 0.556794 0.00641508
515.152 0.552314 0.00630758
515.502 0.546928 0.00616248
515.852 0.546326 0.00610442
516.202 0.550229 0.00612315
516.553 0.557949 0.00623489
516.903 0.549039 0.0062768
517.253 0.549488 0.00638415
517.603 0.545684 0.00640436
517.953 0.540936 0.00630596
518.303 0.543568 0.00621828
518.653 0.540181 0.00610535
519.003 0.552946 0.00623204
519.353 0.554096 0.00644029
519.703 0.553896 0.00662916
520.052 0.543661 0.00657794
520.402 0.541799 0.00655024
520.752 0.547439 0.00651225
521.102 0.543144 0.00651015
521.451 0.549845 0.00665071
521.801 0.541019 0.00657923
522.15 0.543333 0.00655058
522.5 0.544105 0.00647547
522.849 0.542071 0.00648058
523.199 0.538456 0.00637449
523.548 0.540768 0.00637222
523.897 0.534441 0.00632266
524.246 0.543026 0.00650286
524.596 0.53984 0.00659031
524.945 0.528637 0.00647645
525.294 0.53069 0.00648268
525.643 0.532487 0.00650029
525.992 0.533953 0.0064948
526.341 0.529248 0.00641565
526.69 0.5332 0.00650479
527.039 0.530702 0.00654706
527.388 0.522653 0.00653543
527.737 0.516671 0.0063256
528.086 0.51912 0.00614175
528.434 0.532002 0.00608846
528.783 0.533279 0.00617365
529.132 0.525646 0.00625649
529.48 0.521065 0.00633227
529.829 0.527481 0.00643906
530.177 0.527296 0.0064786
530.526 0.522627 0.00649279
530.874 0.519167 0.00640449
531.223 0.51537 0.00636737
531.571 0.512555 0.00634716
531.919 0.517386 0.00639408
532.268 0.506861 0.00616468
532.616 0.507561 0.00596274
532.964 0.517118 0.00590293
533.312 0.519943 0.00593436
533.66 0.513898 0.00589832
534.008 0.509564 0.00585321
534.356 0.507517 0.00583221
534.704 0.514123 0.00592859
535.052 0.510004 0.00595861
535.4 0.507557 0.00606966
535.748 0.507401 0.00623206
536.095 0.506932 0.00638822
536.443 0.500388 0.00637628
536.791 0.49602 0.00624586
537.139 0.496833 0.00609573
537.486 0.501383 0.0059991
537.834 0.499905 0.00592704
538.181 0.504329 0.00592991
538.529 0.501326 0.00591337
538.876 0.499666 0.00591517
539.223 0.500699 0.00598451
539.571 0.50291 0.00612497
539.918 0.49511 0.00607351
540.265 0.491198 0.00594569
540.613 0.49743 0.00589628
540.96 0.500123 0.00595259
541.307 0.491064 0.00591837
541.654 0.498607 0.00600094
542.001 0.49038 0.00590945
542.348 0.492321 0.00593217
542.695 0.494961 0.00595513
543.042 0.492397 0.00585411
543.388 0.490269 0.00577916
543.735 0.493685 0.00577363
544.082 0.488807 0.00574544
544.429 0.490414 0.00576068
544.775 0.493246 0.00589598
545.122 0.498699 0.006101
545.469 0.494746 0.00620042
545.815 0.490341 0.00616532
546.162 0.489916 0.00611774
546.508 0.488049 0.00597825
546.854 0.493832 0.00585212
547.201 0.484853 0.00554083
547.547 0.49977 0.00556762
547.893 0.49498 0.00562619
548.24 0.500004 0.00590315
548.586 0.500334 0.00623069
548.932 0.487866 0.00624157
549.278 0.489808 0.00632398
549.624 0.490263 0.00624297
549.97 0.498582 0.00636435
550.316 0.501417 0.00652378
550.662 0.496948 0.00654042
551.008 0.489272 0.00627577
551.353 0.496758 0.00596792
551.699 0.494072 0.00572859
552.045 0.509574 0.00594025
552.391 0.503847 0.00606308
552.736 0.495346 0.00604524
553.082 0.490945 0.00604184
553.427 0.503796 0.00618864
553.773 0.504376 0.00640622
554.118 0.501004 0.00645288
554.464 0.491497 0.00622053
554.809 0.494046 0.00601443
555.154 0.500448 0.00590958
555.5 0.512922 0.00602366
555.845 0.510781 0.0061819
556.19 0.499152 0.00625189
556.535 0.502104 0.00644696
556.88 0.505511 0.00641804
557.225 0.509917 0.00640198
557.57 0.509578 0.00647354
557.915 0.514106 0.00669912
558.26 0.509006 0.00673721
558.605 0.509866 0.00676579
558.95 0.509358 0.00665331
559.295 0.506706 0.00631197
559.639 0.5109 0.00607275
559.984 0.513956 0.00587912
560.329 0.517968 0.00583521
560.673 0.519081 0.00585588
561.018 0.520943 0.006009
561.362 0.511194 0.00609092
561.707 0.514058 0.00626882
562.051 0.510781 0.00619646
562.395 0.514658 0.00619612
562.74 0.520436 0.00608985
563.084 0.518798 0.0059853
563.428 0.521636 0.00586656
563.772 0.527281 0.00592294
564.117 0.518324 0.00583143
564.461 0.520325 0.00581503
564.805 0.518116 0.00586485
565.149 0.520644 0.00585676
565.493 0.52116 0.00584231
565.836 0.516139 0.00573144
566.18 0.523944 0.00570784
566.524 0.516282 0.00532342
566.868 0.529192 0.0052049
567.212 0.531794 0.00511904
567.555 0.524866 0.00502356
567.899 0.522551 0.00481437
568.242 0.524971 0.00462039
568.586 0.525697 0.00435387
568.929 0.524061 0.00406697
569.273 0.531193 0.00385459
569.616 0.530701 0.00380467
569.96 0.525649 0.00373782
570.303 0.524685 0.00362233
570.646 0.525679 0.0035705
570.989 0.523329 0.00346499
571.333 0.52856 0.00347986
571.676 0.527486 0.00357707
572.019 0.525918 0.00387046
572.362 0.515019 0.00371998
572.705 0.520309 0.00346982
573.048 0.535835 0.00332677
573.391 0.535797 0.00321909
573.733 0.53118 0.0031338
574.076 0.533363 0.00310554
574.419 0.530818 0.003145
574.762 0.522895 0.00328633
575.104 0.523671 0.003504
575.447 0.517396 0.00353848
575.789 0.524656 0.00337593
576.132 0.534636 0.0031814
576.474 0.538618 0.00317326
576.817 0.537296 0.00295112
577.159 0.550525 0.00281827
577.501 0.561331 0.00281024
577.844 0.545281 0.00292135
578.186 0.523181 0.00319001
578.528 0.512934 0.00335503
578.87 0.517044 0.00338706
579.212 0.523293 0.00333868
579.554 0.535928 0.00324035
579.896 0.537794 0.00327014
580.238 0.535737 0.00314972
580.58 0.549864 0.00280035
580.922 0.602175 0.00281891
581.264 0.650995 0.00293088
581.606 0.564539 0.00274664
581.947 0.541401 0.00284461
582.289 0.521149 0.00306794
582.631 0.510108 0.00337388
582.972 0.504964 0.00361379
583.314 0.517533 0.00367415
583.655 0.527586 0.00363243
583.997 0.537175 0.00337818
584.338 0.543662 0.00312984
584.679 0.551143 0.00300699
585.021 0.551561 0.00303036
585.362 0.534017 0.00319132
585.703 0.52607 0.00340394
586.044 0.514725 0.00345984
586.385 0.527943 0.00333336
586.726 0.540129 0.0032062
587.067 0.548207 0.00329026
587.408 0.535321 0.00344194
587.749 0.531388 0.0035909
588.09 0.528525 0.00373868
588.431 0.528747 0.00393156
588.772 0.525026 0.00412329
589.113 0.527109 0.00408876
589.453 0.539182 0.00411591
589.794 0.539146 0.00420127
590.134 0.53197 0.00438192
590.475 0.531197 0.00452029
590.815 0.530078 0.00450619
591.156 0.541897 0.00454755
591.496 0.535355 0.00447752
591.837 0.537696 0.00389228
592.177 0.548518 0.00355248
592.517 0.55397 0.00334794
592.857 0.548625 0.00345919
593.198 0.535997 0.00361993
593.538 0.520219 0.003911
593.878 0.519584 0.00411634
594.218 0.521245 0.00404114
594.558 0.535569 0.00391835
594.898 0.539584 0.00398602
595.237 0.534079 0.00417373
595.577 0.523958 0.00441447
595.917 0.516001 0.00463459
596.257 0.529233 0.00458979
596.596 0.530278 0.00446839
596.936 0.541187 0.00437331
597.276 0.534531 0.00450916
597.615 0.530654 0.00449197
597.955 0.532131 0.00404029
598.294 0.543701 0.00374786
598.633 0.547212 0.00371851
598.973 0.536307 0.00382158
599.312 0.524439 0.00379899
599.651 0.531608 0.00381743
599.991 0.532663 0.00392199
600.33 0.526442 0.00394075
600.669 0.52602 0.00405733
601.008 0.52943 0.00419216
601.347 0.522257 0.00433884
601.686 0.528268 0.00428149
602.025 0.529647 0.00428633
602.364 0.531073 0.00411954
602.702 0.535469 0.00405899
603.041 0.536226 0.00404199
603.38 0.523415 0.00414064
603.719 0.525146 0.0043558
604.057 0.514502 0.00446565
604.396 0.514942 0.00447142
604.734 0.523455 0.00440077
605.073 0.534389 0.00406103
605.411 0.533571 0.00405991
605.75 0.528925 0.00412299
606.088 0.516989 0.00433183
606.426 0.52052 0.00429567
606.764 0.522729 0.00423234
607.103 0.521856 0.00428124
607.441 0.51621 0.00444722
607.779 0.515007 0.0045696
608.117 0.516021 0.00455169
608.455 0.519067 0.00469785
608.793 0.510686 0.00478728
609.131 0.515174 0.00454947
609.469 0.525005 0.00442467
609.806 0.528085 0.00442139
610.144 0.514222 0.00468205
610.482 0.509106 0.00479543
610.819 0.517168 0.00480498
611.157 0.514707 0.00481005
611.495 0.511933 0.00495221
611.832 0.510563 0.00500386
612.17 0.507973 0.00495542
612.507 0.515504 0.00492599
612.844 0.509374 0.00493551
613.182 0.510636 0.00496798
613.519 0.509676 0.00493507
613.856 0.511135 0.00491041
614.193 0.510648 0.00489129
614.53 0.508501 0.00476546
614.867 0.509143 0.00470322
615.205 0.516307 0.00497819
615.541 0.506206 0.00508365
615.878 0.491744 0.00524995
616.215 0.502858 0.00531525
616.552 0.502899 0.00534254
616.889 0.507594 0.00528782
617.226 0.509952 0.00520361
617.562 0.506192 0.00527616
617.899 0.503515 0.00557975
618.235 0.497237 0.00585469
618.572 0.495015 0.00609605
618.908 0.502593 0.00602957
619.245 0.505099 0.0057789
619.581 0.505951 0.00563023
619.918 0.507219 0.00594521
620.254 0.492713 0.00661153
620.59 0.485289 0.00685744
620.926 0.494835 0.00655346
621.262 0.51038 0.00629056
621.599 0.511093 0.00617949
621.935 0.507406 0.00618491
622.271 0.507031 0.00595673
622.606 0.501337 0.00574695
622.942 0.501443 0.00581774
623.278 0.495144 0.00600595
623.614 0.49028 0.0057479
623.95 0.495851 0.00568806
624.285 0.496241 0.00575617
624.621 0.491647 0.00603186
624.957 0.485362 0.0062152
625.292 0.489317 0.0063797
625.628 0.486967 0.00661082
625.963 0.484175 0.00667735
626.299 0.493673 0.00662267
626.634 0.495609 0.00652025
626.969 0.49762 0.00660918
627.304 0.489108 0.00697799
627.64 0.481038 0.00747122
627.975 0.482225 0.00751521
628.31 0.480009 0.00714685
628.645 0.500074 0.00700649
628.98 0.495057 0.00708942
629.315 0.486143 0.0071157
629.65 0.483318 0.00716432
629.985 0.488563 0.00721014
630.319 0.48767 0.00749235
630.654 0.474443 0.00752168
630.989 0.482387 0.0075361
631.323 0.495787 0.00778879
631.658 0.49433 0.00800324
631.993 0.485953 0.0083036
632.327 0.486089 0.00837904
632.662 0.490133 0.00839648
632.996 0.491079 0.00829143
633.33 0.498015 0.00827282
633.665 0.497879 0.00841508
633.999 0.488422 0.0085641
634.333 0.492674 0.00871372
634.667 0.489709 0.00869334
635.001 0.488633 0.00843867
635.335 0.48788 0.0081751
635.669 0.488165 0.00784641
636.003 0.49 0.00786488
636.337 0.485707 0.00813868
636.671 0.471433 0.00841146
637.005 0.48195 0.00886173
637.339 0.471368 0.00879339
637.672 0.48672 0.00870436
638.006 0.498947 0.00858642
638.339 0.488546 0.00847976
638.673 0.490319 0.0087903
639.006 0.47802 0.00888652
639.34 0.483626 0.00903155
639.673 0.48617 0.00914415
640.007 0.489657 0.00918966
640.34 0.477071 0.00915668
640.673 0.497785 0.00955523
641.006 0.497995 0.00965826
641.34 0.494781 0.00970214
641.673 0.490057 0.00988948
642.006 0.490284 0.0100766
642.339 0.499999 0.0100585
642.672 0.500297 0.00997187
643.004 0.491912 0.00993026
643.337 0.49985 0.0102244
643.67 0.490982 0.0102294
644.003 0.476362 0.00990461
644.336 0.495549 0.0101629
644.668 0.497673 0.0102136
645.001 0.516717 0.0105347
645.333 0.507061 0.0105912
645.666 0.49756 0.0107894
645.998 0.502501 0.0111141
646.331 0.500212 0.0110937
646.663 0.500897 0.0110854
646.995 0.494924 0.0104759
647.327 0.514896 0.00998967
647.66 0.506634 0.0092015
647.992 0.497134 0.008877
648.324 0.485982 0.0086984
648.656 0.491995 0.0088626
648.988 0.493748 0.00916412
649.32 0.490797 0.00965272
649.652 0.483589 0.0101538
649.983 0.479303 0.0103773
650.315 0.501952 0.0107756
650.647 0.487237 0.0104397
650.979 0.497101 0.0101018
651.31 0.494618 0.00970409
651.642 0.489552 0.00930193
651.973 0.492943 0.00930193
652.305 0.491668 0.00928331
652.636 0.489714 0.0093087
652.967 0.488857 0.00956017
653.299 0.482006 0.00966094
653.63 0.475022 0.00963663
653.961 0.486053 0.00928119
654.292 0.483259 0.00773535
654.623 0.477572 0.00319036
654.955 0.902709 0.00343838
655.286 0.902653 0.00343817
655.616 0.902597 0.00343795
655.947 0.90254 0.00343774
656.278 0.818509 0.00327369
656.609 0.316696 0.00203626
656.94 0.261459 0.00232682
657.27 0.246024 0.0026744
657.601 0.250698 0.00309363
657.932 0.273771 0.00384499
658.262 0.30427 0.0049484
658.593 0.358179 0.00655348
658.923 0.40852 0.00836691
659.254 0.456078 0.00984761
659.584 0.486598 0.010927
659.914 0.498131 0.0115671
660.244 0.522182 0.0122467
660.575 0.514984 0.0122374
660.905 0.529316 0.0124083
661.235 0.535111 0.0123118
661.565 0.521621 0.012012
661.895 0.535177 0.0121359
662.225 0.532 0.0122737
662.555 0.538251 0.012454
662.884 0.524634 0.0122863
663.214 0.529559 0.0121094
663.544 0.539717 0.0120609
663.873 0.544223 0.0120938
664.203 0.525687 0.0115272
664.533 0.529506 0.0114777
664.862 0.545589 0.0114815
665.192 0.529142 0.0115081
665.521 0.526801 0.011988
665.85 0.517779 0.0124038
666.18 0.540063 0.013138
666.509 0.533345 0.0130057
666.838 0.543499 0.0130724
667.167 0.555134 0.0129927
667.496 0.553565 0.0130438
667.825 0.540366 0.0128204
668.154 0.545663 0.0129228
668.483 0.55246 0.0130248
668.812 0.546262 0.0126715
669.141 0.559625 0.012713
669.47 0.539744 0.0121847
669.798 0.542786 0.0123084
670.127 0.544966 0.0126244
670.456 0.539863 0.0120616
670.784 0.541316 0.010883
671.113 0.548279 0.00998817
671.441 0.543132 0.00927327
671.77 0.531815 0.00922319
672.098 0.532186 0.00955901
672.426 0.530587 0.0104515
672.755 0.50858 0.0109621
673.083 0.518771 0.011416
673.411 0.530381 0.0116371
673.739 0.542709 0.0118476
674.067 0.516477 0.0119236
674.395 0.543042 0.0125322
674.723 0.535967 0.012102
675.051 0.553508 0.0121632
675.379 0.563262 0.0123142
675.706 0.563187 0.0122979
676.034 0.545167 0.012343
676.362 0.551616 0.0126358
676.689 0.552726 0.0120084
677.017 0.553465 0.0111272
677.344 0.551203 0.0106265
677.672 0.552658 0.0106595
677.999 0.543977 0.0108964
678.327 0.546802 0.0107496
678.654 0.532447 0.0100484
678.981 0.54229 0.00985757
679.308 0.544304 0.00982324
679.636 0.545102 0.0101943
679.963 0.531952 0.0105652
680.29 0.535691 0.0109203
680.617 0.539784 0.0107678
680.944 0.54226 0.0105828
681.271 0.546612 0.0106711
681.597 0.527373 0.0110921
681.924 0.530204 0.0118887
682.251 0.537676 0.0122861
682.578 0.545766 0.0118263
682.904 0.561791 0.0112389
683.231 0.555852 0.0106699
683.557 0.554453 0.0103647
683.884 0.554373 0.0101334
684.21 0.547038 0.0097511
684.536 0.538019 0.00933617
684.863 0.549069 0.00931701
685.189 0.545744 0.0093171
685.515 0.532129 0.00960223
685.841 0.526151 0.00994123
686.167 0.521898 0.0100503
686.493 0.541032 0.00999972
686.819 0.541837 0.0100614
687.145 0.539099 0.0103841
687.471 0.53327 0.0110614
687.797 0.546078 0.0117605
688.123 0.528427 0.0114655
688.448 0.547103 0.011486
688.774 0.555456 0.0111196
689.1 0.554645 0.0112277
689.425 0.549366 0.011571
689.751 0.543514 0.0117439
690.076 0.548354 0.0113906
690.402 0.548682 0.0106089
690.727 0.561008 0.0103462
691.052 0.559045 0.010445
691.377 0.551329 0.0107536
691.703 0.556587 0.0110252
692.028 0.55314 0.0111663
692.353 0.546856 0.0107835
692.678 0.552522 0.0108332
693.003 0.537424 0.010838
693.328 0.545742 0.0118451
693.652 0.549692 0.0126065
693.977 0.539885 0.0123797
694.302 0.554433 0.0119312
694.627 0.568986 0.011644
694.951 0.567511 0.0119967
695.276 0.560886 0.0128745
695.6 0.560407 0.0134747
695.925 0.553696 0.0121853
696.249 0.567599 0.0107994
696.574 0.573069 0.010003
696.898 0.568634 0.0101863
697.222 0.543627 0.0105101
697.546 0.541485 0.0109532
697.871 0.539781 0.0112848
698.195 0.547713 0.011496
698.519 0.54249 0.0116615
698.843 0.55888 0.012116
699.167 0.551563 0.0124887
699.491 0.547418 0.0128831
699.814 0.557952 0.0133204
700.138 0.555188 0.0132555
700.462 0.556501 0.0133883
700.786 0.567321 0.0135377
701.109 0.564384 0.0132021
701.433 0.566049 0.0126704
701.756 0.578929 0.0124067
702.08 0.573746 0.0122722
702.403 0.570361 0.0123439
702.726 0.551485 0.0126347
703.05 0.561305 0.0131753
703.373 0.563776 0.0134691
703.696 0.56027 0.0134078
704.019 0.583518 0.0141045
704.342 0.567502 0.0143378
704.665 0.563582 0.0148192
704.988 0.582122 0.015236
705.311 0.56863 0.0143664
705.634 0.581773 0.0132754
705.957 0.576077 0.0118096
706.28 0.572488 0.0108519
706.602 0.571459 0.0104983
706.925 0.559869 0.0104886
707.247 0.554722 0.0108351
707.57 0.551354 0.011314
707.892 0.540011 0.0114709
708.215 0.547075 0.0120713
708.537 0.541695 0.0125048
708.859 0.551241 0.0128594
709.182 0.561879 0.0129115
709.504 0.547343 0.0122833
709.826 0.559569 0.0121635
710.148 0.563387 0.01229
710.47 0.562339 0.0125882
710.792 0.547132 0.0127946
711.114 0.5475 0.0131846
711.436 0.559958 0.0137974
711.758 0.552123 0.01353
712.079 0.567595 0.0135464
712.401 0.574326 0.0131869
712.723 0.564872 0.0124355
713.044 0.570833 0.0119088
713.366 0.565068 0.0115324
713.687 0.556587 0.0114054
714.009 0.561174 0.0118525
714.33 0.555373 0.0119985
714.652 0.551257 0.0123127
714.973 0.558636 0.0127929
715.294 0.540752 0.0131579
715.615 0.542619 0.0139892
715.936 0.563717 0.01463
716.257 0.556032 0.0147818
716.578 0.576161 0.0151382
716.899 0.589834 0.0151098
717.22 0.570953 0.0138711
717.541 0.585414 0.0136742
717.862 0.559113 0.0130569
718.182 0.570199 0.0133893
718.503 0.551506 0.0128191
718.824 0.573205 0.0132391
719.144 0.565487 0.0133062
719.465 0.554398 0.0135371
719.785 0.571148 0.0136301
720.105 0.570277 0.0132375
720.426 0.554597 0.0129377
720.746 0.565639 0.0132527
721.066 0.564282 0.0132984
721.386 0.557112 0.0133686
721.706 0.572551 0.0139202
722.026 0.551551 0.0138243
722.346 0.553825 0.014106
722.666 0.566422 0.0141586
722.986 0.568286 0.0138843
723.306 0.566711 0.013912
723.626 0.562154 0.0141149
723.946 0.567997 0.0142066
724.265 0.565828 0.0135952
724.585 0.567815 0.0129204
724.904 0.55454 0.0124076
725.224 0.563887 0.012622
725.543 0.550292 0.0124511
725.863 0.543484 0.0123909
726.182 0.539143 0.0126522
726.501 0.545003 0.0132297
726.82 0.554744 0.0134585
727.14 0.549432 0.0129036
727.459 0.554564 0.0126765
727.778 0.548842 0.0124138
728.097 0.548197 0.0125768
728.416 0.539073 0.0123108
728.734 0.549721 0.0121388
729.053 0.556198 0.0120133
729.372 0.546322 0.0118981
729.691 0.533452 0.0115212
730.009 0.54452 0.0110084
730.328 0.535126 0.0105692
730.647 0.544132 0.010616
730.965 0.532454 0.0107572
731.283 0.529999 0.0111562
731.602 0.527931 0.0114234
731.92 0.529117 0.0113493
732.238 0.528399 0.0110402
732.557 0.530241 0.0107758
732.875 0.534206 0.0107707
733.193 0.531832 0.0101702
733.511 0.539956 0.00985678
733.829 0.529628 0.00984873
734.147 0.529679 0.0104605
734.465 0.518584 0.0109597
734.782 0.508541 0.0108473
735.1 0.529646 0.0109291
735.418 0.523516 0.0107565
735.735 0.521841 0.0106693
736.053 0.529117 0.0108087
736.371 0.523052 0.0107083
736.688 0.518746 0.0109665
737.005 0.527168 0.0117164
737.323 0.5178 0.0121888
737.64 0.528297 0.0124871
737.957 0.53852 0.0121873
738.274 0.530123 0.0110138
738.592 0.53052 0.0105311
738.909 0.53842 0.0107347
739.226 0.521765 0.0114534
739.543 0.511462 0.0122417
739.86 0.516643 0.012894
740.176 0.535152 0.0136727
740.493 0.536533 0.014313
740.81 0.536314 0.0145246
741.127 0.533922 0.0141646
741.443 0.533703 0.0137135
741.76 0.537733 0.0131138
742.076 0.531472 0.0129665
742.393 0.523986 0.0133255
742.709 0.53599 0.0142716
743.025 0.551996 0.0150754
743.342 0.537289 0.0147122
743.658 0.560112 0.0147925
743.974 0.5381 0.0142014
744.29 0.54732 0.0140582
744.606 0.552406 0.0143908
744.922 0.539418 0.0143444
745.238 0.541196 0.0143845
745.554 0.542232 0.0146384
745.87 0.527429 0.01457
746.186 0.540884 0.0144004
746.501 0.541256 0.0138845
746.817 0.531706 0.0136521
747.132 0.536507 0.0145329
747.448 0.520289 0.0150648
747.763 0.53089 0.0153016
748.079 0.519649 0.0146075
748.394 0.537577 0.0138041
748.71 0.532917 0.0128313
749.025 0.511853 0.0117122
749.34 0.516459 0.0115132
749.655 0.504741 0.0114547
749.97 0.512272 0.0119977
750.285 0.495218 0.0119643
750.6 0.500174 0.0118977
750.915 0.497214 0.0114189
751.23 0.491803 0.0114616
751.545 0.491543 0.0117942
751.859 0.489548 0.0123474
752.174 0.501248 0.0129516
752.489 0.488416 0.0121275
752.803 0.500367 0.0115947
753.118 0.490089 0.0112321
753.432 0.48943 0.0114628
753.747 0.495472 0.0120492
754.061 0.492253 0.0117876
754.375 0.484983 0.0111865
754.689 0.49358 0.0109578
755.004 0.477945 0.0105948
755.318 0.488893 0.0105808
755.632 0.480384 0.0100644
755.946 0.481778 0.00981621
756.26 0.476572 0.00942691
756.573 0.467373 0.00880864
756.887 0.464475 0.00852263
757.201 0.455952 0.00846943
757.515 0.45191 0.00911709
757.828 0.444377 0.00975204
758.142 0.443292 0.00985763
758.455 0.450985 0.00933962
758.769 0.456614 0.00887459
759.082 0.455151 0.00869635
759.396 0.449869 0.00844909
759.709 0.459337 0.00845851
760.022 0.453794 0.0083611
760.335 0.444163 0.00863934
760.648 0.431089 0.00905643
760.962 0.437247 0.00981464
761.275 0.429738 0.0103253
761.587 0.443189 0.0107397
761.9 0.457927 0.0109947
762.213 0.454755 0.0106247
762.526 0.460748 0.0103026
762.839 0.459858 0.0102471
763.151 0.460156 0.00999661
763.464 0.449825 0.0093798
763.776 0.454349 0.00881499
764.089 0.445217 0.00835847
764.401 0.438354 0.00851614
764.714 0.431255 0.00888318
765.026 0.427639 0.00942323
765.338 0.427781 0.0100128
765.65 0.435369 0.0109334
765.962 0.437411 0.0115429
766.275 0.445135 0.0121367
766.587 0.441378 0.0122454
766.898 0.445036 0.0119656
767.21 0.47128 0.0117886
767.522 0.459815 0.0107275
767.834 0.459415 0.0101994
768.146 0.456928 0.0102009
768.457 0.453429 0.0105553
768.769 0.434797 0.0109056
769.08 0.445452 0.0113171
769.392 0.449607 0.0110289
769.703 0.447664 0.0104305
770.015 0.447363 0.0100012
770.326 0.441946 0.00986845
770.637 0.447903 0.0102414
770.948 0.440953 0.010855
771.26 0.433818 0.0115214
771.571 0.445666 0.0118784
771.882 0.451972 0.0119435
772.193 0.442668 0.011543
772.504 0.439716 0.0116757
772.814 0.452927 0.0123222
773.125 0.450563 0.0124773
773.436 0.448977 0.0127401
773.747 0.462919 0.013369
774.057 0.479311 0.013974
774.368 0.469763 0.0138843
774.678 0.476328 0.0143178
774.989 0.475924 0.0147174
775.299 0.487593 0.0153024
775.609 0.480838 0.0152047
775.919 0.490732 0.0151937
776.23 0.489716 0.0150013
776.54 0.500009 0.015396
776.85 0.479888 0.0149552
777.16 0.49679 0.0151185
777.47 0.507263 0.0146053
777.78 0.493702 0.0135774
778.089 0.477108 0.0126078
778.399 0.483829 0.0126622
778.709 0.453531 0.0125085
779.019 0.459641 0.0133134
779.328 0.452242 0.0140553
779.638 0.450596 0.0140906
779.947 0.466678 0.0134383
780.257 0.458979 0.0120072
780.566 0.455857 0.0114038
780.875 0.431203 0.011123
781.185 0.428687 0.0116555
781.494 0.448575 0.0123745
781.803 0.425371 0.012128
782.112 0.434822 0.0125931
782.421 0.449593 0.0127145
782.73 0.447967 0.0124336
783.039 0.458561 0.012603
783.348 0.434297 0.0128725
783.656 0.46445 0.0144741
783.965 0.446502 0.0143912
784.274 0.472723 0.0144903
784.582 0.472301 0.0140146
784.891 0.45623 0.0135143
785.199 0.445831 0.0134473
785.508 0.458179 0.0141687
785.816 0.488885 0.0148895
786.124 0.477786 0.014704
786.432 0.45115 0.0134002
786.741 0.472648 0.0132089
787.049 0.459347 0.0128639
787.357 0.440794 0.0125735
787.665 0.434955 0.0124296
787.973 0.441463 0.0126446
788.281 0.459197 0.0133052
788.588 0.443353 0.0136044
788.896 0.445297 0.0144586
789.204 0.4423 0.0148625
789.511 0.45414 0.0153215
789.819 0.456777 0.0154377
790.126 0.461099 0.0156292
790.434 0.4892 0.0162178
790.741 0.478936 0.0161762
791.049 0.479886 0.0159835
791.356 0.47988 0.0164101
791.663 0.506249 0.0177141
791.97 0.490914 0.017092
792.277 0.535649 0.0184363
792.584 0.48938 0.016382
792.891 0.466983 0.0140656
793.198 0.461225 0.0128643
793.505 0.4567 0.0124611
793.812 0.427914 0.0121963
794.119 0.424066 0.0125015
794.425 0.427059 0.0127834
794.732 0.423075 0.0132795
795.038 0.467814 0.0154705
795.345 0.458236 0.0164699
795.651 0.454199 0.0173109
795.958 0.479002 0.0180063
796.264 0.488054 0.0174939
796.57 0.477103 0.0163259
796.876 0.4794 0.0159449
797.183 0.511542 0.0168698
797.489 0.500897 0.0173449
797.795 0.500901 0.0175058
798.101 0.527561 0.0181761
798.406 0.527522 0.0180066
798.712 0.498825 0.0177198
799.018 0.526007 0.0188406
799.324 0.506569 0.018641
799.629 0.535848 0.0193587
799.935 0.512778 0.0189715
800.24 0.544085 0.0196817
800.546 0.539799 0.019437
800.851 0.539251 0.020259
801.157 0.524684 0.020257
801.462 0.549145 0.0210379
801.767 0.547971 0.0212459
802.072 0.553913 0.0205611
802.377 0.549472 0.0197889
802.682 0.52456 0.0188537
802.987 0.506448 0.0186116
803.292 0.53358 0.0201834
803.597 0.551851 0.0208619
803.902 0.551575 0.0209321
804.207 0.535333 0.020036
804.511 0.522997 0.0194629
804.816 0.542032 0.0192136
805.12 0.499765 0.0171497
805.425 0.492043 0.0159741
805.729 0.499131 0.0159918
806.034 0.471266 0.0160181
806.338 0.476961 0.016724
806.642 0.474166 0.0173657
806.946 0.488262 0.017578
807.251 0.507799 0.0179335
807.555 0.473487 0.0172528
807.859 0.519507 0.0179288
808.162 0.497909 0.017634
808.466 0.504985 0.0184525
808.77 0.493465 0.0186434
809.074 0.4836 0.0188872
809.378 0.533613 0.0202545
809.681 0.544992 0.0208615
809.985 0.537046 0.0205958
810.288 0.54814 0.0205072
810.592 0.543423 0.0211145
810.895 0.535056 0.0210704
811.198 0.52914 0.0213401
811.502 0.596483 0.0241339
811.805 0.575079 0.0233112
812.108 0.602759 0.0244332
812.411 0.560926 0.0224317
812.714 0.535931 0.0198665
813.017 0.51691 0.0184646
813.32 0.521741 0.0185108
813.623 0.501723 0.018354
813.926 0.553352 0.0211072
814.228 0.54919 0.0218881
814.531 0.561756 0.0227924
814.833 0.577428 0.0233576
815.136 0.567315 0.0232025
815.438 0.584282 0.0240624
815.741 0.600747 0.0240951
816.043 0.585205 0.0234345
816.345 0.561819 0.0221002
816.648 0.565114 0.0223376
816.95 0.579399 0.0229327
817.252 0.596228 0.0238164
817.554 0.571337 0.0233725
817.856 0.59723 0.0244317
818.158 0.618658 0.0255026
818.46 0.635924 0.0264576
818.761 0.63062 0.0258468
819.063 0.605237 0.0252863
819.365 0.617846 0.0252096
819.666 0.586664 0.0231536
819.968 0.586674 0.0224013
820.269 0.534831 0.0205109
820.571 0.568283 0.0217215
820.872 0.557388 0.0222649
821.173 0.565803 0.0233801
821.475 0.570846 0.0239684
821.776 0.580578 0.0244076
822.077 0.588006 0.0246889
822.378 0.593797 0.0243666
822.679 0.615746 0.0254747
822.98 0.621646 0.0260429
823.281 0.621673 0.026544
823.581 0.624569 0.0264297
823.882 0.648133 0.0274756
824.183 0.61468 0.0260774
824.483 0.659006 0.0264499
824.784 0.561038 0.0230332
825.084 0.588929 0.0238449
825.385 0.566288 0.0230137
825.685 0.593648 0.0244422
825.985 0.605387 0.0253807
826.286 0.618651 0.0255332
826.586 0.582159 0.0239233
826.886 0.598727 0.0241299
827.186 0.550397 0.0228322
827.486 0.602968 0.0248259
827.786 0.608511 0.0258222
828.086 0.666921 0.0273606
828.386 0.595779 0.0249654
828.685 0.598949 0.0250237
828.985 0.625871 0.0264578
829.285 0.64123 0.02687
829.584 0.627666 0.0267034
829.884 0.662432 0.0282915
830.183 0.624442 0.0276673
830.482 0.651394 0.0293561
830.782 0.681894 0.0303142
831.081 0.748198 0.0335931
831.38 0.748831 0.032896
831.679 0.658113 0.0287071
831.978 0.656863 0.0286681
832.277 0.651545 0.0280155
832.576 0.653563 0.0283638
832.875 0.681508 0.0291894
833.174 0.66052 0.0281083
833.472 0.688586 0.0297097
833.771 0.695461 0.0292007
834.07 0.621492 0.0270224
834.368 0.670233 0.0282261
834.667 0.685785 0.0291386
834.965 0.699946 0.0300182
835.263 0.702515 0.0303186
835.562 0.656695 0.0290397
835.86 0.665516 0.0292841
836.158 0.675045 0.0303957
836.456 0.729838 0.0331501
836.754 0.701767 0.0307444
837.052 0.712303 0.031818
837.35 0.714073 0.0313776
837.648 0.758939 0.0338917
837.946 0.693894 0.0312895
838.243 0.753246 0.0334674
838.541 0.765056 0.0335171
838.839 0.684573 0.0304249
839.136 0.740966 0.0322779
839.434 0.71604 0.031673
839.731 0.646204 0.0291643
840.028 0.793194 0.0344694
840.326 0.644534 0.0297675
840.623 0.717469 0.0322504
840.92 0.743339 0.033018
841.217 0.770596 0.0350528
841.514 0.744259 0.0335313
841.811 0.708003 0.0321677
842.108 0.768047 0.0336846
842.405 0.755914 0.033766
842.701 0.674584 0.0308764
842.998 0.742213 0.0336139
843.295 0.741419 0.0330254
843.591 0.732363 0.0335809
843.888 0.75347 0.0339953
844.184 0.745146 0.0342796
844.481 0.723044 0.0329283
844.777 0.824036 0.0367467
845.073 0.760902 0.0347756
845.369 0.733924 0.033365
845.665 0.795619 0.0356407
845.962 0.772308 0.0348453
846.258 0.804637 0.0362309
846.553 0.831949 0.0374714
846.849 0.718716 0.0336762
847.145 0.700741 0.0327017
847.441 0.771 0.0347965
847.737 0.85856 0.0377887
848.032 0.710379 0.0329686
848.328 0.735877 0.0335919
848.623 0.842715 0.0393882
848.919 0.797022 0.0362654
849.214 0.789397 0.0354125
849.509 0.818462 0.0369172
849.805 0.779505 0.0351599
850.1 0.796993 0.0362004
850.395 0.866665 0.0387464
850.69 0.82504 0.0375955
850.985 0.753329 0.0342069
851.28 0.780059 0.0355038
851.575 0.739662 0.0339359
851.869 0.78598 0.035129
852.164 0.709039 0.0328661
852.459 0.703427 0.0314215
852.753 0.713316 0.030957
853.048 0.649365 0.0289007
853.342 0.621395 0.027179
853.637 0.647248 0.0283404
853.931 0.654215 0.0284835
854.225 0.641654 0.0284537
854.52 0.672449 0.0291911
854.814 0.674394 0.0300146
855.108 0.762111 0.0333337
855.402 0.724767 0.0317346
855.696 0.733116 0.0326371
855.99 0.70941 0.0318972
856.283 0.737222 0.0323682
856.577 0.728062 0.0319923
856.871 0.696142 0.0310173
857.164 0.730204 0.0326639
857.458 0.785987 0.0347282
857.751 0.75855 0.0332502
858.045 0.775157 0.0352603
858.338 0.723095 0.0326249
858.632 0.765212 0.0350764
858.925 0.766452 0.0349982
859.218 0.77888 0.0354502
859.511 0.777242 0.0350679
859.804 0.791051 0.0362502
860.097 0.748736 0.0340585
860.39 0.780366 0.0357605
860.683 0.801903 0.03578
860.976 0.813046 0.0371475
861.268 0.844577 0.0374732
861.561 0.783686 0.0360419
861.854 0.865608 0.038026
862.146 0.827341 0.0375897
862.439 0.772102 0.0354983
862.731 0.773489 0.0357233
863.023 0.743702 0.0342338
863.316 0.796393 0.0360049
863.608 0.722541 0.0325248
863.9 0.797666 0.0374104
864.192 0.77326 0.0354878
864.484 0.825634 0.037392
864.776 0.745901 0.0341812
865.068 0.82485 0.0376091
865.36 0.781929 0.0361023
865.651 0.811678 0.0368458
865.943 0.801756 0.0375087
866.235 0.813283 0.0370706
866.526 0.815871 0.0378877
866.818 0.821444 0.0376992
867.109 0.860156 0.038865
867.4 0.779661 0.0358031
867.692 0.755784 0.0354239
867.983 0.729532 0.0346948
868.274 0.773795 0.0353963
868.565 0.819082 0.0368284
868.856 0.823962 0.0376129
869.147 0.797386 0.0365404
869.438 0.899515 0.0408091
869.729 0.882301 0.0402521
870.02 0.811038 0.0381451
870.31 0.872327 0.0394722
870.601 0.772161 0.0357812
870.892 0.845115 0.0383526
871.182 0.834734 0.0386455
871.473 0.827923 0.0373222
871.763 0.872201 0.0392616
872.053 0.865168 0.0386028
872.343 0.800626 0.0366125
872.634 0.842374 0.0392507
872.924 0.931957 0.0423801
873.214 0.808219 0.0376826
873.504 0.821731 0.0383719
873.794 0.811062 0.0376069
874.084 0.806749 0.037136
874.373 0.857434 0.0395521
874.663 0.799898 0.0368429
874.953 0.859044 0.0398316
875.242 0.87508 0.0396199
875.532 0.793506 0.0366255
875.821 0.846423 0.0392464
876.111 0.790586 0.0368264
876.4 0.768573 0.0355931
876.689 0.787759 0.0361532
876.978 0.807512 0.0374995
877.268 0.813902 0.0375669
877.557 0.812714 0.0375009
877.846 0.856794 0.0387246
878.134 0.847831 0.039517
878.423 0.847987 0.0395243
878.712 0.848143 0.0395315
