178.41 0.376442 0.0955548
178.791 0.378826 0.0961599
179.172 0.381193 0.0967606
179.553 0.850055 0.850055
179.934 0.33873 0.33873
180.316 0.416526 0.416526
180.697 1.01706 1.01706
181.078 0.672574 0.672574
181.459 0.319423 0.319423
181.84 0.235017 0.235017
182.221 0.546174 0.546174
182.602 -0.559826 -0.559826
182.983 0.522006 0.092149
183.364 1.17733 0.355788
183.744 0.633794 0.085075
184.125 0.60632 0.0703219
184.506 0.340486 0.0466769
184.887 0.89537 0.0873168
185.268 0.777344 0.0715633
185.648 0.549338 0.0435982
186.029 0.620212 0.0446161
186.41 0.576356 0.0405161
186.791 0.539837 0.0364888
187.171 0.551253 0.0339543
187.552 0.593026 0.029744
187.932 0.488578 0.0246734
188.313 0.513157 0.0255835
188.694 0.50089 0.0236559
189.074 0.520545 0.0241819
189.455 0.497223 0.023007
189.835 0.529458 0.0235982
190.216 0.504437 0.0223264
190.596 0.526823 0.0224661
190.977 0.509317 0.021548
191.357 0.511482 0.021891
191.737 0.538654 0.0221789
192.118 0.541608 0.0225899
192.498 0.507565 0.0210664
192.878 0.494131 0.0202341
193.258 0.501792 0.0206265
193.639 0.508528 0.0207892
194.019 0.50245 0.020316
194.399 0.53443 0.0208731
194.779 0.495505 0.0200444
195.159 0.475483 0.0190803
195.54 0.470435 0.0187923
195.92 0.460385 0.0183207
196.3 0.486635 0.0188926
196.68 0.485401 0.0192216
197.06 0.496561 0.0190916
197.44 0.476751 0.0184226
197.82 0.462735 0.0180302
198.2 0.467097 0.0179927
198.58 0.429018 0.0166807
198.959 0.441819 0.0168918
199.339 0.433741 0.0165657
199.719 0.445051 0.0172634
200.099 0.429281 0.0162882
200.479 0.424393 0.0161028
200.858 0.43167 0.0160584
201.238 0.428547 0.0161945
201.618 0.421882 0.0157935
201.998 0.44701 0.0160231
202.377 0.411532 0.015232
202.757 0.409176 0.0149294
203.136 0.442011 0.0156798
203.516 0.403887 0.0147755
203.896 0.39722 0.0141997
204.275 0.400123 0.014408
204.655 0.387928 0.0139129
205.034 0.400324 0.0140617
205.414 0.396098 0.0136085
205.793 0.386788 0.0133488
206.172 0.38969 0.013207
206.552 0.38538 0.013192
206.931 0.366509 0.0126468
207.31 0.36993 0.0125454
207.69 0.352261 0.0119559
208.069 0.363509 0.0122308
208.448 0.365721 0.0120354
208.827 0.362606 0.0118876
209.207 0.347938 0.0113981
209.586 0.354603 0.0113435
209.965 0.362056 0.0114911
210.344 0.33508 0.0108176
210.723 0.35093 0.0108906
211.102 0.336454 0.0104926
211.481 0.35297 0.0107029
211.86 0.34448 0.0104904
212.239 0.321727 0.0099279
212.618 0.332016 0.00998148
212.997 0.332747 0.00998314
213.376 0.309183 0.00937161
213.755 0.317753 0.00935962
214.134 0.315387 0.009282
214.513 0.316609 0.00922521
214.891 0.301491 0.00878996
215.27 0.305763 0.00878843
215.649 0.300387 0.00852486
216.028 0.309265 0.00858675
216.406 0.304235 0.00838389
216.785 0.31166 0.00842419
217.164 0.305189 0.00816941
217.542 0.306701 0.00805379
217.921 0.309979 0.00799983
218.3 0.313177 0.00804348
218.678 0.317307 0.00792547
219.057 0.323237 0.00791586
219.435 0.315675 0.00769534
219.814 0.309966 0.00752194
220.192 0.313396 0.00744372
220.57 0.300786 0.00718616
220.949 0.315001 0.00730433
221.327 0.306881 0.00704834
221.705 0.305511 0.0069639
222.084 0.305496 0.00684684
222.462 0.305591 0.00680778
222.84 0.309988 0.00675162
223.218 0.313507 0.00669525
223.597 0.308836 0.0065153
223.975 0.306976 0.00638314
224.353 0.306709 0.00628324
224.731 0.308329 0.0061958
225.109 0.322874 0.00629667
225.487 0.325542 0.00624362
225.865 0.333984 0.00622399
226.243 0.340027 0.00619471
226.621 0.342365 0.00611932
226.999 0.349217 0.00607925
227.377 0.359205 0.0060886
227.755 0.356427 0.00595745
228.133 0.368743 0.00598495
228.511 0.375529 0.00602063
228.889 0.372734 0.00588486
229.266 0.380233 0.00590253
229.644 0.381567 0.00578982
230.022 0.384681 0.0057506
230.4 0.387007 0.00570642
230.777 0.388299 0.00565967
231.155 0.386497 0.00558094
231.533 0.388744 0.00549999
231.91 0.386573 0.005414
232.288 0.395518 0.00544763
232.665 0.395645 0.00538329
233.043 0.401663 0.00536185
233.42 0.40918 0.00538321
233.798 0.408567 0.00530649
234.175 0.418096 0.00531673
234.553 0.425687 0.00533674
234.93 0.429873 0.00529312
235.307 0.444656 0.00534898
235.685 0.444955 0.00527857
236.062 0.454208 0.00529654
236.439 0.464379 0.00531566
236.816 0.473592 0.00530129
237.194 0.476713 0.00526774
237.571 0.491066 0.00531582
237.948 0.499932 0.00533463
238.325 0.504604 0.0053172
238.702 0.506306 0.00527935
239.079 0.514772 0.00527726
239.456 0.516143 0.00524506
239.833 0.52448 0.00524503
240.21 0.521565 0.00520146
240.587 0.526022 0.00518269
240.964 0.526823 0.00515465
241.341 0.531285 0.00514205
241.718 0.525135 0.00506715
242.095 0.523683 0.00503937
242.472 0.524207 0.00499659
242.849 0.525105 0.00499387
243.225 0.521439 0.00491184
243.602 0.526157 0.00493473
243.979 0.529099 0.0049385
244.356 0.526366 0.0048764
244.732 0.527759 0.00483644
245.109 0.533098 0.00485123
245.486 0.528446 0.00479038
245.862 0.533519 0.00480815
246.239 0.542222 0.00481628
246.615 0.542043 0.00478465
246.992 0.546183 0.00477657
247.368 0.548879 0.00476697
247.745 0.558985 0.00478612
248.121 0.560532 0.00474456
248.497 0.566932 0.00478466
248.874 0.577308 0.00480282
249.25 0.574945 0.00474447
249.626 0.581052 0.00475285
250.003 0.588874 0.00476309
250.379 0.591261 0.00474254
250.755 0.590791 0.00472088
251.131 0.595633 0.00471381
251.507 0.600477 0.00474383
251.884 0.59893 0.00468778
252.26 0.599702 0.00468977
252.636 0.599329 0.0046514
253.012 0.599835 0.00463649
253.388 0.597253 0.00460626
253.764 0.602229 0.00461084
254.14 0.598615 0.00458779
254.516 0.595542 0.00456192
254.892 0.594563 0.00455389
255.268 0.591749 0.00452319
255.643 0.587988 0.00449613
256.019 0.584578 0.00445588
256.395 0.582474 0.00445143
256.771 0.583963 0.0044323
257.147 0.582913 0.00441839
257.522 0.585174 0.0044315
257.898 0.581737 0.00439613
258.274 0.580975 0.00439019
258.649 0.58824 0.00440657
259.025 0.590441 0.00439395
259.4 0.585349 0.00436543
259.776 0.591699 0.00438775
260.151 0.595594 0.00440705
260.527 0.603237 0.00442785
260.902 0.600824 0.00439465
261.278 0.604776 0.00440076
261.653 0.609793 0.00442126
262.028 0.614299 0.00443799
262.404 0.621878 0.0044613
262.779 0.624382 0.004453
263.154 0.62838 0.00445528
263.53 0.63036 0.00444509
263.905 0.632366 0.00446448
264.28 0.641498 0.00450082
264.655 0.639869 0.00448313
265.03 0.641318 0.00450567
265.405 0.64349 0.00449694
265.781 0.64264 0.00447827
266.156 0.650751 0.00452581
266.531 0.642593 0.00447064
266.906 0.643198 0.00447663
267.281 0.64242 0.0044537
267.655 0.64275 0.00448818
268.03 0.639105 0.0044596
268.405 0.638473 0.00446565
268.78 0.640112 0.00447682
269.155 0.635784 0.00443999
269.53 0.625004 0.00440447
269.904 0.627834 0.00441287
270.279 0.632585 0.00444589
270.654 0.622549 0.00438883
271.029 0.619576 0.00439069
271.403 0.620093 0.00439213
271.778 0.616731 0.00437558
272.152 0.616855 0.00438238
272.527 0.613394 0.00436601
272.901 0.615061 0.00436384
273.276 0.614276 0.00435296
273.65 0.608572 0.00432193
274.025 0.617551 0.00438186
274.399 0.616137 0.00437992
274.774 0.613226 0.00435174
275.148 0.615813 0.00435285
275.522 0.612681 0.00433026
275.897 0.620174 0.00437519
276.271 0.619608 0.00437548
276.645 0.623612 0.0043765
277.019 0.631397 0.00440674
277.393 0.632341 0.00439753
277.768 0.635145 0.00442441
278.142 0.63386 0.00440214
278.516 0.646706 0.00448074
278.89 0.644699 0.00445268
279.264 0.65168 0.00449088
279.638 0.654601 0.00448023
280.012 0.654776 0.00447545
280.386 0.658307 0.00451537
280.76 0.662158 0.00451163
281.133 0.664514 0.00452427
281.507 0.664134 0.00451626
281.881 0.666901 0.00452063
282.255 0.671904 0.00454773
282.629 0.667834 0.00454377
283.002 0.666888 0.00453863
283.376 0.668975 0.00454313
283.75 0.668336 0.00455323
284.123 0.666833 0.00454029
284.497 0.667481 0.00454945
284.87 0.665845 0.00454645
285.244 0.662818 0.00452127
285.618 0.662126 0.0045285
285.991 0.660782 0.00454405
286.364 0.663421 0.00456052
286.738 0.662619 0.00454871
287.111 0.65353 0.00449972
287.485 0.655558 0.00453015
287.858 0.651407 0.00452564
288.231 0.653132 0.00454048
288.605 0.653583 0.00455035
288.978 0.652017 0.00452762
289.351 0.651446 0.00454613
289.724 0.651372 0.00456337
290.097 0.648653 0.00454632
290.47 0.649308 0.00456217
290.843 0.646141 0.00454699
291.217 0.647316 0.004566
291.59 0.651526 0.00460874
291.963 0.64735 0.00458321
292.336 0.650173 0.00460546
292.708 0.647286 0.00459219
293.081 0.649595 0.00460906
293.454 0.651252 0.00462173
293.827 0.65404 0.00464647
294.2 0.657398 0.00468053
294.573 0.654633 0.00465676
294.945 0.661471 0.00471115
295.318 0.659043 0.00467989
295.691 0.666949 0.00473339
296.064 0.667279 0.00473929
296.436 0.670525 0.00475656
296.809 0.675763 0.00477713
297.181 0.678784 0.00480224
297.554 0.67947 0.00481772
297.926 0.685553 0.00483888
298.299 0.686631 0.00484583
298.671 0.687894 0.00483114
299.044 0.694169 0.00487903
299.416 0.692334 0.00486397
299.788 0.694425 0.00487796
300.161 0.697044 0.00489273
300.533 0.699254 0.00490332
300.905 0.694941 0.00486453
301.278 0.697931 0.00488266
301.65 0.698054 0.004881
302.022 0.699024 0.00490559
302.394 0.695133 0.00490101
302.766 0.697734 0.0048993
303.138 0.700387 0.00492785
303.51 0.690445 0.0048592
303.882 0.697213 0.00490561
304.254 0.690447 0.004868
304.626 0.688329 0.00485547
304.998 0.690354 0.00485847
305.37 0.684288 0.00486565
305.742 0.687201 0.00485865
306.114 0.687108 0.00486361
306.485 0.683795 0.0048421
306.857 0.682542 0.0048343
307.229 0.679527 0.00483384
307.601 0.67514 0.00482907
307.972 0.673026 0.00481644
308.344 0.670976 0.00481169
308.716 0.67263 0.00484417
309.087 0.669471 0.00480968
309.459 0.668326 0.00481748
309.83 0.66588 0.00480545
310.202 0.662079 0.00477968
310.573 0.664341 0.00478787
310.945 0.66849 0.00482342
311.316 0.662396 0.00480823
311.687 0.657378 0.00476951
312.059 0.659905 0.00478909
312.43 0.663273 0.00480715
312.801 0.657091 0.00477164
313.172 0.658966 0.0047984
313.544 0.657969 0.00479386
313.915 0.662832 0.00480588
314.286 0.65777 0.004789
314.657 0.660142 0.0047887
315.028 0.660686 0.00480149
315.399 0.662851 0.00481182
315.77 0.668856 0.0048327
316.141 0.666514 0.00482708
316.512 0.668686 0.00483744
316.883 0.673965 0.00488054
317.254 0.677114 0.00488768
317.625 0.674787 0.00488873
317.996 0.679617 0.00489499
318.366 0.682417 0.00491419
318.737 0.68238 0.00490948
319.108 0.687413 0.00493447
319.478 0.689901 0.00496036
319.849 0.687001 0.00493452
320.22 0.694464 0.00497585
320.59 0.69624 0.00497984
320.961 0.69482 0.0049879
321.331 0.6971 0.00498448
321.702 0.70711 0.00506332
322.072 0.698587 0.00502588
322.443 0.706025 0.00505878
322.813 0.704789 0.00504254
323.184 0.704226 0.005064
323.554 0.704652 0.00506581
323.924 0.703866 0.0050521
324.295 0.707291 0.00509129
324.665 0.702911 0.0050813
325.035 0.701397 0.00506293
325.405 0.702675 0.00508421
325.775 0.707962 0.00513493
326.145 0.702619 0.00511206
326.515 0.707408 0.00516174
326.886 0.7036 0.00514802
327.256 0.699324 0.00513328
327.626 0.696461 0.00516259
327.995 0.691777 0.00516394
328.365 0.67932 0.00512331
328.735 0.672046 0.00511704
329.105 0.66981 0.00515011
329.475 0.678899 0.0052321
329.845 0.693298 0.00530516
330.215 0.713343 0.00536913
330.584 0.717119 0.00532355
330.954 0.727412 0.00529331
331.324 0.713918 0.00512382
331.693 0.69966 0.00499309
332.063 0.689405 0.00492649
332.432 0.676696 0.00484925
332.802 0.665116 0.00480679
333.171 0.656815 0.00482129
333.541 0.659173 0.00491465
333.91 0.664514 0.00497193
334.28 0.665587 0.00501351
334.649 0.666443 0.00502937
335.018 0.666425 0.00504188
335.388 0.66655 0.00505438
335.757 0.66278 0.00503661
336.126 0.658922 0.00504128
336.495 0.665611 0.00506961
336.865 0.658643 0.00505067
337.234 0.661337 0.00509477
337.603 0.663253 0.00508776
337.972 0.661742 0.00509785
338.341 0.658824 0.00507198
338.71 0.662162 0.00509738
339.079 0.66092 0.0050992
339.448 0.65888 0.00507233
339.817 0.660269 0.00508788
340.186 0.66073 0.00509927
340.554 0.666137 0.0051348
340.923 0.663193 0.00511391
341.292 0.66487 0.00514802
341.661 0.667966 0.00514587
342.029 0.666279 0.00513374
342.398 0.668781 0.00516609
342.767 0.671897 0.00519708
343.135 0.669587 0.00515677
343.504 0.675508 0.00521524
343.872 0.67511 0.00518422
344.241 0.678908 0.00520093
344.609 0.674207 0.00519949
344.978 0.680273 0.00522894
345.346 0.67861 0.0052078
345.715 0.686143 0.00525696
346.083 0.682179 0.00524023
346.451 0.695162 0.0053076
346.82 0.687181 0.00527235
347.188 0.688807 0.00527312
347.556 0.691442 0.00530049
347.924 0.687083 0.00525722
348.292 0.701375 0.00538137
348.66 0.69984 0.0053614
349.028 0.694573 0.00532584
349.396 0.694845 0.00533627
349.764 0.694275 0.00533042
350.132 0.70014 0.00538216
350.5 0.696751 0.0053487
350.868 0.704313 0.00541456
351.236 0.698318 0.0053795
351.604 0.704857 0.00542263
351.972 0.703467 0.00542518
352.34 0.696915 0.00539879
352.707 0.696891 0.00540065
353.075 0.691582 0.00536782
353.443 0.696866 0.00540661
353.81 0.693697 0.00541609
354.178 0.694242 0.00541924
354.545 0.691913 0.00538984
354.913 0.690659 0.00540303
355.28 0.682486 0.00536146
355.648 0.691603 0.00540894
356.015 0.68903 0.00541706
356.383 0.686634 0.00539831
356.75 0.68522 0.00541142
357.117 0.681026 0.00539284
357.485 0.688759 0.00544265
357.852 0.679106 0.00539952
358.219 0.683677 0.00542367
358.586 0.67616 0.0053888
358.954 0.676059 0.00539711
359.321 0.675042 0.0053969
359.688 0.674579 0.00541265
360.055 0.668433 0.00537811
360.422 0.669842 0.00537761
360.789 0.667722 0.00539427
361.156 0.669067 0.00539835
361.523 0.666389 0.00540849
361.89 0.664669 0.00540197
362.256 0.655824 0.00533153
362.623 0.658782 0.00538708
362.99 0.66192 0.00542155
363.357 0.658926 0.00540263
363.724 0.656014 0.00538303
364.09 0.659095 0.00540424
364.457 0.658282 0.00542522
364.823 0.655907 0.00537896
365.19 0.648809 0.0053457
365.557 0.656669 0.00540015
365.923 0.655368 0.0053955
366.29 0.648693 0.00537466
366.656 0.655248 0.00540851
367.022 0.648279 0.00535189
367.389 0.655965 0.00541884
367.755 0.641648 0.005349
368.121 0.650369 0.00541555
368.488 0.650603 0.00540913
368.854 0.646609 0.00539461
369.22 0.655186 0.00547073
369.586 0.654549 0.00548112
369.952 0.64578 0.00545282
370.318 0.64765 0.00547779
370.684 0.651406 0.00551025
371.051 0.652696 0.00550568
371.416 0.654607 0.00554239
371.782 0.65007 0.00550545
372.148 0.655831 0.005541
372.514 0.657879 0.00557289
372.88 0.653416 0.00554728
373.246 0.657955 0.0055836
373.612 0.660793 0.00558406
373.977 0.659763 0.00555946
374.343 0.662817 0.00556838
374.709 0.660859 0.00554212
375.074 0.663099 0.00557222
375.44 0.663328 0.00558653
375.806 0.668924 0.00563796
376.171 0.668955 0.00563317
376.537 0.666465 0.00560333
376.902 0.673106 0.00565607
377.268 0.67502 0.00564174
377.633 0.673535 0.00562345
377.998 0.673053 0.00558141
378.364 0.670331 0.00555018
378.729 0.674163 0.00555601
379.094 0.681598 0.00560582
379.459 0.676266 0.00565186
379.825 0.680907 0.00567121
380.19 0.677388 0.00565937
380.555 0.680558 0.00572327
380.92 0.680325 0.00576629
381.285 0.686474 0.00581793
381.65 0.679488 0.00575449
382.015 0.681942 0.00574192
382.38 0.685338 0.00578277
382.745 0.68675 0.00583533
383.11 0.680667 0.00579896
383.474 0.688435 0.00583418
383.839 0.68206 0.00580603
384.204 0.68372 0.0058401
384.569 0.678859 0.00581613
384.933 0.680729 0.0058358
385.298 0.686293 0.00589992
385.663 0.688917 0.00592363
386.027 0.678277 0.00583993
386.392 0.677132 0.00581589
386.756 0.681432 0.00579685
387.121 0.682427 0.00580731
387.485 0.674093 0.00572484
387.849 0.671323 0.00567665
388.214 0.678254 0.00578607
388.578 0.671839 0.00575831
388.942 0.67512 0.00584026
389.307 0.669295 0.00578732
389.671 0.672733 0.00583557
390.035 0.66594 0.00577441
390.399 0.665878 0.00577605
390.763 0.665909 0.00574648
391.127 0.661377 0.00568367
391.492 0.660147 0.00561858
391.856 0.656488 0.00555428
392.219 0.656395 0.00548011
392.583 0.667397 0.00556442
392.947 0.659958 0.00561625
393.311 0.657284 0.00567677
393.675 0.655041 0.00569215
394.039 0.647991 0.00567614
394.403 0.65267 0.00571795
394.766 0.654542 0.00576331
395.13 0.648901 0.0057427
395.494 0.645281 0.00571878
395.857 0.644544 0.00571202
396.221 0.642198 0.00567388
396.584 0.641472 0.00563453
396.948 0.642624 0.00558018
397.311 0.633216 0.0054549
397.675 0.640965 0.00545532
398.038 0.635982 0.00541742
398.401 0.637145 0.005496
398.765 0.637588 0.00558018
399.128 0.64084 0.00567706
399.491 0.63142 0.00567312
399.854 0.629592 0.00568714
400.218 0.623806 0.00564955
400.581 0.630147 0.00573763
400.944 0.623346 0.00569901
401.307 0.630541 0.00582817
401.67 0.628038 0.00580134
402.033 0.626851 0.00580046
402.396 0.622637 0.00578565
402.759 0.623579 0.00578777
403.122 0.622284 0.00577587
403.485 0.620536 0.00575871
403.847 0.620827 0.00572523
404.21 0.623038 0.0057082
404.573 0.624878 0.00569341
404.936 0.619727 0.00561877
405.298 0.624772 0.00571398
405.661 0.630215 0.00582371
406.023 0.625155 0.00586708
406.386 0.618927 0.00585152
406.749 0.622223 0.00591926
407.111 0.628273 0.00597743
407.473 0.62538 0.00588102
407.836 0.625871 0.00583429
408.198 0.631216 0.00584548
408.561 0.629336 0.00583821
408.923 0.625146 0.00579801
409.285 0.623171 0.00578096
409.647 0.632987 0.00591208
410.009 0.636178 0.00598149
410.372 0.634605 0.00597346
410.734 0.6332 0.00599687
411.096 0.633791 0.00599599
411.458 0.633858 0.00599868
411.82 0.638512 0.00597957
412.182 0.635154 0.00590397
412.544 0.639972 0.00594985
412.906 0.643613 0.00596598
413.267 0.649284 0.00598001
413.629 0.647015 0.00603106
413.991 0.64794 0.00606792
414.353 0.648156 0.00607717
414.714 0.655173 0.0061895
415.076 0.649879 0.00614471
415.438 0.649775 0.00613802
415.799 0.648225 0.00609543
416.161 0.65468 0.00618477
416.522 0.66053 0.00625109
416.884 0.655252 0.00622796
417.245 0.657647 0.00625051
417.607 0.656372 0.00623425
417.968 0.660789 0.00627864
418.329 0.657788 0.00621921
418.691 0.665622 0.00626211
419.052 0.664923 0.00624923
419.413 0.66337 0.00622829
419.774 0.661538 0.00617827
420.135 0.658534 0.00604567
420.497 0.664029 0.00597333
420.858 0.664476 0.00589233
421.219 0.667918 0.00589212
421.58 0.669071 0.00594561
421.941 0.662172 0.00598723
422.302 0.664527 0.00612165
422.662 0.674236 0.0061988
423.023 0.660966 0.00617061
423.384 0.66738 0.00622506
423.745 0.662865 0.00618282
424.106 0.665941 0.00619766
424.466 0.670269 0.00616675
424.827 0.665976 0.00619663
425.187 0.667317 0.00632345
425.548 0.675271 0.00643977
425.909 0.66442 0.00640841
426.269 0.661538 0.00635197
426.63 0.66166 0.00632886
426.99 0.661949 0.00625564
427.35 0.662896 0.00628671
427.711 0.660526 0.00627133
428.071 0.659082 0.00620582
428.431 0.655899 0.00609147
428.792 0.653162 0.00588717
429.152 0.659848 0.0057422
429.512 0.660924 0.00571259
429.872 0.657465 0.00571062
430.232 0.657455 0.00576844
430.592 0.662508 0.00596019
430.952 0.659548 0.00612409
431.312 0.651615 0.00622179
431.672 0.651456 0.00634799
432.032 0.649326 0.00634368
432.392 0.65136 0.00630699
432.752 0.642211 0.00598029
433.111 0.6455 0.00581835
433.471 0.655479 0.00589431
433.831 0.661403 0.00615982
434.19 0.650969 0.00613336
434.55 0.63892 0.00606564
434.91 0.645625 0.00617944
435.269 0.64256 0.00611125
435.629 0.638333 0.00606194
435.988 0.643415 0.00606464
436.348 0.640813 0.00608905
436.707 0.642853 0.00620952
437.066 0.629786 0.00615337
437.426 0.631687 0.00613101
437.785 0.631499 0.00609096
438.144 0.631773 0.00608144
438.503 0.631293 0.00613676
438.862 0.633591 0.00616891
439.222 0.62836 0.00617313
439.581 0.625374 0.0062148
439.94 0.628634 0.00620872
440.299 0.617424 0.00594004
440.658 0.610947 0.00570761
441.017 0.616498 0.00571048
441.376 0.623287 0.00579119
441.734 0.624719 0.00587586
442.093 0.615112 0.00584731
442.452 0.60852 0.00577895
442.811 0.612487 0.00575185
443.169 0.617162 0.00579103
443.528 0.621549 0.00589755
443.887 0.615117 0.005891
444.245 0.607449 0.00585567
444.604 0.613375 0.00596222
444.962 0.614238 0.00600688
445.321 0.606367 0.00595824
445.679 0.604916 0.00592606
446.038 0.611652 0.00593213
446.396 0.607863 0.00597169
446.754 0.611154 0.0060784
447.112 0.606539 0.00607265
447.471 0.607687 0.00613504
447.829 0.604072 0.00614291
448.187 0.603646 0.0061185
448.545 0.601222 0.00609723
448.903 0.607329 0.0061405
449.261 0.605045 0.00614605
449.619 0.60827 0.00620953
449.977 0.605955 0.00621129
450.335 0.599832 0.00624549
450.693 0.606552 0.00630965
451.051 0.607148 0.00633263
451.409 0.601417 0.00628209
451.766 0.61191 0.00638461
452.124 0.613458 0.00646425
452.482 0.601099 0.00644628
452.839 0.603854 0.00650304
453.197 0.609005 0.00660978
453.555 0.604455 0.0065959
453.912 0.6151 0.00669187
454.27 0.597619 0.00645168
454.627 0.608941 0.00646083
454.984 0.603819 0.00640007
455.342 0.615171 0.00655326
455.699 0.61006 0.00658213
456.056 0.610578 0.00659716
456.414 0.604405 0.00647817
456.771 0.613534 0.00645969
457.128 0.61445 0.0064212
457.485 0.612384 0.00634267
457.842 0.613469 0.00638623
458.199 0.618902 0.00642686
458.556 0.614021 0.00634155
458.913 0.622487 0.00640472
459.27 0.623134 0.00635499
459.627 0.622054 0.00640942
459.984 0.614598 0.00634551
460.341 0.624448 0.006412
460.697 0.62478 0.00648017
461.054 0.637441 0.00670364
461.411 0.630862 0.00681437
461.767 0.625049 0.00686634
462.124 0.625562 0.00691069
462.481 0.630179 0.00682836
462.837 0.627043 0.00671883
463.194 0.628253 0.00657544
463.55 0.630014 0.00661979
463.907 0.628322 0.00645398
464.263 0.632549 0.00638421
464.619 0.633517 0.00629184
464.976 0.633819 0.00617851
465.332 0.641841 0.00619856
465.688 0.643907 0.00632104
466.044 0.645402 0.00658393
466.4 0.64945 0.00675589
466.756 0.644365 0.00678701
467.112 0.641901 0.00675142
467.468 0.647848 0.00681416
467.824 0.644961 0.00678844
468.18 0.648498 0.0069229
468.536 0.648311 0.00695651
468.892 0.643488 0.00700017
469.248 0.643476 0.00703234
469.604 0.644066 0.00709603
469.959 0.653906 0.00718154
470.315 0.642551 0.00708281
470.671 0.649087 0.0071275
471.026 0.650335 0.00707889
471.382 0.646696 0.00700286
471.737 0.644911 0.00692364
472.093 0.646039 0.00683649
472.448 0.648794 0.00675067
472.804 0.641845 0.00660021
473.159 0.648557 0.00660634
473.514 0.655878 0.00665002
473.87 0.644711 0.00652795
474.225 0.641344 0.00633425
474.58 0.641373 0.00619507
474.935 0.647765 0.00623238
475.29 0.655474 0.00635076
475.645 0.651536 0.00637318
476 0.645629 0.00634536
476.355 0.653066 0.00644336
476.71 0.645633 0.00642433
477.065 0.64588 0.00629845
477.42 0.640099 0.00612833
477.775 0.652803 0.00619936
478.13 0.643832 0.0061617
478.485 0.645935 0.00616727
478.839 0.643314 0.00611828
479.194 0.642824 0.00596307
479.549 0.639656 0.00582226
479.903 0.648616 0.00587205
480.258 0.652799 0.00598118
480.612 0.637144 0.00581138
480.967 0.631689 0.00567167
481.321 0.64302 0.00568903
481.675 0.648758 0.0058169
482.03 0.646201 0.00592488
482.384 0.632198 0.00588724
482.738 0.634959 0.00586806
483.093 0.639001 0.00586397
483.447 0.630316 0.00567962
483.801 0.628934 0.00552879
484.155 0.633241 0.00546391
484.509 0.606855 0.00496933
484.863 0.562256 0.00321175
485.217 0.615795 0.00294668
485.571 0.668656 0.00303758
485.925 0.716545 0.00383075
486.279 0.671947 0.00442035
486.632 0.613668 0.00461355
486.986 0.621822 0.00504149
487.34 0.632011 0.005459
487.694 0.628933 0.00563937
488.047 0.622557 0.00567708
488.401 0.620533 0.00566124
488.754 0.621333 0.00570032
489.108 0.621819 0.0057812
489.461 0.625612 0.00585817
489.815 0.619164 0.00589612
490.168 0.614651 0.00580524
490.522 0.61767 0.00580007
490.875 0.620589 0.00582137
491.228 0.616881 0.00583277
491.581 0.613196 0.00577928
491.935 0.615107 0.00580377
492.288 0.607326 0.00578553
492.641 0.611473 0.00577222
492.994 0.605877 0.00572944
493.347 0.610032 0.005714
493.7 0.605499 0.00566279
494.053 0.606959 0.00568819
494.406 0.616447 0.00580822
494.759 0.611974 0.00592195
495.111 0.593646 0.00569428
495.464 0.591568 0.00544238
495.817 0.59612 0.00530636
496.169 0.611133 0.00551978
496.522 0.61807 0.00576773
496.875 0.606521 0.00592874
497.227 0.593272 0.00590683
497.58 0.594988 0.00595281
497.932 0.601347 0.00593294
498.285 0.595687 0.00586349
498.637 0.591913 0.00570961
498.989 0.593991 0.00563716
499.342 0.596277 0.00565073
499.694 0.597377 0.0057697
500.046 0.598014 0.00587595
500.398 0.586111 0.00567859
500.751 0.583605 0.00556868
501.103 0.587477 0.00560142
501.455 0.586442 0.00558543
501.807 0.588187 0.0056034
502.159 0.588602 0.00560599
502.511 0.587625 0.00561041
502.862 0.587866 0.00562399
503.214 0.590474 0.00570845
503.566 0.588295 0.00580135
503.918 0.585283 0.00586277
504.27 0.579936 0.00581967
504.621 0.580242 0.00582568
504.973 0.584611 0.00590469
505.324 0.585778 0.00589031
505.676 0.578948 0.00575279
506.027 0.581908 0.00574087
506.379 0.592958 0.00597807
506.73 0.589101 0.00608911
507.082 0.572234 0.00594794
507.433 0.575045 0.00587514
507.784 0.581411 0.00586701
508.136 0.583841 0.00595458
508.487 0.582723 0.00597508
508.838 0.578292 0.00603562
509.189 0.577632 0.00603602
509.54 0.577388 0.00596591
509.891 0.58059 0.00604464
510.242 0.57835 0.00601301
510.593 0.576663 0.00604444
510.944 0.583295 0.00612332
511.295 0.584912 0.00622353
511.646 0.588101 0.00634855
511.996 0.582321 0.00628397
512.347 0.578534 0.00621678
512.698 0.586574 0.00624578
513.049 0.577593 0.00620981
513.399 0.593207 0.00638054
513.75 0.588354 0.00632523
514.1 0.589065 0.00638577
514.451 0.592649 0.00656951
514.801 0.592059 0.00661511
515.152 0.589765 0.00651792
515.502 0.584274 0.0063694
515.852 0.591348 0.00635097
516.202 0.591379 0.00634799
516.553 0.595561 0.00644162
516.903 0.597054 0.00654551
517.253 0.596973 0.00665427
517.603 0.601432 0.00672355
517.953 0.58842 0.00657691
518.303 0.594011 0.00650041
518.653 0.597651 0.00642192
519.003 0.60445 0.00651582
519.353 0.609349 0.00675377
519.703 0.608922 0.00695065
520.052 0.599104 0.00690521
520.402 0.599604 0.00689081
520.752 0.609697 0.00687258
521.102 0.606038 0.00687675
521.451 0.611444 0.00701337
521.801 0.606651 0.00696687
522.15 0.607262 0.00692524
522.5 0.604437 0.00682504
522.849 0.612724 0.00688998
523.199 0.607775 0.00677239
523.548 0.614026 0.00679014
523.897 0.612213 0.00676708
524.246 0.621976 0.00695954
524.596 0.624477 0.00708813
524.945 0.611256 0.00696417
525.294 0.616995 0.00698996
525.643 0.618754 0.00700708
525.992 0.621176 0.00700523
526.341 0.615483 0.00691862
526.69 0.627911 0.0070589
527.039 0.630915 0.00713849
527.388 0.620701 0.00712211
527.737 0.606361 0.00685268
528.086 0.619866 0.00671131
528.434 0.62624 0.00660574
528.783 0.636317 0.00674375
529.132 0.626908 0.00683259
529.48 0.627939 0.00695139
529.829 0.632501 0.00705098
530.177 0.632883 0.00709767
530.526 0.635671 0.00716063
530.874 0.625479 0.00702972
531.223 0.625607 0.00701538
531.571 0.63092 0.007042
531.919 0.626539 0.00703631
532.268 0.626113 0.0068516
532.616 0.625503 0.00661937
532.964 0.638016 0.00655674
533.312 0.637133 0.00656918
533.66 0.637309 0.00656848
534.008 0.630377 0.00651021
534.356 0.630609 0.00650112
534.704 0.641107 0.00662038
535.052 0.633774 0.0066424
535.4 0.633228 0.00677957
535.748 0.641396 0.00700679
536.095 0.637576 0.00716426
536.443 0.628145 0.00714405
536.791 0.629346 0.00703538
537.139 0.626576 0.00684553
537.486 0.63264 0.00673875
537.834 0.636249 0.00668663
538.181 0.639414 0.00667702
538.529 0.635367 0.00665713
538.876 0.641436 0.00670199
539.223 0.640042 0.0067662
539.571 0.63865 0.00690224
539.918 0.631417 0.00685878
540.265 0.629293 0.00672977
540.613 0.640517 0.00669079
540.96 0.641814 0.00674329
541.307 0.635772 0.00673417
541.654 0.639181 0.00679441
542.001 0.634392 0.00672141
542.348 0.633844 0.00673102
542.695 0.631194 0.00672492
543.042 0.630888 0.00662642
543.388 0.634161 0.00657275
543.735 0.633583 0.00654072
544.082 0.634124 0.00654397
544.429 0.633874 0.00654928
544.775 0.643654 0.0067352
545.122 0.640808 0.00691586
545.469 0.635666 0.00702821
545.815 0.632223 0.00700071
546.162 0.633705 0.00695784
546.508 0.626794 0.00677493
546.854 0.635574 0.00663906
547.201 0.630033 0.00631614
547.547 0.642288 0.00631175
547.893 0.638546 0.00639023
548.24 0.629229 0.00662219
548.586 0.634153 0.0070146
548.932 0.621513 0.0070448
549.278 0.621756 0.00712504
549.624 0.623886 0.00704254
549.97 0.636949 0.00719347
550.316 0.63201 0.00732423
550.662 0.627111 0.00734721
551.008 0.616594 0.00704517
551.353 0.626688 0.00670311
551.699 0.627089 0.00645383
552.045 0.639424 0.00665419
552.391 0.624494 0.00675007
552.736 0.623746 0.00678364
553.082 0.617572 0.00677636
553.427 0.625605 0.00689633
553.773 0.628195 0.00714944
554.118 0.618986 0.00717254
554.464 0.610349 0.00693196
554.809 0.612221 0.00669522
555.154 0.621818 0.00658732
555.5 0.626347 0.00665644
555.845 0.628796 0.00685898
556.19 0.60941 0.00690796
556.535 0.610615 0.00710955
556.88 0.608692 0.00704265
557.225 0.616735 0.00704067
557.57 0.61501 0.00711176
557.915 0.616315 0.00733487
558.26 0.608453 0.00736601
558.605 0.607753 0.00738676
558.95 0.603504 0.00724212
559.295 0.60483 0.0068961
559.639 0.607394 0.00662144
559.984 0.611627 0.00641347
560.329 0.612202 0.00634385
560.673 0.60955 0.00634569
561.018 0.610541 0.00650526
561.362 0.602879 0.00661462
561.707 0.597953 0.00676103
562.051 0.589426 0.00665642
562.395 0.596739 0.00667195
562.74 0.600477 0.00654141
563.084 0.59759 0.00642375
563.428 0.595919 0.00627038
563.772 0.600994 0.00632341
564.117 0.593563 0.00624033
564.461 0.594319 0.00621476
564.805 0.597718 0.00629929
565.149 0.593618 0.00625375
565.493 0.589163 0.00621179
565.836 0.590243 0.00612909
566.18 0.589855 0.00605622
566.524 0.582198 0.00565305
566.868 0.585985 0.00547708
567.212 0.58945 0.00538939
567.555 0.583278 0.00529571
567.899 0.580077 0.00507245
568.242 0.583938 0.00487298
568.586 0.579732 0.00457216
568.929 0.576942 0.00426723
569.273 0.580204 0.00402849
569.616 0.58283 0.00398715
569.96 0.576546 0.00391461
570.303 0.57135 0.00377998
570.646 0.571827 0.00372393
570.989 0.568933 0.00361281
571.333 0.571677 0.00361901
571.676 0.569716 0.0037175
572.019 0.565091 0.00401202
572.362 0.549979 0.00384416
572.705 0.556366 0.00358803
573.048 0.571389 0.00343537
573.391 0.571689 0.00332516
573.733 0.56636 0.00323591
574.076 0.56302 0.00319071
574.419 0.563375 0.00324001
574.762 0.556467 0.00339019
575.104 0.554275 0.00360493
575.447 0.544482 0.00362992
575.789 0.552315 0.00346377
576.132 0.562451 0.00326311
576.474 0.562495 0.00324283
576.817 0.561588 0.0030171
577.159 0.574315 0.00287852
577.501 0.58413 0.00286674
577.844 0.570022 0.00298688
578.186 0.546977 0.00326175
578.528 0.533508 0.00342166
578.87 0.535401 0.00344666
579.212 0.543741 0.00340329
579.554 0.556017 0.00330053
579.896 0.556122 0.0033254
580.238 0.552998 0.00320006
580.58 0.567195 0.00284414
580.922 0.617551 0.00285468
581.264 0.668792 0.00297068
581.606 0.57934 0.00278241
581.947 0.555735 0.00288203
582.289 0.537646 0.00311612
582.631 0.524339 0.00342062
582.972 0.520544 0.00366911
583.314 0.531394 0.00372303
583.655 0.544341 0.00368966
583.997 0.547628 0.00341089
584.338 0.556599 0.00316687
584.679 0.563261 0.00303986
585.021 0.56712 0.00307281
585.362 0.551573 0.00324335
585.703 0.540618 0.00345069
586.044 0.529988 0.00351076
586.385 0.541779 0.00337676
586.726 0.551135 0.0032387
587.067 0.561069 0.00332863
587.408 0.549683 0.00348781
587.749 0.541603 0.00362525
588.09 0.540216 0.00377981
588.431 0.543114 0.00398461
588.772 0.536931 0.00416978
589.113 0.539454 0.00413636
589.453 0.550805 0.00416003
589.794 0.553717 0.00425767
590.134 0.550442 0.00445735
590.475 0.543331 0.00457162
590.815 0.545833 0.00457267
591.156 0.553848 0.00459742
591.496 0.554049 0.00455503
591.837 0.552891 0.0039469
592.177 0.568322 0.00361604
592.517 0.574756 0.00341017
592.857 0.567563 0.00351839
593.198 0.556136 0.00368731
593.538 0.541801 0.0039913
593.878 0.539849 0.00419585
594.218 0.541171 0.00411765
594.558 0.560298 0.00400779
594.898 0.564775 0.004078
595.237 0.558508 0.00426812
595.577 0.550706 0.00452575
595.917 0.545892 0.00476694
596.257 0.555551 0.00470252
596.596 0.559777 0.004591
596.936 0.573402 0.00450159
597.276 0.56446 0.00463367
597.615 0.56423 0.00463191
597.955 0.564819 0.00416254
598.294 0.581027 0.00387437
598.633 0.580179 0.00382888
598.973 0.574478 0.00395524
599.312 0.56347 0.00393782
599.651 0.566793 0.00394174
599.991 0.571249 0.00406156
600.33 0.565936 0.00408589
600.669 0.565317 0.00420615
601.008 0.568899 0.00434561
601.347 0.563639 0.00450746
601.686 0.572113 0.00445562
602.025 0.576004 0.00446997
602.364 0.577329 0.0042952
602.702 0.5839 0.00423858
603.041 0.586243 0.0042263
603.38 0.577891 0.00435078
603.719 0.57761 0.0045682
604.057 0.567639 0.00469059
604.396 0.5728 0.00471593
604.734 0.577129 0.00462088
605.073 0.591298 0.00427179
605.411 0.595812 0.00429018
605.75 0.589222 0.00435165
606.088 0.574681 0.00456713
606.426 0.579231 0.00453146
606.764 0.58624 0.00448208
607.103 0.584938 0.00453262
607.441 0.580459 0.00471587
607.779 0.583313 0.0048632
608.117 0.587166 0.00485534
608.455 0.591748 0.00501598
608.793 0.578394 0.00509475
609.131 0.592424 0.00487865
609.469 0.602959 0.0047418
609.806 0.604968 0.00473231
610.144 0.588803 0.00501009
610.482 0.584743 0.00513933
610.819 0.593976 0.00514944
611.157 0.595181 0.00517243
611.495 0.594238 0.00533547
611.832 0.592463 0.00539028
612.17 0.593994 0.00535859
612.507 0.603918 0.0053317
612.844 0.600019 0.00535669
613.182 0.603443 0.0054006
613.519 0.602853 0.00536726
613.856 0.600418 0.00532202
614.193 0.597015 0.00528878
614.53 0.60438 0.00519534
614.867 0.604197 0.00512348
615.205 0.609525 0.00540895
615.541 0.597514 0.00552314
615.878 0.58288 0.00571578
616.215 0.600457 0.00580821
616.552 0.601328 0.00584203
616.889 0.605231 0.00577402
617.226 0.614757 0.00571337
617.562 0.605477 0.00577044
617.899 0.6061 0.00612182
618.235 0.595732 0.00640838
618.572 0.592087 0.00666703
618.908 0.605237 0.00661669
619.245 0.609636 0.00634881
619.581 0.621685 0.00624104
619.918 0.624227 0.00659539
620.254 0.596033 0.00727177
620.59 0.585447 0.00753191
620.926 0.604442 0.00724299
621.262 0.631341 0.00699639
621.599 0.629491 0.006858
621.935 0.625234 0.00686558
622.271 0.628956 0.00663439
622.606 0.625759 0.00642061
622.942 0.630175 0.00652189
623.278 0.614784 0.00669233
623.614 0.609008 0.00640618
623.95 0.616934 0.00634465
624.285 0.618257 0.00642498
624.621 0.613542 0.00673824
624.957 0.605616 0.00694258
625.292 0.607692 0.00710962
625.628 0.610464 0.00740178
625.963 0.606656 0.00747436
626.299 0.617493 0.00740678
626.634 0.619589 0.00729032
626.969 0.626745 0.00741726
627.304 0.621709 0.00786722
627.64 0.600047 0.00834439
627.975 0.606109 0.00842542
628.31 0.60772 0.00804158
628.645 0.630942 0.00787007
628.98 0.623433 0.0079557
629.315 0.623637 0.00805937
629.65 0.611623 0.00805935
629.985 0.612709 0.00807441
630.319 0.617743 0.00843255
630.654 0.60384 0.00848563
630.989 0.613306 0.00849742
631.323 0.621482 0.00872041
631.658 0.623935 0.00899139
631.993 0.611837 0.00931724
632.327 0.612257 0.0094038
632.662 0.614787 0.00940377
632.996 0.630784 0.0093971
633.33 0.641511 0.00938932
633.665 0.635191 0.00950492
633.999 0.614044 0.00960248
634.333 0.621604 0.0097877
634.667 0.623618 0.00981018
635.001 0.618952 0.00949754
635.335 0.615789 0.00918444
635.669 0.624954 0.00887793
636.003 0.632649 0.00893666
636.337 0.615214 0.00915968
636.671 0.607197 0.00954611
637.005 0.599484 0.0098834
637.339 0.607809 0.00998527
637.672 0.617144 0.00980145
638.006 0.638823 0.00971572
638.339 0.63075 0.00963517
638.673 0.627763 0.00994632
639.006 0.613371 0.0100663
639.34 0.615338 0.0101874
639.673 0.620548 0.0103309
640.007 0.623778 0.0103721
640.34 0.619659 0.0104357
640.673 0.627687 0.0107298
641.006 0.631567 0.0108767
641.34 0.62732 0.0109246
641.673 0.627436 0.0111901
642.006 0.625509 0.0113817
642.339 0.631393 0.0113031
642.672 0.637172 0.0112536
643.004 0.631991 0.0112557
643.337 0.626099 0.011443
643.67 0.618785 0.0114839
644.003 0.606231 0.0111735
644.336 0.617269 0.0113426
644.668 0.627625 0.0114698
645.001 0.630254 0.0116347
645.333 0.631834 0.0118226
645.666 0.621363 0.0120573
645.998 0.630273 0.0124472
646.331 0.603864 0.012189
646.663 0.61034 0.0122367
646.995 0.622649 0.0117502
647.327 0.635155 0.0110951
647.66 0.630521 0.0102651
647.992 0.625068 0.0099539
648.324 0.62774 0.00988596
648.656 0.617813 0.00993138
648.988 0.611194 0.010196
649.32 0.601009 0.0106817
649.652 0.59461 0.0112592
649.983 0.587963 0.0114936
650.315 0.590109 0.0116836
650.647 0.592272 0.0115101
650.979 0.610665 0.0111964
651.31 0.615235 0.0108228
651.642 0.605673 0.0103465
651.973 0.600548 0.0102671
652.305 0.605868 0.0103052
652.636 0.598 0.0102865
652.967 0.596229 0.010558
653.299 0.587443 0.0106654
653.63 0.574414 0.0105969
653.961 0.591253 0.0102364
654.292 0.592495 0.0085651
654.623 0.578764 0.00351213
654.955 0.90275 0.00343846
655.286 0.902695 0.00343825
655.616 0.902639 0.00343803
655.947 0.902582 0.00343782
656.278 0.902524 0.0034376
656.609 0.375018 0.00221584
656.94 0.302157 0.00250136
657.27 0.283624 0.0028715
657.601 0.299567 0.00338174
657.932 0.337849 0.00427133
658.262 0.387068 0.00558121
658.593 0.447867 0.00732818
658.923 0.501954 0.0092745
659.254 0.532971 0.0106454
659.584 0.567304 0.0117984
659.914 0.569863 0.012372
660.244 0.579782 0.0129045
660.575 0.6067 0.0132825
660.905 0.606553 0.0132828
661.235 0.605934 0.0131012
661.565 0.610725 0.0129976
661.895 0.612779 0.012986
662.225 0.605948 0.013099
662.555 0.610158 0.0132598
662.884 0.595678 0.0130918
663.214 0.600998 0.0129003
663.544 0.602974 0.0127481
663.873 0.610553 0.0128096
664.203 0.594249 0.0122559
664.533 0.604924 0.0122679
664.862 0.611776 0.012158
665.192 0.597555 0.0122294
665.521 0.597089 0.0127627
665.85 0.592876 0.0132729
666.18 0.598043 0.0138252
666.509 0.583819 0.0136072
666.838 0.607679 0.0138227
667.167 0.605041 0.0135641
667.496 0.613936 0.0137367
667.825 0.589812 0.0133941
668.154 0.585195 0.0133827
668.483 0.609619 0.013682
668.812 0.594644 0.0132207
669.141 0.604147 0.013209
669.47 0.590758 0.0127475
669.798 0.591463 0.0128485
670.127 0.600897 0.0132564
670.456 0.579277 0.0124941
670.784 0.598738 0.0114457
671.113 0.594909 0.0104042
671.441 0.579106 0.00957545
671.77 0.578182 0.00961685
672.098 0.571872 0.00990902
672.426 0.56393 0.0107748
672.755 0.547256 0.0113713
673.083 0.557016 0.0118293
673.411 0.571158 0.0120762
673.739 0.569884 0.0121406
674.067 0.55543 0.012365
674.395 0.56403 0.0127721
674.723 0.554713 0.0123118
675.051 0.582786 0.0124808
675.379 0.589538 0.0125981
675.706 0.576361 0.0124409
676.034 0.566126 0.012578
676.362 0.578086 0.0129354
676.689 0.560167 0.012089
677.017 0.57482 0.0113399
677.344 0.572677 0.0108316
677.672 0.570817 0.0108332
677.999 0.575517 0.0112078
678.327 0.567992 0.0109559
678.654 0.557086 0.0102782
678.981 0.569333 0.0101004
679.308 0.563087 0.00999129
679.636 0.553578 0.0102732
679.963 0.548495 0.0107283
680.29 0.550811 0.0110734
680.617 0.551984 0.0108888
680.944 0.559433 0.0107491
681.271 0.55774 0.0107792
681.597 0.550544 0.0113331
681.924 0.538636 0.0119829
682.251 0.55687 0.0125034
682.578 0.556203 0.0119388
682.904 0.559421 0.0112152
683.231 0.574949 0.0108516
683.557 0.560779 0.0104236
683.884 0.557514 0.010162
684.21 0.559875 0.00986484
684.536 0.55155 0.00945284
684.863 0.562335 0.0094289
685.189 0.553547 0.00938348
685.515 0.54546 0.00972177
685.841 0.538845 0.0100604
686.167 0.536752 0.0101923
686.493 0.539755 0.00998791
686.819 0.548344 0.0101217
687.145 0.535949 0.0103538
687.471 0.531419 0.0110422
687.797 0.541288 0.0117088
688.123 0.534211 0.0115281
688.448 0.55657 0.0115849
688.774 0.558459 0.0111496
689.1 0.559784 0.0112796
689.425 0.558669 0.0116685
689.751 0.54702 0.0117817
690.076 0.54507 0.0113564
690.402 0.554379 0.0106639
690.727 0.56236 0.0103586
691.052 0.56429 0.0104939
691.377 0.555424 0.0107934
691.703 0.551335 0.010973
692.028 0.553627 0.0111712
692.353 0.552476 0.0108387
692.678 0.549525 0.0108038
693.003 0.547312 0.0109373
693.328 0.547084 0.0118596
693.652 0.555793 0.0126763
693.977 0.553533 0.0125352
694.302 0.552428 0.0119096
694.627 0.561859 0.0115708
694.951 0.569959 0.0120225
695.276 0.568191 0.0129581
695.6 0.553254 0.0133884
695.925 0.563583 0.0122937
696.249 0.576521 0.0108839
696.574 0.569624 0.00997288
696.898 0.579668 0.0102846
697.222 0.546529 0.0105381
697.546 0.539578 0.0109339
697.871 0.551393 0.0114056
698.195 0.561995 0.0116449
698.519 0.549429 0.0117358
698.843 0.55136 0.0120342
699.167 0.545888 0.0124243
699.491 0.560665 0.013038
699.814 0.573715 0.0135073
700.138 0.559584 0.0133079
700.462 0.577947 0.0136439
700.786 0.568116 0.0135472
701.109 0.571509 0.0132852
701.433 0.579513 0.0128202
701.756 0.581569 0.012435
702.08 0.58043 0.0123435
702.403 0.576794 0.0124134
702.726 0.566204 0.0128022
703.05 0.566976 0.0132417
703.373 0.577304 0.0136298
703.696 0.582345 0.0136694
704.019 0.579887 0.0140606
704.342 0.582872 0.0145307
704.665 0.582871 0.0150706
704.988 0.571499 0.0150964
705.311 0.592952 0.0146704
705.634 0.593809 0.013412
705.957 0.592995 0.0119817
706.28 0.59035 0.0110199
706.602 0.586633 0.0106368
706.925 0.578697 0.0106635
707.247 0.570222 0.0109854
707.57 0.571748 0.0115213
707.892 0.560583 0.0116874
708.215 0.556157 0.0121711
708.537 0.552448 0.0126283
708.859 0.582035 0.0132137
709.182 0.576145 0.0130744
709.504 0.573825 0.012577
709.826 0.586903 0.012457
710.148 0.592076 0.0125991
710.47 0.587216 0.0128636
710.792 0.587752 0.0132611
711.114 0.565544 0.0134001
711.436 0.578064 0.0140187
711.758 0.577639 0.0138391
712.079 0.580828 0.0137034
712.401 0.606139 0.0135472
712.723 0.585828 0.012664
713.044 0.598724 0.0121963
713.366 0.603925 0.0119224
713.687 0.588989 0.0117327
714.009 0.587081 0.012123
714.33 0.583958 0.0123034
714.652 0.580189 0.0126317
714.973 0.594298 0.0131949
715.294 0.574039 0.0135569
715.615 0.581316 0.0144794
715.936 0.583244 0.0148812
716.257 0.588577 0.0152082
716.578 0.617761 0.0156752
716.899 0.624222 0.015544
717.22 0.610307 0.0143412
717.541 0.611538 0.013976
717.862 0.59703 0.0134924
718.182 0.605196 0.013794
718.503 0.601632 0.013389
718.824 0.616733 0.0137326
719.144 0.615061 0.0138772
719.465 0.596506 0.0140417
719.785 0.59434 0.0139041
720.105 0.601812 0.0135985
720.426 0.600934 0.0134674
720.746 0.621782 0.0138949
721.066 0.607021 0.0137928
721.386 0.595536 0.0138219
721.706 0.609434 0.0143616
722.026 0.603381 0.0144593
722.346 0.614519 0.0148589
722.666 0.611756 0.0147143
722.986 0.621805 0.0145234
723.306 0.634015 0.014715
723.626 0.62169 0.0148435
723.946 0.620348 0.0148469
724.265 0.608685 0.0141007
724.585 0.630681 0.0136169
724.904 0.614235 0.0130583
725.224 0.624801 0.0132863
725.543 0.621373 0.0132308
725.863 0.609775 0.0131248
726.182 0.599844 0.0133455
726.501 0.614069 0.014043
726.82 0.620239 0.0142308
727.14 0.609786 0.0135938
727.459 0.628356 0.0134936
727.778 0.612756 0.0131167
728.097 0.618967 0.013364
728.416 0.598423 0.0129708
728.734 0.618155 0.0128722
729.053 0.61612 0.0126439
729.372 0.62962 0.012773
729.691 0.600823 0.0122271
730.009 0.612014 0.0116707
730.328 0.607974 0.0112657
730.647 0.624931 0.0113769
730.965 0.613782 0.0115495
731.283 0.609033 0.0119591
731.602 0.603469 0.0122134
731.92 0.60865 0.0121724
732.238 0.605364 0.0118169
732.557 0.604573 0.0115064
732.875 0.607702 0.0114878
733.193 0.612233 0.0109119
733.511 0.620624 0.0105674
733.829 0.614547 0.0106089
734.147 0.599329 0.011127
734.465 0.596367 0.011753
734.782 0.591581 0.0116994
735.1 0.598188 0.0116148
735.418 0.598096 0.0114972
735.735 0.589905 0.0113438
736.053 0.608704 0.0115931
736.371 0.604859 0.0115153
736.688 0.593915 0.0117342
737.005 0.605277 0.0125544
737.323 0.585872 0.0129653
737.64 0.615547 0.0134789
737.957 0.624231 0.0131214
738.274 0.621824 0.0119285
738.592 0.62651 0.0114442
738.909 0.61874 0.0115075
739.226 0.611724 0.0124015
739.543 0.590312 0.0131515
739.86 0.586203 0.0137347
740.176 0.595438 0.0144222
740.493 0.627713 0.0154815
740.81 0.610403 0.0154955
741.127 0.601288 0.0150316
741.443 0.636975 0.0149816
741.76 0.629921 0.0141934
742.076 0.626971 0.0140833
742.393 0.626471 0.0145705
742.709 0.621954 0.0153735
743.025 0.613557 0.0158938
743.342 0.624124 0.0158566
743.658 0.644207 0.0158641
743.974 0.651095 0.0156215
744.29 0.626977 0.0150464
744.606 0.634943 0.0154285
744.922 0.646468 0.0157033
745.238 0.625973 0.0154702
745.554 0.633998 0.0158286
745.87 0.628957 0.0159106
746.186 0.629433 0.0155345
746.501 0.646034 0.015169
746.817 0.631314 0.014876
747.132 0.628589 0.0157307
747.448 0.601417 0.0161968
747.763 0.611298 0.0164195
748.079 0.621914 0.0159803
748.394 0.637509 0.0150325
748.71 0.638484 0.0140448
749.025 0.617227 0.0128613
749.34 0.617736 0.0125915
749.655 0.601086 0.0125002
749.97 0.613458 0.0131293
750.285 0.595128 0.0131158
750.6 0.610721 0.0131469
750.915 0.588726 0.0124253
751.23 0.596557 0.0126233
751.545 0.580838 0.0128208
751.859 0.600077 0.0136705
752.174 0.597393 0.0141392
752.489 0.599656 0.0134378
752.803 0.613666 0.0128405
753.118 0.609264 0.0125236
753.432 0.596821 0.012658
753.747 0.60435 0.0133074
754.061 0.60137 0.0130288
754.375 0.59148 0.0123538
754.689 0.603801 0.0121197
755.004 0.597768 0.0118487
755.318 0.596858 0.0116909
755.632 0.598582 0.0112346
755.946 0.605995 0.0110092
756.26 0.600944 0.0105858
756.573 0.598371 0.00996694
756.887 0.590567 0.00961008
757.201 0.5821 0.00956959
757.515 0.570762 0.0102461
757.828 0.559996 0.0109474
758.142 0.554967 0.0110296
758.455 0.562999 0.0104352
758.769 0.583113 0.0100288
759.082 0.587153 0.00987722
759.396 0.58153 0.00960622
759.709 0.58153 0.0095173
760.022 0.574234 0.00940543
760.335 0.573559 0.00981745
760.648 0.554904 0.010275
760.962 0.546553 0.0109731
761.275 0.539075 0.0115645
761.587 0.544789 0.0119073
761.9 0.570749 0.0122746
762.213 0.565178 0.0118446
762.526 0.588063 0.0116393
762.839 0.589363 0.0116007
763.151 0.583159 0.0112537
763.464 0.576623 0.0106198
763.776 0.597726 0.0101106
764.089 0.583178 0.00956624
764.401 0.578332 0.00978181
764.714 0.555112 0.0100784
765.026 0.551234 0.0106986
765.338 0.534381 0.011191
765.65 0.547916 0.0122655
765.962 0.532473 0.0127356
766.275 0.557029 0.0135767
766.587 0.552813 0.0137043
766.898 0.557534 0.0133929
767.21 0.587621 0.0131635
767.522 0.597592 0.0122295
767.834 0.591561 0.0115736
768.146 0.579066 0.0114836
768.457 0.575428 0.0118908
768.769 0.553678 0.0123065
769.08 0.555207 0.0126346
769.392 0.57901 0.0125158
769.703 0.571227 0.0117824
770.015 0.571479 0.0113037
770.326 0.575264 0.011259
770.637 0.571901 0.0115725
770.948 0.568932 0.01233
771.26 0.54196 0.0128776
771.571 0.552273 0.013223
771.882 0.566397 0.0133702
772.193 0.56439 0.0130337
772.504 0.563452 0.0132168
772.814 0.573383 0.0138642
773.125 0.555303 0.0138519
773.436 0.545917 0.0140483
773.747 0.562079 0.0147314
774.057 0.578839 0.0153565
774.368 0.584202 0.0154834
774.678 0.590623 0.0159434
774.989 0.589609 0.0163812
775.299 0.594394 0.0168954
775.609 0.584271 0.0167605
775.919 0.584609 0.0165835
776.23 0.584747 0.0163923
776.54 0.593002 0.0167667
776.85 0.582599 0.0164781
777.16 0.586885 0.0164323
777.47 0.589113 0.0157395
777.78 0.603838 0.0150157
778.089 0.581645 0.0139206
778.399 0.587952 0.0139583
778.709 0.563296 0.0139402
779.019 0.569053 0.0148135
779.328 0.569587 0.0157737
779.638 0.558965 0.0156938
779.947 0.585108 0.0150471
780.257 0.576667 0.0134589
780.566 0.571664 0.0127704
780.875 0.554926 0.0126182
781.185 0.545027 0.0131422
781.494 0.543935 0.0136265
781.803 0.526718 0.0134957
782.112 0.53534 0.013973
782.421 0.54238 0.013965
782.73 0.542366 0.0136811
783.039 0.553856 0.0138507
783.348 0.532902 0.0142592
783.656 0.551953 0.0157788
783.965 0.533306 0.015728
784.274 0.551362 0.0156492
784.582 0.568476 0.0153754
784.891 0.570788 0.015116
785.199 0.54548 0.0148744
785.508 0.549183 0.0155121
785.816 0.555279 0.0158684
786.124 0.566936 0.0160171
786.432 0.55391 0.0148481
786.741 0.550002 0.0142488
787.049 0.557012 0.0141656
787.357 0.534675 0.0138478
787.665 0.525353 0.0136603
787.973 0.547728 0.0140845
788.281 0.537164 0.0143905
788.588 0.51703 0.0146914
788.896 0.517191 0.0155822
789.204 0.52377 0.0161735
789.511 0.53789 0.0166745
789.819 0.53529 0.0167119
790.126 0.529783 0.0167529
790.434 0.557503 0.017313
790.741 0.565768 0.0175816
791.049 0.56821 0.0173923
791.356 0.555183 0.0176507
791.663 0.584751 0.0190381
791.97 0.558891 0.0182371
792.277 0.611693 0.0197015
792.584 0.585314 0.0179159
792.891 0.54552 0.0152024
793.198 0.553771 0.0140959
793.505 0.550975 0.0136869
793.812 0.527562 0.0135421
794.119 0.519196 0.0138329
794.425 0.50936 0.0139609
794.732 0.50851 0.0145586
795.038 0.520131 0.0163127
795.345 0.520386 0.0175513
795.651 0.536413 0.0188125
795.958 0.528719 0.0189177
796.264 0.538143 0.0183696
796.57 0.561511 0.0177113
796.876 0.561113 0.0172503
797.183 0.55981 0.0176478
797.489 0.549679 0.0181698
797.795 0.543183 0.0182297
798.101 0.580358 0.0190639
798.406 0.566853 0.0186658
798.712 0.550341 0.0186124
799.018 0.572294 0.0196521
799.324 0.57011 0.0197756
799.629 0.563677 0.019855
799.935 0.569077 0.0199858
800.24 0.553711 0.0198551
800.546 0.554595 0.0197016
800.851 0.602248 0.0214097
801.157 0.587243 0.0214307
801.462 0.567344 0.0213837
801.767 0.591976 0.0220825
802.072 0.564232 0.0207517
802.377 0.58326 0.0203882
802.682 0.553813 0.0193723
802.987 0.527487 0.0189943
803.292 0.589015 0.021206
803.597 0.580582 0.0213981
803.902 0.595345 0.0217467
804.207 0.574305 0.0207525
804.511 0.57046 0.0203268
804.816 0.526797 0.0189417
805.12 0.556685 0.0181
805.425 0.548259 0.0168619
805.729 0.548452 0.0167633
806.034 0.540171 0.0171491
806.338 0.500945 0.0171394
806.642 0.529301 0.0183476
806.946 0.500032 0.0177887
807.251 0.516716 0.0180902
807.555 0.537917 0.0183892
807.859 0.516512 0.017877
808.162 0.53756 0.0183226
808.466 0.544962 0.019169
808.77 0.539833 0.0194996
809.074 0.529894 0.0197705
809.378 0.55793 0.0207109
809.681 0.573644 0.0214028
809.985 0.556453 0.0209647
810.288 0.562856 0.0207806
810.592 0.573556 0.021692
810.895 0.58972 0.0221206
811.198 0.541533 0.0215886
811.502 0.608055 0.0243669
811.805 0.580654 0.0234239
812.108 0.616456 0.0247093
812.411 0.617504 0.0235358
812.714 0.573776 0.020556
813.017 0.541849 0.0189048
813.32 0.543781 0.0188977
813.623 0.515541 0.018605
813.926 0.560832 0.0212494
814.228 0.584712 0.0225848
814.531 0.583969 0.0232386
814.833 0.556245 0.0229251
815.136 0.58582 0.0235779
815.438 0.615111 0.0246891
815.741 0.614663 0.0243726
816.043 0.61226 0.0239701
816.345 0.578024 0.0224167
816.648 0.583311 0.0226944
816.95 0.58912 0.0231243
817.252 0.606151 0.0240137
817.554 0.573459 0.0234159
817.856 0.603127 0.0245521
818.158 0.606694 0.0252548
818.46 0.645236 0.0266506
818.761 0.613766 0.0254991
819.063 0.648582 0.0261761
819.365 0.654793 0.0259524
819.666 0.628772 0.0239701
819.968 0.607442 0.0227943
820.269 0.57151 0.0212026
820.571 0.568009 0.0217163
820.872 0.568176 0.0224793
821.173 0.589289 0.0238604
821.475 0.605586 0.024687
821.776 0.630826 0.0254419
822.077 0.624672 0.025447
822.378 0.585818 0.0242024
822.679 0.624357 0.0256522
822.98 0.64818 0.0265929
823.281 0.667869 0.0275125
823.581 0.661287 0.0271955
823.882 0.671509 0.0279667
824.183 0.643787 0.0266877
824.483 0.620767 0.025671
824.784 0.566078 0.0231365
825.084 0.565913 0.0233743
825.385 0.558562 0.0228562
825.685 0.618395 0.0249464
825.985 0.640608 0.0261086
826.286 0.605763 0.0252658
826.586 0.58964 0.0240766
826.886 0.60144 0.0241845
827.186 0.584163 0.0235221
827.486 0.59799 0.0247232
827.786 0.608763 0.0258275
828.086 0.646188 0.026932
828.386 0.621222 0.0254929
828.685 0.598604 0.0250164
828.985 0.652435 0.0270134
829.285 0.642446 0.0268954
829.584 0.624076 0.0266269
829.884 0.64525 0.0279222
830.183 0.678257 0.0288349
830.482 0.712489 0.0307019
830.782 0.679158 0.0302533
831.081 0.791335 0.0345479
831.38 0.759424 0.0331279
831.679 0.644915 0.0284178
831.978 0.663194 0.0288059
832.277 0.637137 0.027704
832.576 0.678983 0.0289102
832.875 0.695622 0.0294901
833.174 0.659778 0.0280925
833.472 0.696162 0.0298727
833.771 0.645695 0.0281365
834.07 0.647423 0.0275804
834.368 0.632099 0.0274114
834.667 0.649571 0.0283588
834.965 0.681279 0.0296152
835.263 0.696509 0.0301887
835.562 0.673749 0.0294144
835.86 0.696145 0.0299504
836.158 0.680424 0.0305166
836.456 0.744293 0.0334768
836.754 0.682224 0.0303133
837.052 0.690458 0.0313263
837.35 0.681547 0.0306546
837.648 0.761436 0.0339474
837.946 0.703037 0.031495
838.243 0.752324 0.0334469
838.541 0.686248 0.0317439
838.839 0.659963 0.029873
839.136 0.709006 0.0315741
839.434 0.692139 0.0311399
839.731 0.710358 0.0305777
840.028 0.749784 0.0335129
840.326 0.682314 0.0306275
840.623 0.729747 0.0325252
840.92 0.742429 0.0329978
841.217 0.761476 0.0348448
841.514 0.757462 0.0338274
841.811 0.656075 0.0309655
842.108 0.777191 0.0338846
842.405 0.726306 0.0330981
842.701 0.682541 0.031058
842.998 0.730476 0.0333471
843.295 0.731754 0.0328095
843.591 0.699073 0.0328088
843.888 0.759053 0.034121
844.184 0.792944 0.035362
844.481 0.769336 0.033966
844.777 0.801176 0.0362334
845.073 0.774809 0.0350919
845.369 0.703284 0.0326611
845.665 0.802787 0.0358009
845.962 0.773566 0.0348736
846.258 0.751796 0.0350211
846.553 0.813671 0.0370575
846.849 0.802363 0.0355819
847.145 0.750904 0.033852
847.441 0.762017 0.0345932
847.737 0.841961 0.0374216
848.032 0.746336 0.0337927
848.328 0.763203 0.0342099
848.623 0.905327 0.0408253
848.919 0.789448 0.0360926
849.214 0.777149 0.0351367
849.509 0.841525 0.0374337
849.805 0.800121 0.0356219
850.1 0.795053 0.0361563
850.395 0.838083 0.0381021
850.69 0.823018 0.0375494
850.985 0.754571 0.0342351
851.28 0.79373 0.0358136
851.575 0.7661 0.034537
851.869 0.744922 0.0341992
852.164 0.751757 0.0338416
852.459 0.715301 0.0316856
852.753 0.680105 0.0302278
853.048 0.647114 0.0288505
853.342 0.613252 0.0270003
853.637 0.680964 0.0290692
853.931 0.612659 0.027564
854.225 0.654474 0.0287365
854.52 0.654784 0.0288052
854.814 0.701231 0.030606
855.108 0.730196 0.0326283
855.402 0.69592 0.0310967
855.696 0.728103 0.0325254
855.99 0.695096 0.0315738
856.283 0.710547 0.0317772
856.577 0.703671 0.0314519
856.871 0.706659 0.0312507
857.164 0.70858 0.0321766
857.458 0.75849 0.0341154
857.751 0.693983 0.0318037
858.045 0.793281 0.0356701
858.338 0.723434 0.0326325
858.632 0.814847 0.0361961
858.925 0.773643 0.035162
859.218 0.804889 0.0360372
859.511 0.802747 0.0356386
859.804 0.802281 0.0365066
860.097 0.756142 0.0342265
860.39 0.806323 0.0363504
860.683 0.768313 0.0350226
860.976 0.815371 0.0372006
861.268 0.796859 0.0363992
861.561 0.823583 0.036948
861.854 0.814358 0.0368832
862.146 0.814174 0.0372894
862.439 0.782204 0.0357298
862.731 0.808516 0.0365232
863.023 0.761966 0.0346516
863.316 0.762144 0.0352222
863.608 0.677594 0.0314969
863.9 0.830441 0.0381712
864.192 0.760703 0.0351985
864.484 0.774611 0.0362181
864.776 0.773375 0.034805
865.068 0.817476 0.0374406
865.36 0.812133 0.036793
865.651 0.785017 0.0362356
865.943 0.784735 0.0371084
866.235 0.788259 0.0364958
866.526 0.813795 0.0378395
866.818 0.805163 0.0373237
867.109 0.802258 0.0375342
867.4 0.801972 0.0363117
867.692 0.814593 0.0367763
867.983 0.785186 0.0359939
868.274 0.769585 0.0352998
868.565 0.785186 0.0360583
868.856 0.823395 0.0375999
869.147 0.795878 0.0365059
869.438 0.902569 0.0408783
869.729 0.854058 0.0396026
870.02 0.879697 0.0397269
870.31 0.830175 0.0385067
870.601 0.806434 0.0365667
870.892 0.826265 0.0379224
871.182 0.889483 0.0398927
871.473 0.764814 0.0358716
871.763 0.863081 0.0390559
872.053 0.830875 0.03783
872.343 0.788655 0.0363377
872.634 0.838131 0.0391517
872.924 0.964662 0.0431173
873.214 0.809642 0.0377158
873.504 0.837929 0.0387482
873.794 0.802082 0.0373981
874.084 0.786304 0.0366624
874.373 0.887884 0.0402483
874.663 0.796453 0.0367635
874.953 0.889887 0.0405404
875.242 0.848531 0.0390143
875.532 0.789584 0.0365348
875.821 0.865967 0.039697
876.111 0.818255 0.0374653
876.4 0.788139 0.0360433
876.689 0.790978 0.036227
876.978 0.80793 0.0375092
877.268 0.805457 0.0373715
877.557 0.826868 0.037826
877.846 0.844297 0.0384411
878.134 0.84982 0.0395633
878.423 0.849976 0.0395706
878.712 0.850133 0.0395779
